2  353.014	6.877613e+01	2.224857e+00	1.204755e-01	-9.443225e-01	-3.253115e-01	
1  351.056	6.887537e+01	2.242083e+00	1.198221e-01	-9.612844e-01	-3.491265e-01	
2  347.013	6.876711e+01	2.257978e+00	1.201083e-01	-9.910285e-01	-3.681149e-01	
1  345.261	6.791431e+01	2.224014e+00	1.201257e-01	-9.870547e-01	-3.308049e-01	
4  345.28	6.794203e+01	2.224482e+00	1.213294e-01	-9.900229e-01	-3.089528e-01	
1  344.476	6.784083e+01	2.227799e+00	1.211095e-01	-1.012781e+00	-2.863710e-01	
2  344.369	6.762773e+01	2.240010e+00	1.217147e-01	-1.041606e+00	-2.611883e-01	
2  344.317	6.771567e+01	2.212784e+00	1.213480e-01	-1.053467e+00	-1.995886e-01	
1  344.484	6.768935e+01	2.244595e+00	1.192208e-01	-1.022286e+00	-2.467869e-01	
4  343.466	6.815210e+01	2.212082e+00	1.210399e-01	-1.076661e+00	-2.602749e-01	
5  344.044	6.843951e+01	2.215853e+00	1.201573e-01	-1.055996e+00	-2.446652e-01	
1  343.341	6.818284e+01	2.210549e+00	1.215619e-01	-1.064425e+00	-3.420663e-01	
1  343.598	6.791985e+01	2.244498e+00	1.207585e-01	-1.043167e+00	-3.890961e-01	
4  343.097	6.837293e+01	2.243079e+00	1.197651e-01	-1.078024e+00	-3.943493e-01	
3  343.345	6.832637e+01	2.246699e+00	1.195004e-01	-1.040899e+00	-4.036295e-01	
2  344.048	6.857846e+01	2.267769e+00	1.187012e-01	-1.021884e+00	-4.175308e-01	
1  343.945	6.792589e+01	2.245390e+00	1.210940e-01	-1.001809e+00	-4.174649e-01	
1  343.75	6.780614e+01	2.245425e+00	1.210241e-01	-1.015098e+00	-4.436959e-01	
4  343.984	6.772776e+01	2.235597e+00	1.217000e-01	-1.010151e+00	-4.154347e-01	
3  343.209	6.831314e+01	2.256164e+00	1.203098e-01	-1.037677e+00	-4.427034e-01	
1  343.131	6.829668e+01	2.263448e+00	1.219575e-01	-1.055229e+00	-4.795900e-01	
3  344.12	6.854882e+01	2.263472e+00	1.234987e-01	-1.002350e+00	-5.079642e-01	
1  343.737	6.785749e+01	2.253928e+00	1.234631e-01	-1.001432e+00	-4.960618e-01	
3  343.109	6.844941e+01	2.256897e+00	1.239833e-01	-1.046559e+00	-5.272975e-01	
2  345.456	6.788493e+01	2.253364e+00	1.203188e-01	-1.088289e+00	-5.562873e-01	
1  343.055	6.882013e+01	2.256623e+00	1.196674e-01	-1.068953e+00	-4.938708e-01	
1  343.227	6.815107e+01	2.267841e+00	1.193934e-01	-1.018872e+00	-5.194402e-01	
2  343.616	6.786325e+01	2.257154e+00	1.185568e-01	-1.003438e+00	-5.158913e-01	
1  343.756	6.798825e+01	2.252569e+00	1.190526e-01	-9.776016e-01	-5.864898e-01	
6  344.01	6.759682e+01	2.269855e+00	1.221448e-01	-9.778073e-01	-6.067993e-01	
3  343.378	6.802793e+01	2.276424e+00	1.219854e-01	-9.862060e-01	-6.345384e-01	
1  344.437	6.870311e+01	2.267754e+00	1.228490e-01	-9.763944e-01	-6.832072e-01	
3  344.339	6.838325e+01	2.283564e+00	1.231437e-01	-9.589078e-01	-6.568945e-01	
1  344.176	6.757716e+01	2.281933e+00	1.238750e-01	-9.689188e-01	-6.720831e-01	
1  343.98	6.763327e+01	2.302921e+00	1.219704e-01	-9.652215e-01	-6.279670e-01	
1  343.581	6.797507e+01	2.319073e+00	1.231036e-01	-9.703893e-01	-7.005850e-01	
2  343.599	6.857059e+01	2.312509e+00	1.213836e-01	-9.786717e-01	-7.130051e-01	
1  343.219	6.823231e+01	2.326623e+00	1.205368e-01	-9.775697e-01	-7.146713e-01	
2  343.555	6.784084e+01	2.338080e+00	1.202070e-01	-9.395996e-01	-7.976531e-01	
2  343.796	6.784907e+01	2.319881e+00	1.183193e-01	-9.165811e-01	-8.237566e-01	
1  344.158	6.755627e+01	2.313430e+00	1.202365e-01	-9.144848e-01	-7.659845e-01	
5  346.455	6.669132e+01	2.296008e+00	1.207602e-01	-8.790510e-01	-7.519148e-01	
2  346.897	6.734629e+01	2.286442e+00	1.202954e-01	-8.532213e-01	-7.217167e-01	
1  344.462	6.738004e+01	2.264735e+00	1.217383e-01	-9.266848e-01	-7.187823e-01	
2  345.206	6.728762e+01	2.266968e+00	1.237960e-01	-9.782808e-01	-6.815397e-01	
1  349.177	6.627923e+01	2.285805e+00	1.230972e-01	-9.138746e-01	-6.562054e-01	
3  344.826	6.799173e+01	2.308075e+00	1.233738e-01	-9.207065e-01	-6.790881e-01	
3  344.689	6.743953e+01	2.280943e+00	1.241602e-01	-9.240024e-01	-6.763218e-01	
3  343.79	6.786868e+01	2.274710e+00	1.248197e-01	-9.598016e-01	-7.037149e-01	
1  343.369	6.834245e+01	2.260329e+00	1.234796e-01	-9.824503e-01	-7.230469e-01	
2  343.961	6.809308e+01	2.286173e+00	1.240078e-01	-9.515553e-01	-6.891585e-01	
1  343.998	6.762863e+01	2.283950e+00	1.231544e-01	-9.428738e-01	-7.300436e-01	
2  344.117	6.771080e+01	2.308354e+00	1.251185e-01	-9.504984e-01	-7.789678e-01	
2  344.264	6.749481e+01	2.299576e+00	1.233857e-01	-9.293930e-01	-7.826446e-01	
3  344.279	6.801678e+01	2.286792e+00	1.237312e-01	-9.228464e-01	-7.777619e-01	
3  345.969	6.696383e+01	2.263789e+00	1.249869e-01	-9.338653e-01	-7.508696e-01	
1  345.242	6.709811e+01	2.256442e+00	1.240678e-01	-9.263696e-01	-8.156278e-01	
1  343.833	6.778173e+01	2.293616e+00	1.234998e-01	-9.644412e-01	-8.359017e-01	
1  344.888	6.725363e+01	2.268040e+00	1.244516e-01	-9.319559e-01	-8.427261e-01	
1  343.663	6.845084e+01	2.272024e+00	1.262271e-01	-9.631099e-01	-8.766629e-01	
1  343.705	6.803798e+01	2.265235e+00	1.263855e-01	-9.416530e-01	-8.999948e-01	
1  344.169	6.762645e+01	2.244812e+00	1.259298e-01	-9.604491e-01	-8.744863e-01	
2  343.753	6.783713e+01	2.239471e+00	1.265036e-01	-9.637215e-01	-8.727493e-01	
2  343.674	6.829259e+01	2.217239e+00	1.280353e-01	-9.591352e-01	-8.825641e-01	
1  343.604	6.796927e+01	2.229263e+00	1.267594e-01	-9.852433e-01	-8.301048e-01	
3  343.345	6.831697e+01	2.219660e+00	1.236143e-01	-9.832689e-01	-7.484600e-01	
2  343.429	6.883743e+01	2.231233e+00	1.243725e-01	-1.008919e+00	-8.135969e-01	
6  343.492	6.895313e+01	2.210747e+00	1.250268e-01	-1.085599e+00	-7.889175e-01	
2  344.163	6.932705e+01	2.202481e+00	1.270050e-01	-1.046862e+00	-7.726035e-01	
2  345.486	6.933013e+01	2.219945e+00	1.250441e-01	-1.017564e+00	-6.848848e-01	
1  343.577	6.871990e+01	2.240210e+00	1.277350e-01	-1.017089e+00	-7.161940e-01	
3  345.431	6.935542e+01	2.257360e+00	1.266799e-01	-1.012889e+00	-7.234148e-01	
1  344.023	6.851939e+01	2.232378e+00	1.284002e-01	-9.862252e-01	-7.020892e-01	
1  345.59	6.760145e+01	2.228584e+00	1.319458e-01	-1.007553e+00	-7.048005e-01	
2  345.582	6.904797e+01	2.272587e+00	1.313950e-01	-1.002722e+00	-6.545223e-01	
4  344.802	6.850885e+01	2.277559e+00	1.311017e-01	-9.733781e-01	-7.086318e-01	
1  344.431	6.923745e+01	2.264614e+00	1.295175e-01	-1.047974e+00	-6.992331e-01	
1  344.255	6.816618e+01	2.262450e+00	1.289235e-01	-1.044424e+00	-6.262837e-01	
5  344.747	6.800661e+01	2.272201e+00	1.295487e-01	-1.034380e+00	-6.402689e-01	
4  345.583	6.746283e+01	2.261776e+00	1.273701e-01	-1.004564e+00	-6.793946e-01	
2  345.628	6.729532e+01	2.250190e+00	1.276018e-01	-9.876474e-01	-6.441311e-01	
2  344.823	6.749107e+01	2.247426e+00	1.287678e-01	-9.460144e-01	-6.728405e-01	
2  344.888	6.738683e+01	2.246072e+00	1.265123e-01	-9.728798e-01	-7.000072e-01	
3  345.053	6.735238e+01	2.257307e+00	1.260557e-01	-9.695988e-01	-7.310144e-01	
3  344.913	6.752345e+01	2.266177e+00	1.275876e-01	-9.750494e-01	-7.600332e-01	
1  343.722	6.796662e+01	2.254846e+00	1.269012e-01	-9.677622e-01	-7.705375e-01	
3  344.322	6.789299e+01	2.245776e+00	1.284923e-01	-1.004736e+00	-7.737908e-01	
1  344.06	6.803699e+01	2.258367e+00	1.293625e-01	-9.919454e-01	-7.553147e-01	
1  344.575	6.762538e+01	2.263606e+00	1.287005e-01	-9.629775e-01	-7.239499e-01	
1  344.566	6.759320e+01	2.243381e+00	1.287874e-01	-9.404660e-01	-7.374785e-01	
7  345.202	6.719783e+01	2.225803e+00	1.268341e-01	-9.525248e-01	-6.578072e-01	
2  345.548	6.713757e+01	2.248453e+00	1.258694e-01	-9.630766e-01	-6.418494e-01	
2  346.088	6.805253e+01	2.248194e+00	1.261554e-01	-9.256745e-01	-5.858260e-01	
1  345.211	6.796931e+01	2.262363e+00	1.254342e-01	-9.412905e-01	-5.542283e-01	
4  344.825	6.765231e+01	2.297159e+00	1.236041e-01	-9.284369e-01	-5.924167e-01	
1  344.118	6.842017e+01	2.319323e+00	1.234121e-01	-9.760457e-01	-5.794984e-01	
1  344.263	6.819556e+01	2.324595e+00	1.243913e-01	-9.644614e-01	-5.690284e-01	
2  345.651	6.845304e+01	2.350884e+00	1.224503e-01	-9.404784e-01	-5.699442e-01	
2  344.933	6.840501e+01	2.361824e+00	1.227437e-01	-9.573453e-01	-5.295663e-01	
3  343.997	6.840363e+01	2.394051e+00	1.227367e-01	-9.837953e-01	-5.274962e-01	
1  344.656	6.827262e+01	2.399128e+00	1.243421e-01	-9.660941e-01	-5.019970e-01	
1  345.696	6.864378e+01	2.385999e+00	1.228567e-01	-9.592206e-01	-5.057624e-01	
1  343.919	6.835398e+01	2.382588e+00	1.234304e-01	-9.940621e-01	-4.977444e-01	
9  345.164	6.847330e+01	2.378373e+00	1.232646e-01	-9.658986e-01	-4.701795e-01	
4  344.797	6.814675e+01	2.397594e+00	1.250459e-01	-9.654976e-01	-4.725316e-01	
1  344.663	6.780089e+01	2.363823e+00	1.238194e-01	-1.026601e+00	-4.536182e-01	
2  343.551	6.833821e+01	2.362136e+00	1.216973e-01	-1.015670e+00	-4.159324e-01	
1  344.641	6.779154e+01	2.348082e+00	1.230660e-01	-1.045892e+00	-3.730571e-01	
1  344.608	6.831477e+01	2.353217e+00	1.240377e-01	-1.001673e+00	-3.140208e-01	
4  346.515	6.924112e+01	2.304790e+00	1.204789e-01	-1.028306e+00	-3.425048e-01	
2  344.162	6.896553e+01	2.291359e+00	1.186102e-01	-1.050540e+00	-3.639598e-01	
1  343.193	6.828812e+01	2.295477e+00	1.170143e-01	-1.071897e+00	-3.368644e-01	
1  343.391	6.811073e+01	2.293173e+00	1.191257e-01	-1.063701e+00	-3.481738e-01	
1  343.822	6.919583e+01	2.304615e+00	1.172454e-01	-1.085492e+00	-3.303386e-01	
3  344.122	6.777117e+01	2.292249e+00	1.183221e-01	-1.061002e+00	-2.681161e-01	
1  345.859	6.814045e+01	2.304685e+00	1.171831e-01	-9.800822e-01	-2.704854e-01	
1  344.96	6.737215e+01	2.297352e+00	1.184231e-01	-1.005580e+00	-2.715811e-01	
1  345.701	6.713901e+01	2.303046e+00	1.195235e-01	-9.742604e-01	-2.991473e-01	
1  343.707	6.832931e+01	2.319322e+00	1.222366e-01	-1.031806e+00	-3.047812e-01	
2  343.48	6.826668e+01	2.314056e+00	1.214826e-01	-1.040435e+00	-3.058273e-01	
3  343.2	6.860369e+01	2.306060e+00	1.228592e-01	-1.089060e+00	-3.182933e-01	
1  343.334	6.831321e+01	2.297464e+00	1.219993e-01	-1.082857e+00	-2.765781e-01	
4  343.343	6.872685e+01	2.288197e+00	1.244581e-01	-1.093199e+00	-2.548071e-01	
3  343.152	6.858446e+01	2.298884e+00	1.202214e-01	-1.088610e+00	-2.182421e-01	
1  343.278	6.836945e+01	2.295310e+00	1.223520e-01	-1.081771e+00	-2.878999e-01	
2  343.718	6.860242e+01	2.285078e+00	1.236471e-01	-1.053382e+00	-2.898796e-01	
2  343.804	6.820265e+01	2.293210e+00	1.250285e-01	-1.035054e+00	-3.184945e-01	
3  344.943	6.768672e+01	2.304626e+00	1.246936e-01	-1.056618e+00	-3.119178e-01	
2  344.148	6.790590e+01	2.309554e+00	1.225000e-01	-1.013806e+00	-2.818839e-01	
1  344.209	6.839059e+01	2.321691e+00	1.210539e-01	-1.019678e+00	-2.791237e-01	
1  344.772	6.748742e+01	2.284081e+00	1.229176e-01	-1.015393e+00	-2.874248e-01	
1  343.78	6.836246e+01	2.299947e+00	1.241620e-01	-1.050832e+00	-2.380144e-01	
1  345.259	6.852236e+01	2.286336e+00	1.241329e-01	-1.023764e+00	-2.036270e-01	
1  344.704	6.822493e+01	2.277560e+00	1.241164e-01	-1.032738e+00	-1.368417e-01	
2  344.713	6.772773e+01	2.276076e+00	1.240179e-01	-1.070812e+00	-1.249956e-01	
4  344.292	6.802446e+01	2.265948e+00	1.236726e-01	-1.103288e+00	-9.312874e-02	
5  345.597	6.773363e+01	2.255812e+00	1.225952e-01	-1.119705e+00	-1.118023e-01	
1  343.997	6.790207e+01	2.252066e+00	1.217616e-01	-1.072643e+00	-1.396897e-01	
1  344.646	6.837159e+01	2.216601e+00	1.200066e-01	-1.050405e+00	-1.526768e-01	
1  344.4	6.875372e+01	2.232134e+00	1.192531e-01	-1.071056e+00	-1.873310e-01	
1  343.458	6.828756e+01	2.248633e+00	1.209058e-01	-1.071810e+00	-2.105869e-01	
1  343.347	6.836513e+01	2.269149e+00	1.214613e-01	-1.083794e+00	-1.815446e-01	
1  343.496	6.860685e+01	2.284303e+00	1.220684e-01	-1.086935e+00	-1.343702e-01	
2  344.188	6.829738e+01	2.282386e+00	1.216690e-01	-1.142230e+00	-1.250965e-01	
1  343.888	6.911431e+01	2.282990e+00	1.246695e-01	-1.143341e+00	-5.394842e-02	
1  344.89	6.896133e+01	2.278834e+00	1.246525e-01	-1.074166e+00	-9.289898e-02	
1  343.927	6.867653e+01	2.308351e+00	1.247602e-01	-1.089383e+00	-9.225181e-02	
3  345.18	6.946934e+01	2.351475e+00	1.254135e-01	-1.106103e+00	-1.363112e-01	
5  344.696	6.951721e+01	2.332382e+00	1.267490e-01	-1.148753e+00	-1.006058e-01	
10  346.237	7.015957e+01	2.330967e+00	1.291137e-01	-1.217115e+00	-1.067613e-01	
10  345.897	7.001914e+01	2.318322e+00	1.287347e-01	-1.227017e+00	-9.185736e-02	
3  346.903	7.024391e+01	2.328909e+00	1.280641e-01	-1.182285e+00	-6.014482e-02	
3  346.763	7.004395e+01	2.331014e+00	1.271074e-01	-1.161440e+00	-3.124441e-02	
2  344.769	6.975362e+01	2.314958e+00	1.254145e-01	-1.171583e+00	-7.868624e-02	
1  344.808	6.865276e+01	2.321382e+00	1.256058e-01	-1.159519e+00	-8.706043e-02	
1  345.732	6.945172e+01	2.316638e+00	1.264304e-01	-1.095430e+00	-1.303365e-01	
1  344.558	6.863495e+01	2.314053e+00	1.257085e-01	-1.158078e+00	-1.541189e-01	
2  343.715	6.849944e+01	2.308049e+00	1.256943e-01	-1.103914e+00	-2.123265e-01	
1  344.259	6.803006e+01	2.297038e+00	1.253149e-01	-1.084438e+00	-2.287160e-01	
1  343.749	6.874556e+01	2.315853e+00	1.265339e-01	-1.109070e+00	-2.115747e-01	
1  343.958	6.875666e+01	2.308012e+00	1.266105e-01	-1.079264e+00	-2.153131e-01	
4  343.915	6.826347e+01	2.315010e+00	1.259145e-01	-1.075532e+00	-2.304693e-01	
1  343.631	6.901951e+01	2.301204e+00	1.226458e-01	-1.093391e+00	-2.316737e-01	
1  346.476	6.983329e+01	2.293630e+00	1.206763e-01	-1.106468e+00	-2.070019e-01	
1  343.237	6.908471e+01	2.331769e+00	1.207047e-01	-1.136541e+00	-2.018509e-01	
2  343.318	6.913484e+01	2.339026e+00	1.197068e-01	-1.149899e+00	-2.240285e-01	
6  343.654	6.873011e+01	2.343156e+00	1.182604e-01	-1.145456e+00	-2.411378e-01	
2  343.156	6.898811e+01	2.353278e+00	1.189421e-01	-1.125492e+00	-2.626706e-01	
1  344.132	6.935121e+01	2.364028e+00	1.157294e-01	-1.095519e+00	-2.230247e-01	
4  344.02	6.906373e+01	2.398279e+00	1.131906e-01	-1.179880e+00	-1.689464e-01	
1  343.949	6.973302e+01	2.383828e+00	1.113348e-01	-1.181590e+00	-9.083669e-02	
1  343.658	6.945132e+01	2.366736e+00	1.099772e-01	-1.178946e+00	-7.291044e-02	
3  345.215	6.970530e+01	2.357517e+00	1.118540e-01	-1.116760e+00	-6.971885e-02	
2  343.516	6.949658e+01	2.332329e+00	1.115405e-01	-1.163231e+00	-3.255985e-02	
1  343.936	6.963495e+01	2.333759e+00	1.095566e-01	-1.178071e+00	-4.450162e-03	
3  344.476	6.966306e+01	2.321720e+00	1.069831e-01	-1.167261e+00	-5.334822e-02	
1  344.198	6.857466e+01	2.327787e+00	1.068461e-01	-1.151726e+00	-4.586266e-02	
3  343.853	6.834309e+01	2.348923e+00	1.079335e-01	-1.117339e+00	-6.944491e-02	
1  343.852	6.815239e+01	2.327298e+00	1.052205e-01	-1.079615e+00	-1.059470e-02	
6  343.457	6.883103e+01	2.326613e+00	1.056914e-01	-1.085692e+00	-2.682307e-02	
1  345.234	6.865122e+01	2.289449e+00	1.039139e-01	-1.175349e+00	-1.537323e-02	
3  343.945	6.899253e+01	2.309997e+00	1.047804e-01	-1.127040e+00	1.683467e-02	
4  343.279	6.873222e+01	2.331602e+00	1.056168e-01	-1.109139e+00	-3.675285e-03	
7  344.083	6.905166e+01	2.322861e+00	1.063436e-01	-1.130172e+00	1.588407e-02	
1  343.34	6.887933e+01	2.301068e+00	1.092558e-01	-1.134434e+00	-7.711358e-03	
1  343.756	6.927522e+01	2.305675e+00	1.071046e-01	-1.144267e+00	-3.872621e-02	
2  343.507	6.893339e+01	2.290346e+00	1.093585e-01	-1.147409e+00	-5.839841e-03	
1  343.836	6.935093e+01	2.321490e+00	1.078985e-01	-1.144772e+00	1.126372e-02	
3  344.925	6.991154e+01	2.312880e+00	1.097994e-01	-1.175772e+00	1.863736e-02	
1  345.691	7.019911e+01	2.322626e+00	1.090139e-01	-1.178637e+00	2.383614e-02	
3  344.298	6.993619e+01	2.341449e+00	1.106114e-01	-1.189702e+00	-1.659464e-02	
1  344.04	6.963326e+01	2.321006e+00	1.078304e-01	-1.195089e+00	-1.988561e-02	
5  344.196	6.935456e+01	2.333271e+00	1.061974e-01	-1.192207e+00	-1.381638e-02	
8  344.25	6.875614e+01	2.322513e+00	1.061696e-01	-1.161069e+00	-6.984398e-02	
3  344.09	6.892299e+01	2.353879e+00	1.039454e-01	-1.158483e+00	-4.694614e-02	
1  344.745	6.883331e+01	2.368865e+00	1.023756e-01	-1.153428e+00	3.153102e-03	
3  344.082	6.956584e+01	2.360588e+00	1.033065e-01	-1.157876e+00	-2.500496e-02	
4  344.144	6.899228e+01	2.374725e+00	1.033028e-01	-1.154667e+00	-6.616574e-02	
3  344.123	6.897267e+01	2.357024e+00	1.036109e-01	-1.137411e+00	-6.989953e-02	
1  344.092	6.891966e+01	2.380046e+00	1.041962e-01	-1.128937e+00	-1.130078e-01	
1  344.87	6.854170e+01	2.367440e+00	1.036095e-01	-1.150466e+00	-9.679056e-02	
2  345.697	6.866351e+01	2.377037e+00	1.034532e-01	-1.184045e+00	-8.478438e-02	
1  347.948	6.781303e+01	2.394915e+00	1.061012e-01	-1.148618e+00	-5.714374e-02	
2  345.844	6.833495e+01	2.387616e+00	1.087040e-01	-1.164488e+00	-4.489707e-02	
1  346.173	6.886516e+01	2.385104e+00	1.098451e-01	-1.199080e+00	-1.586876e-02	
3  344.727	6.924385e+01	2.382333e+00	1.110013e-01	-1.205832e+00	-3.338164e-02	
1  344.374	6.982075e+01	2.396510e+00	1.079398e-01	-1.185471e+00	-9.579968e-02	
3  343.673	6.913679e+01	2.385948e+00	1.076635e-01	-1.144947e+00	-1.724538e-01	
1  344.05	6.919597e+01	2.392943e+00	1.065134e-01	-1.117079e+00	-1.788747e-01	
2  343.528	6.933987e+01	2.410739e+00	1.094884e-01	-1.150522e+00	-1.768001e-01	
1  344.15	6.899894e+01	2.427217e+00	1.097066e-01	-1.170780e+00	-1.913336e-01	
1  345.663	6.873394e+01	2.417759e+00	1.080549e-01	-1.186380e+00	-1.892307e-01	
2  343.944	6.901361e+01	2.411540e+00	1.088407e-01	-1.161567e+00	-2.164851e-01	
2  343.927	6.949294e+01	2.411038e+00	1.086385e-01	-1.167363e+00	-2.246650e-01	
1  344.378	6.937901e+01	2.412314e+00	1.071184e-01	-1.182997e+00	-2.262091e-01	
1  345.255	6.837814e+01	2.410546e+00	1.082879e-01	-1.149339e+00	-2.083180e-01	
1  343.53	6.915383e+01	2.404650e+00	1.093216e-01	-1.113353e+00	-1.628416e-01	
2  343.449	6.883431e+01	2.394696e+00	1.080556e-01	-1.124008e+00	-1.793697e-01	
3  343.902	6.931965e+01	2.402408e+00	1.087079e-01	-1.170356e+00	-2.145150e-01	
2  344.09	6.950469e+01	2.430712e+00	1.087867e-01	-1.176442e+00	-2.383215e-01	
2  343.253	6.904251e+01	2.424882e+00	1.101567e-01	-1.117284e+00	-3.083615e-01	
5  343.389	6.858363e+01	2.391180e+00	1.122770e-01	-1.111160e+00	-2.855566e-01	
2  343.066	6.849231e+01	2.388694e+00	1.138319e-01	-1.060445e+00	-2.863644e-01	
2  343.313	6.816104e+01	2.382197e+00	1.134749e-01	-1.051644e+00	-2.796014e-01	
1  343.453	6.866227e+01	2.402673e+00	1.127868e-01	-1.044916e+00	-2.816640e-01	
1  343.776	6.806866e+01	2.392873e+00	1.129286e-01	-1.079319e+00	-2.397403e-01	
1  343.591	6.795760e+01	2.377575e+00	1.149811e-01	-1.043800e+00	-2.735791e-01	
1  342.994	6.861179e+01	2.373455e+00	1.138852e-01	-1.081422e+00	-3.280732e-01	
3  343.062	6.857298e+01	2.389142e+00	1.178501e-01	-1.069632e+00	-3.174243e-01	
2  343.378	6.928449e+01	2.388174e+00	1.147605e-01	-1.105299e+00	-3.080929e-01	
6  343.187	6.874980e+01	2.373642e+00	1.130340e-01	-1.065368e+00	-3.205389e-01	
6  343.047	6.876445e+01	2.385176e+00	1.123941e-01	-1.096684e+00	-3.084278e-01	
1  343.036	6.894868e+01	2.398219e+00	1.140909e-01	-1.106165e+00	-3.076552e-01	
1  344.459	6.884569e+01	2.405597e+00	1.150520e-01	-1.154025e+00	-3.197506e-01	
1  343.858	6.900747e+01	2.391412e+00	1.172434e-01	-1.150511e+00	-2.995408e-01	
4  345.034	6.893196e+01	2.374148e+00	1.163165e-01	-1.178296e+00	-3.171628e-01	
1  347.605	6.905815e+01	2.366211e+00	1.150857e-01	-1.232990e+00	-3.028893e-01	
1  345.626	7.018481e+01	2.371046e+00	1.165524e-01	-1.232795e+00	-3.035291e-01	
2  345.676	7.017923e+01	2.359097e+00	1.160645e-01	-1.234641e+00	-3.217116e-01	
3  345.109	7.017609e+01	2.344777e+00	1.146739e-01	-1.184787e+00	-3.283412e-01	
1  344.264	6.977916e+01	2.325662e+00	1.134363e-01	-1.163807e+00	-3.481226e-01	
1  343.738	6.850929e+01	2.329453e+00	1.139731e-01	-1.122253e+00	-3.295159e-01	
1  343.5	6.932749e+01	2.317848e+00	1.143664e-01	-1.123114e+00	-3.552028e-01	
2  343.877	6.937931e+01	2.334006e+00	1.119062e-01	-1.106848e+00	-3.963478e-01	
1  343.959	6.847485e+01	2.323078e+00	1.100071e-01	-1.107071e+00	-3.834955e-01	
1  343.806	6.887934e+01	2.316196e+00	1.095664e-01	-1.076980e+00	-4.207338e-01	
1  343.876	6.864671e+01	2.316655e+00	1.105873e-01	-1.037292e+00	-4.615096e-01	
1  343.744	6.807090e+01	2.327694e+00	1.132387e-01	-1.058854e+00	-4.602893e-01	
1  343.443	6.810087e+01	2.327403e+00	1.129260e-01	-1.038827e+00	-4.650140e-01	
5  344.168	6.867111e+01	2.310874e+00	1.108512e-01	-1.015679e+00	-5.448133e-01	
2  344.231	6.934478e+01	2.285490e+00	1.107794e-01	-1.103073e+00	-5.197462e-01	
2  345.219	6.993069e+01	2.296189e+00	1.106924e-01	-1.167168e+00	-4.778971e-01	
1  344.819	6.971791e+01	2.296173e+00	1.102113e-01	-1.145641e+00	-4.837238e-01	
2  345.153	6.993119e+01	2.304342e+00	1.108004e-01	-1.175217e+00	-4.562851e-01	
2  345.252	6.856703e+01	2.292461e+00	1.093874e-01	-1.137125e+00	-4.774161e-01	
1  345.678	6.897331e+01	2.293668e+00	1.091863e-01	-1.179792e+00	-4.318892e-01	
1  345.278	6.957334e+01	2.283103e+00	1.110453e-01	-1.196332e+00	-4.621865e-01	
2  344.682	6.914757e+01	2.246606e+00	1.116083e-01	-1.172588e+00	-4.363290e-01	
1  345.146	6.872135e+01	2.268714e+00	1.113223e-01	-1.152540e+00	-4.838314e-01	
1  343.531	6.870759e+01	2.277196e+00	1.122051e-01	-1.067444e+00	-4.748816e-01	
2  344.073	6.924605e+01	2.281510e+00	1.139519e-01	-1.068499e+00	-5.430709e-01	
2  343.087	6.876936e+01	2.286651e+00	1.153335e-01	-1.071046e+00	-5.220593e-01	
1  342.979	6.875699e+01	2.296920e+00	1.181016e-01	-1.078034e+00	-5.253651e-01	
1  343.009	6.843757e+01	2.297504e+00	1.179084e-01	-1.052642e+00	-5.579118e-01	
3  343.105	6.878121e+01	2.300040e+00	1.179504e-01	-1.077779e+00	-6.027229e-01	
4  343.317	6.912795e+01	2.324258e+00	1.148884e-01	-1.070273e+00	-6.252325e-01	
1  343.044	6.853978e+01	2.336565e+00	1.142729e-01	-1.042587e+00	-6.268580e-01	
1  343.329	6.901090e+01	2.344129e+00	1.159282e-01	-1.039238e+00	-6.085228e-01	
2  343.262	6.848021e+01	2.379751e+00	1.188607e-01	-9.976214e-01	-5.788301e-01	
2  343.485	6.797841e+01	2.400169e+00	1.181783e-01	-9.929271e-01	-5.836539e-01	
8  343.194	6.827310e+01	2.413355e+00	1.164456e-01	-9.893303e-01	-5.497099e-01	
4  344.256	6.865151e+01	2.390830e+00	1.165054e-01	-9.696343e-01	-5.877021e-01	
1  343.91	6.834751e+01	2.396306e+00	1.157951e-01	-9.599552e-01	-5.750181e-01	
2  343.583	6.862690e+01	2.381279e+00	1.126389e-01	-9.945725e-01	-5.797667e-01	
1  343.114	6.883187e+01	2.386788e+00	1.114373e-01	-1.050165e+00	-5.699633e-01	
1  343.492	6.837587e+01	2.392209e+00	1.127001e-01	-1.059584e+00	-5.508361e-01	
3  343.201	6.815589e+01	2.415114e+00	1.112883e-01	-1.006401e+00	-6.053393e-01	
2  343.098	6.880056e+01	2.394072e+00	1.127984e-01	-1.052433e+00	-6.265019e-01	
1  343.275	6.899186e+01	2.400959e+00	1.118946e-01	-1.064103e+00	-6.378400e-01	
1  343.525	6.917342e+01	2.392533e+00	1.108557e-01	-1.055457e+00	-6.088526e-01	
1  343.276	6.901996e+01	2.400256e+00	1.118358e-01	-1.071797e+00	-6.001850e-01	
1  345.711	7.002980e+01	2.393923e+00	1.114441e-01	-1.084533e+00	-6.399866e-01	
2  344.959	6.973714e+01	2.386158e+00	1.106552e-01	-1.148149e+00	-6.133153e-01	
1  344.621	6.902667e+01	2.389563e+00	1.089183e-01	-1.138570e+00	-5.019027e-01	
1  345.496	6.939872e+01	2.379591e+00	1.087288e-01	-1.176240e+00	-5.010943e-01	
8  345.186	6.983264e+01	2.365887e+00	1.080369e-01	-1.164127e+00	-4.995536e-01	
2  344.625	6.930001e+01	2.369048e+00	1.067241e-01	-1.140353e+00	-4.946415e-01	
1  345.008	6.966810e+01	2.353192e+00	1.067017e-01	-1.148864e+00	-4.750076e-01	
2  344.014	6.864248e+01	2.349284e+00	1.079207e-01	-1.097174e+00	-4.800648e-01	
1  344.74	6.939654e+01	2.347404e+00	1.056409e-01	-1.122883e+00	-4.286867e-01	
1  346.552	6.830935e+01	2.342370e+00	1.050159e-01	-1.132932e+00	-4.309820e-01	
1  345.484	6.873811e+01	2.329638e+00	1.059667e-01	-1.142823e+00	-4.542832e-01	
1  344.935	6.920517e+01	2.330275e+00	1.045729e-01	-1.131130e+00	-4.074686e-01	
2  346.385	6.970685e+01	2.320006e+00	1.036472e-01	-1.133959e+00	-3.859926e-01	
2  346.263	6.918594e+01	2.304778e+00	1.024908e-01	-1.171001e+00	-3.694543e-01	
1  346.662	6.807354e+01	2.303338e+00	1.032347e-01	-1.115210e+00	-3.359934e-01	
1  347.712	6.795918e+01	2.294874e+00	1.028292e-01	-1.128202e+00	-3.130939e-01	
2  347.467	6.857713e+01	2.293292e+00	1.003375e-01	-1.059317e+00	-2.932796e-01	
1  346.118	6.810999e+01	2.286587e+00	1.037938e-01	-1.031294e+00	-3.545529e-01	
3  345.017	6.806254e+01	2.309470e+00	1.059082e-01	-1.022234e+00	-4.109795e-01	
1  347.902	6.679664e+01	2.310836e+00	1.064435e-01	-9.669092e-01	-4.247379e-01	
1  346.55	6.737174e+01	2.305925e+00	1.045591e-01	-1.004011e+00	-4.125738e-01	
1  347.465	6.713843e+01	2.299524e+00	1.045034e-01	-1.005351e+00	-4.258278e-01	
2  347.452	6.724875e+01	2.269947e+00	1.045672e-01	-9.711242e-01	-4.530637e-01	
1  346.848	6.740527e+01	2.263405e+00	1.048436e-01	-9.973137e-01	-4.649172e-01	
3  346.826	6.858569e+01	2.253617e+00	1.051583e-01	-1.022557e+00	-4.547808e-01	
1  346.713	6.815159e+01	2.230634e+00	1.039586e-01	-1.028335e+00	-4.654246e-01	
3  347.15	6.745565e+01	2.254976e+00	1.038357e-01	-1.012211e+00	-4.835060e-01	
1  347.903	6.689852e+01	2.270410e+00	1.067722e-01	-9.842894e-01	-4.860358e-01	
3  345.603	6.739708e+01	2.262389e+00	1.092612e-01	-9.780762e-01	-5.398602e-01	
1  345.736	6.746043e+01	2.248296e+00	1.088288e-01	-1.008032e+00	-5.277418e-01	
1  346.29	6.729314e+01	2.242447e+00	1.089174e-01	-1.005360e+00	-5.256072e-01	
1  345.696	6.864031e+01	2.253767e+00	1.071710e-01	-1.028865e+00	-5.018909e-01	
3  346.304	6.885249e+01	2.257145e+00	1.073059e-01	-1.031613e+00	-4.776637e-01	
1  344.981	6.846319e+01	2.250986e+00	1.078028e-01	-1.044385e+00	-4.596817e-01	
1  346.574	6.844220e+01	2.244664e+00	1.065286e-01	-1.020488e+00	-4.111060e-01	
1  344.963	6.823827e+01	2.240469e+00	1.078625e-01	-1.054684e+00	-4.207933e-01	
2  346.047	6.786372e+01	2.242454e+00	1.072234e-01	-1.088083e+00	-3.846804e-01	
1  345.557	6.846061e+01	2.244088e+00	1.079087e-01	-1.045088e+00	-3.606779e-01	
1  346.699	6.858162e+01	2.253384e+00	1.072449e-01	-1.028588e+00	-3.479092e-01	
1  346.164	6.860096e+01	2.215209e+00	1.074105e-01	-1.062129e+00	-3.317273e-01	
1  345.11	6.829196e+01	2.222526e+00	1.093767e-01	-1.068976e+00	-2.703771e-01	
2  346.824	6.709678e+01	2.207909e+00	1.123632e-01	-1.002280e+00	-3.037914e-01	
2  350.428	6.824731e+01	2.208705e+00	1.133819e-01	-9.479714e-01	-3.551024e-01	
1  348.897	6.866850e+01	2.235912e+00	1.133500e-01	-9.682275e-01	-4.404147e-01	
1  345.862	6.786614e+01	2.230842e+00	1.156910e-01	-9.574003e-01	-4.607912e-01	
1  345.264	6.800367e+01	2.224545e+00	1.158633e-01	-9.836413e-01	-4.206648e-01	
1  347.301	6.846793e+01	2.235865e+00	1.150946e-01	-9.856725e-01	-3.487319e-01	
1  343.585	6.849991e+01	2.242131e+00	1.142740e-01	-1.077771e+00	-3.349712e-01	
2  343.434	6.861146e+01	2.250264e+00	1.141092e-01	-1.110033e+00	-3.347511e-01	
1  343.412	6.870947e+01	2.252423e+00	1.145417e-01	-1.093282e+00	-3.326183e-01	
7  343.816	6.869095e+01	2.282229e+00	1.127196e-01	-1.069933e+00	-3.155066e-01	
1  343.789	6.919886e+01	2.262066e+00	1.131932e-01	-1.163035e+00	-3.127726e-01	
2  344.013	6.864591e+01	2.252876e+00	1.116026e-01	-1.135788e+00	-3.124245e-01	
1  344.756	6.840206e+01	2.252818e+00	1.133582e-01	-1.153300e+00	-2.926866e-01	
2  344.973	6.981134e+01	2.228013e+00	1.132609e-01	-1.182595e+00	-2.346733e-01	
1  345.454	6.957314e+01	2.222558e+00	1.119263e-01	-1.240727e+00	-2.584331e-01	
1  345.939	7.002979e+01	2.195829e+00	1.116483e-01	-1.214549e+00	-2.454672e-01	
2  345.521	6.951122e+01	2.178586e+00	1.098163e-01	-1.196615e+00	-2.466358e-01	
1  345.124	6.945233e+01	2.212666e+00	1.111696e-01	-1.218288e+00	-2.672808e-01	
3  345.363	6.894510e+01	2.209809e+00	1.106302e-01	-1.205878e+00	-2.409029e-01	
6  345.44	6.934723e+01	2.208988e+00	1.087848e-01	-1.203981e+00	-2.604350e-01	
3  346.633	6.920828e+01	2.205253e+00	1.104457e-01	-1.252993e+00	-2.252603e-01	
1  345.928	6.949618e+01	2.220703e+00	1.103204e-01	-1.242044e+00	-2.662821e-01	
2  345.933	6.951292e+01	2.240184e+00	1.114903e-01	-1.247113e+00	-2.764949e-01	
1  346.971	6.897188e+01	2.245705e+00	1.114724e-01	-1.234794e+00	-3.003961e-01	
4  344.998	6.978148e+01	2.255077e+00	1.123305e-01	-1.223402e+00	-2.817905e-01	
5  345.009	6.970116e+01	2.281520e+00	1.099419e-01	-1.201736e+00	-3.201211e-01	
2  344.353	6.965156e+01	2.305760e+00	1.115298e-01	-1.174169e+00	-3.473905e-01	
2  344.282	6.889656e+01	2.300106e+00	1.128572e-01	-1.168689e+00	-3.230483e-01	
1  344.06	6.953992e+01	2.277937e+00	1.131138e-01	-1.155979e+00	-3.649765e-01	
1  343.925	6.920805e+01	2.292107e+00	1.134005e-01	-1.097881e+00	-3.459599e-01	
4  343.724	6.903094e+01	2.294578e+00	1.115951e-01	-1.101772e+00	-3.449809e-01	
2  343.829	6.837214e+01	2.276709e+00	1.112104e-01	-1.095536e+00	-3.207192e-01	
1  344.094	6.808759e+01	2.268241e+00	1.117763e-01	-1.073411e+00	-2.673387e-01	
5  343.962	6.849400e+01	2.276377e+00	1.098216e-01	-1.090820e+00	-3.395696e-01	
1  343.748	6.856256e+01	2.261275e+00	1.113869e-01	-1.086713e+00	-3.831872e-01	
2  345.353	6.783119e+01	2.253106e+00	1.120886e-01	-1.089677e+00	-4.177259e-01	
2  343.811	6.863024e+01	2.247736e+00	1.125792e-01	-1.072181e+00	-3.921433e-01	
4  344.352	6.765542e+01	2.247377e+00	1.150724e-01	-1.023184e+00	-4.062731e-01	
2  343.803	6.830144e+01	2.252115e+00	1.152511e-01	-1.020198e+00	-4.685575e-01	
1  343.24	6.826910e+01	2.277311e+00	1.162231e-01	-1.038490e+00	-4.584862e-01	
1  344.013	6.838461e+01	2.285763e+00	1.146804e-01	-1.108017e+00	-4.593157e-01	
1  346.902	6.754549e+01	2.287905e+00	1.152193e-01	-1.088954e+00	-4.417259e-01	
1  344.753	6.867528e+01	2.278072e+00	1.130898e-01	-1.150042e+00	-4.465707e-01	
3  344.761	6.950603e+01	2.266478e+00	1.095414e-01	-1.140550e+00	-4.546437e-01	
3  344.339	6.918944e+01	2.271975e+00	1.114489e-01	-1.084532e+00	-4.538003e-01	
2  343.772	6.847538e+01	2.273243e+00	1.106488e-01	-1.070200e+00	-4.582736e-01	
1  344.266	6.916841e+01	2.289000e+00	1.115063e-01	-1.070930e+00	-4.915837e-01	
5  343.982	6.878461e+01	2.270704e+00	1.138791e-01	-1.039372e+00	-4.897451e-01	
2  343.653	6.883148e+01	2.284303e+00	1.136343e-01	-1.057962e+00	-4.496621e-01	
2  343.834	6.829086e+01	2.272721e+00	1.123804e-01	-1.028864e+00	-4.617301e-01	
2  343.505	6.814858e+01	2.290567e+00	1.140401e-01	-1.056980e+00	-4.570260e-01	
2  344.723	6.895689e+01	2.304122e+00	1.157167e-01	-1.023569e+00	-4.557867e-01	
1  345.109	6.740360e+01	2.273590e+00	1.156679e-01	-1.027084e+00	-4.502723e-01	
1  345.618	6.717087e+01	2.287565e+00	1.143064e-01	-9.950097e-01	-5.056390e-01	
5  345.556	6.718220e+01	2.293263e+00	1.136586e-01	-9.914367e-01	-5.132914e-01	
3  343.642	6.832385e+01	2.278168e+00	1.150348e-01	-1.005100e+00	-5.428167e-01	
1  343.771	6.779844e+01	2.290576e+00	1.148835e-01	-9.957267e-01	-5.378693e-01	
5  343.513	6.814414e+01	2.276337e+00	1.160670e-01	-1.001374e+00	-5.420611e-01	
7  343.535	6.796813e+01	2.293637e+00	1.144709e-01	-9.931042e-01	-5.950171e-01	
1  343.352	6.868859e+01	2.280766e+00	1.149539e-01	-1.033699e+00	-5.823060e-01	
1  343.121	6.843248e+01	2.258601e+00	1.162639e-01	-1.054336e+00	-5.670278e-01	
4  343.378	6.842503e+01	2.275688e+00	1.150059e-01	-1.063587e+00	-6.210146e-01	
2  343.012	6.872099e+01	2.306799e+00	1.161764e-01	-1.038645e+00	-6.491573e-01	
3  343.092	6.839679e+01	2.318276e+00	1.143621e-01	-1.013068e+00	-6.456267e-01	
4  343.718	6.935525e+01	2.319267e+00	1.153079e-01	-1.071051e+00	-6.418186e-01	
2  343.738	6.938474e+01	2.313761e+00	1.158043e-01	-1.107264e+00	-6.523561e-01	
4  343.697	6.943925e+01	2.301311e+00	1.187323e-01	-1.102411e+00	-6.506238e-01	
1  343.28	6.914176e+01	2.306509e+00	1.188683e-01	-1.066685e+00	-6.331405e-01	
1  343.525	6.833049e+01	2.297650e+00	1.177521e-01	-1.059649e+00	-6.460784e-01	
1  344.296	6.838866e+01	2.281951e+00	1.168664e-01	-1.096546e+00	-6.094597e-01	
3  343.311	6.903184e+01	2.290854e+00	1.160413e-01	-1.089557e+00	-6.389975e-01	
1  343.967	6.884634e+01	2.307018e+00	1.139793e-01	-1.104454e+00	-6.555615e-01	
1  344.605	6.819724e+01	2.296614e+00	1.132040e-01	-1.066723e+00	-7.065356e-01	
2  343.836	6.829650e+01	2.296328e+00	1.130883e-01	-1.050646e+00	-7.155848e-01	
2  343.742	6.837113e+01	2.292245e+00	1.134260e-01	-1.055624e+00	-7.102019e-01	
1  346.302	6.777208e+01	2.285265e+00	1.120450e-01	-1.066721e+00	-6.715875e-01	
1  343.462	6.858610e+01	2.294690e+00	1.115947e-01	-1.034630e+00	-6.333666e-01	
4  343.957	6.876933e+01	2.291511e+00	1.097499e-01	-1.040030e+00	-6.197073e-01	
1  343.491	6.869805e+01	2.319812e+00	1.102942e-01	-1.048860e+00	-6.007884e-01	
4  344.457	6.903172e+01	2.312374e+00	1.109610e-01	-1.017687e+00	-6.721390e-01	
1  343.622	6.898159e+01	2.316665e+00	1.114499e-01	-1.050389e+00	-6.247739e-01	
2  343.531	6.891193e+01	2.330369e+00	1.105636e-01	-1.055103e+00	-5.965664e-01	
1  344.482	6.901364e+01	2.320756e+00	1.090383e-01	-1.034459e+00	-5.946154e-01	
2  344.402	6.873591e+01	2.333392e+00	1.083025e-01	-1.009202e+00	-6.098572e-01	
1  344.118	6.911401e+01	2.330340e+00	1.106649e-01	-1.046203e+00	-5.743093e-01	
1  343.556	6.833039e+01	2.307398e+00	1.121741e-01	-1.063258e+00	-5.394196e-01	
2  343.262	6.910638e+01	2.319739e+00	1.149772e-01	-1.089091e+00	-4.540419e-01	
2  343.168	6.831620e+01	2.320449e+00	1.159604e-01	-1.064709e+00	-4.315270e-01	
1  344.202	6.798249e+01	2.328014e+00	1.163672e-01	-1.070401e+00	-4.466919e-01	
7  343.073	6.829247e+01	2.341978e+00	1.165667e-01	-1.043720e+00	-4.718232e-01	
2  343.401	6.852837e+01	2.368596e+00	1.141468e-01	-1.013969e+00	-4.608761e-01	
2  344.055	6.764240e+01	2.356084e+00	1.155104e-01	-1.001895e+00	-5.300083e-01	
2  343.57	6.811890e+01	2.355532e+00	1.194361e-01	-1.031182e+00	-5.815375e-01	
1  344.772	6.894171e+01	2.358688e+00	1.218649e-01	-9.959489e-01	-5.427438e-01	
1  344.256	6.810022e+01	2.354284e+00	1.204148e-01	-9.550215e-01	-5.324127e-01	
2  344.497	6.820063e+01	2.351435e+00	1.203256e-01	-9.513450e-01	-5.446316e-01	
3  344.622	6.748348e+01	2.376737e+00	1.213734e-01	-9.489068e-01	-5.285520e-01	
1  344.275	6.772101e+01	2.376073e+00	1.212057e-01	-1.000411e+00	-5.183624e-01	
1  344.141	6.773558e+01	2.366782e+00	1.200769e-01	-9.553725e-01	-5.138423e-01	
6  344.412	6.778080e+01	2.379913e+00	1.210771e-01	-9.430222e-01	-5.261088e-01	
3  344.623	6.776229e+01	2.392070e+00	1.231874e-01	-9.542885e-01	-4.850474e-01	
1  344.55	6.759101e+01	2.394555e+00	1.217201e-01	-9.688263e-01	-4.688274e-01	
4  344.207	6.770496e+01	2.367351e+00	1.200335e-01	-9.560750e-01	-4.972590e-01	
3  344.899	6.736320e+01	2.352895e+00	1.197874e-01	-9.607217e-01	-4.078501e-01	
1  345.397	6.800962e+01	2.343991e+00	1.198447e-01	-9.517619e-01	-3.888295e-01	
3  344.314	6.835287e+01	2.363224e+00	1.190159e-01	-9.978634e-01	-3.306605e-01	
1  343.313	6.829307e+01	2.388438e+00	1.180859e-01	-1.035974e+00	-3.069270e-01	
8  343.575	6.820141e+01	2.408275e+00	1.181695e-01	-1.023983e+00	-2.713285e-01	
1  344.869	6.753986e+01	2.418605e+00	1.167638e-01	-1.032190e+00	-2.577600e-01	
1  343.705	6.861453e+01	2.433194e+00	1.165875e-01	-1.025008e+00	-2.883103e-01	
1  343.838	6.801340e+01	2.422127e+00	1.161899e-01	-1.011388e+00	-2.295520e-01	
3  343.865	6.790328e+01	2.432855e+00	1.167265e-01	-1.036633e+00	-2.417498e-01	
2  343.246	6.833142e+01	2.462856e+00	1.146627e-01	-1.057088e+00	-2.007845e-01	
3  343.54	6.821608e+01	2.440945e+00	1.177827e-01	-1.053584e+00	-2.231490e-01	
1  343.945	6.832543e+01	2.416904e+00	1.195193e-01	-1.086681e+00	-2.920765e-01	
2  343.12	6.891520e+01	2.396271e+00	1.174783e-01	-1.082152e+00	-3.035245e-01	
1  343.288	6.919556e+01	2.402843e+00	1.175609e-01	-1.110735e+00	-2.809202e-01	
1  343.345	6.931898e+01	2.398958e+00	1.125741e-01	-1.134729e+00	-2.384733e-01	
2  344.16	6.968129e+01	2.372263e+00	1.134292e-01	-1.133271e+00	-2.675770e-01	
2  343.621	6.852875e+01	2.374895e+00	1.139795e-01	-1.114401e+00	-3.223827e-01	
1  343.168	6.867839e+01	2.372709e+00	1.139263e-01	-1.104189e+00	-3.356312e-01	
2  344.073	6.945557e+01	2.350989e+00	1.160626e-01	-1.101101e+00	-2.968765e-01	
2  343.2	6.920529e+01	2.356615e+00	1.156276e-01	-1.126102e+00	-3.016770e-01	
1  343.841	6.913457e+01	2.361038e+00	1.138809e-01	-1.068040e+00	-3.476800e-01	
1  343.387	6.930174e+01	2.366277e+00	1.134065e-01	-1.126939e+00	-3.607623e-01	
1  343.376	6.917902e+01	2.383947e+00	1.139804e-01	-1.085219e+00	-3.598927e-01	
1  343.589	6.916525e+01	2.341657e+00	1.150626e-01	-1.083326e+00	-3.476413e-01	
2  344.355	6.947236e+01	2.353509e+00	1.126479e-01	-1.091000e+00	-3.659259e-01	
2  344.251	6.949706e+01	2.400091e+00	1.145599e-01	-1.087477e+00	-3.211401e-01	
1  343.029	6.889997e+01	2.389698e+00	1.150301e-01	-1.085664e+00	-3.007041e-01	
1  343.114	6.842819e+01	2.380623e+00	1.131829e-01	-1.077176e+00	-2.545607e-01	
1  343.131	6.873634e+01	2.388999e+00	1.114607e-01	-1.107829e+00	-2.443606e-01	
1  345.013	6.805654e+01	2.379803e+00	1.107790e-01	-1.113905e+00	-2.616158e-01	
2  343.617	6.933964e+01	2.378084e+00	1.133299e-01	-1.156480e+00	-3.088306e-01	
3  343.698	6.920257e+01	2.367789e+00	1.103828e-01	-1.102123e+00	-2.957284e-01	
3  343.404	6.935295e+01	2.379254e+00	1.140285e-01	-1.120769e+00	-3.128030e-01	
1  344.337	6.966010e+01	2.381381e+00	1.153115e-01	-1.108564e+00	-3.234242e-01	
1  343.28	6.915895e+01	2.378153e+00	1.120007e-01	-1.115278e+00	-2.897741e-01	
4  344.216	6.864068e+01	2.353255e+00	1.120463e-01	-1.155973e+00	-2.279994e-01	
3  343.779	6.885381e+01	2.352162e+00	1.114108e-01	-1.158181e+00	-2.106237e-01	
1  344.101	6.974279e+01	2.370405e+00	1.121131e-01	-1.174230e+00	-2.469061e-01	
3  343.562	6.946819e+01	2.384521e+00	1.131450e-01	-1.157729e+00	-2.360075e-01	
1  344.345	6.935477e+01	2.383424e+00	1.122748e-01	-1.189831e+00	-2.709174e-01	
1  345.596	6.967361e+01	2.370876e+00	1.136816e-01	-1.230428e+00	-2.980323e-01	
1  346.173	6.929063e+01	2.381018e+00	1.129607e-01	-1.230122e+00	-2.525488e-01	
1  346.327	6.905306e+01	2.363770e+00	1.112926e-01	-1.215214e+00	-2.917920e-01	
2  344.436	6.935566e+01	2.339198e+00	1.123375e-01	-1.201863e+00	-2.491627e-01	
2  343.671	6.942756e+01	2.375029e+00	1.133109e-01	-1.125360e+00	-2.261790e-01	
2  344.201	6.937866e+01	2.352500e+00	1.138579e-01	-1.097586e+00	-2.580693e-01	
1  344.134	6.943800e+01	2.351213e+00	1.168897e-01	-1.109924e+00	-1.985911e-01	
1  345.793	6.934576e+01	2.351802e+00	1.178535e-01	-1.067079e+00	-1.597710e-01	
1  343.648	6.803272e+01	2.324458e+00	1.171979e-01	-1.066205e+00	-1.550630e-01	
3  343.693	6.806988e+01	2.332533e+00	1.172852e-01	-1.085998e+00	-1.378285e-01	
2  343.456	6.857785e+01	2.339663e+00	1.140899e-01	-1.076302e+00	-1.374362e-01	
2  343.32	6.858317e+01	2.325826e+00	1.138209e-01	-1.083482e+00	-7.124778e-02	
1  343.311	6.870459e+01	2.320964e+00	1.150422e-01	-1.137338e+00	-4.994674e-02	
1  343.181	6.871275e+01	2.302358e+00	1.165586e-01	-1.121811e+00	-4.520638e-02	
2  344.059	6.957463e+01	2.284662e+00	1.167358e-01	-1.135954e+00	-1.205453e-02	
2  344.117	6.942349e+01	2.307321e+00	1.161790e-01	-1.110029e+00	-2.685697e-02	
3  343.318	6.859132e+01	2.342098e+00	1.165919e-01	-1.099667e+00	-4.542571e-02	
1  343.529	6.834959e+01	2.353759e+00	1.179142e-01	-1.081867e+00	-6.397486e-02	
2  344.788	6.774909e+01	2.342048e+00	1.195272e-01	-1.018001e+00	-6.358823e-02	
1  345.468	6.747350e+01	2.336390e+00	1.229224e-01	-1.017928e+00	-1.105109e-01	
2  345.036	6.846660e+01	2.342695e+00	1.253077e-01	-1.031395e+00	-1.451141e-01	
1  344.467	6.835227e+01	2.334227e+00	1.272006e-01	-1.080230e+00	-1.172813e-01	
1  345.015	6.795219e+01	2.310109e+00	1.283357e-01	-1.056544e+00	-1.288681e-01	
1  344.698	6.827052e+01	2.310083e+00	1.284241e-01	-1.059258e+00	-1.292811e-01	
9  344.467	6.820006e+01	2.299443e+00	1.280398e-01	-1.080602e+00	-1.317932e-01	
3  343.97	6.852696e+01	2.287330e+00	1.260454e-01	-1.071445e+00	-1.643898e-01	
1  344.091	6.866788e+01	2.293493e+00	1.253800e-01	-1.063931e+00	-2.009545e-01	
1  343.622	6.811914e+01	2.299937e+00	1.223130e-01	-1.039445e+00	-2.927449e-01	
2  343.526	6.821496e+01	2.280794e+00	1.238311e-01	-1.051449e+00	-3.037467e-01	
1  344.431	6.779638e+01	2.275455e+00	1.239492e-01	-1.069918e+00	-2.767134e-01	
2  343.47	6.850059e+01	2.279078e+00	1.249517e-01	-1.070886e+00	-2.731031e-01	
1  343.701	6.892970e+01	2.285841e+00	1.225925e-01	-1.077665e+00	-2.725025e-01	
1  344.591	6.967880e+01	2.296329e+00	1.213097e-01	-1.122873e+00	-2.769839e-01	
2  343.74	6.931464e+01	2.324938e+00	1.216529e-01	-1.167609e+00	-2.802197e-01	
5  343.58	6.933806e+01	2.321778e+00	1.228574e-01	-1.138931e+00	-2.921748e-01	
1  343.777	6.945730e+01	2.294625e+00	1.241814e-01	-1.144010e+00	-2.604534e-01	
1  343.368	6.843204e+01	2.282526e+00	1.236777e-01	-1.097375e+00	-2.899790e-01	
1  343.437	6.822712e+01	2.290545e+00	1.225691e-01	-1.076431e+00	-3.071720e-01	
4  343.372	6.832928e+01	2.270684e+00	1.214617e-01	-1.044594e+00	-3.456428e-01	
2  343.14	6.828395e+01	2.276105e+00	1.206902e-01	-1.052839e+00	-4.062382e-01	
2  344.025	6.794593e+01	2.298642e+00	1.203778e-01	-1.061727e+00	-4.450416e-01	
3  344.761	6.795169e+01	2.311694e+00	1.192911e-01	-1.082114e+00	-4.535485e-01	
2  344.211	6.832532e+01	2.303021e+00	1.209565e-01	-1.097126e+00	-5.015932e-01	
1  343.364	6.887109e+01	2.280543e+00	1.167613e-01	-1.054492e+00	-4.956944e-01	
7  343.377	6.905190e+01	2.272051e+00	1.162398e-01	-1.070877e+00	-5.489655e-01	
1  345.362	7.003217e+01	2.280962e+00	1.179227e-01	-1.120754e+00	-5.352262e-01	
1  344.631	6.984764e+01	2.284895e+00	1.169192e-01	-1.124555e+00	-5.142762e-01	
4  343.14	6.889712e+01	2.298526e+00	1.151756e-01	-1.085362e+00	-5.433013e-01	
1  343.88	6.876348e+01	2.266655e+00	1.135572e-01	-1.107463e+00	-6.035443e-01	
1  343.5	6.912430e+01	2.252231e+00	1.148456e-01	-1.101288e+00	-5.566371e-01	
1  343.569	6.909962e+01	2.251765e+00	1.143855e-01	-1.107719e+00	-5.728503e-01	
3  343.654	6.906883e+01	2.231127e+00	1.147113e-01	-1.115727e+00	-5.749347e-01	
4  343.655	6.881530e+01	2.197146e+00	1.156246e-01	-1.119268e+00	-5.333390e-01	
2  344.013	6.887578e+01	2.172018e+00	1.137556e-01	-1.099936e+00	-5.547235e-01	
4  343.886	6.901652e+01	2.200482e+00	1.138295e-01	-1.100463e+00	-5.323711e-01	
1  345.202	6.970727e+01	2.219473e+00	1.151998e-01	-1.106332e+00	-5.359907e-01	
2  344.163	6.951456e+01	2.212965e+00	1.153560e-01	-1.157559e+00	-5.000383e-01	
1  343.538	6.918911e+01	2.222960e+00	1.174681e-01	-1.143162e+00	-4.882200e-01	
1  343.513	6.916168e+01	2.231432e+00	1.179417e-01	-1.093524e+00	-4.770366e-01	
1  343.456	6.882367e+01	2.233441e+00	1.160883e-01	-1.126076e+00	-4.562716e-01	
1  343.921	6.854408e+01	2.248580e+00	1.170981e-01	-1.123829e+00	-4.792308e-01	
2  343.986	6.875085e+01	2.225785e+00	1.156953e-01	-1.138369e+00	-4.888757e-01	
1  344.097	6.940744e+01	2.207661e+00	1.146144e-01	-1.140447e+00	-4.811115e-01	
2  343.795	6.923500e+01	2.197589e+00	1.157359e-01	-1.136733e+00	-5.144176e-01	
2  344.311	6.942202e+01	2.198273e+00	1.164269e-01	-1.174288e+00	-5.262776e-01	
2  343.584	6.888735e+01	2.204426e+00	1.163521e-01	-1.124396e+00	-5.341301e-01	
2  344.039	6.862146e+01	2.199025e+00	1.159078e-01	-1.131323e+00	-5.000249e-01	
1  343.787	6.894788e+01	2.173660e+00	1.151236e-01	-1.103997e+00	-5.372198e-01	
2  344.311	6.905664e+01	2.157105e+00	1.137292e-01	-1.113816e+00	-5.138322e-01	
1  344.601	6.842565e+01	2.178677e+00	1.145561e-01	-1.126983e+00	-5.091496e-01	
1  344.64	6.864813e+01	2.177043e+00	1.138545e-01	-1.144912e+00	-4.894165e-01	
2  344.658	6.953168e+01	2.186135e+00	1.136958e-01	-1.141950e+00	-5.344426e-01	
1  346.217	7.019613e+01	2.200229e+00	1.134595e-01	-1.181340e+00	-5.004283e-01	
1  345.045	6.953795e+01	2.200788e+00	1.151916e-01	-1.201485e+00	-5.057027e-01	
1  345.985	6.983551e+01	2.186698e+00	1.148786e-01	-1.236381e+00	-4.867298e-01	
1  345.138	6.973942e+01	2.179101e+00	1.146186e-01	-1.209871e+00	-4.497574e-01	
1  346.23	7.036193e+01	2.180501e+00	1.164436e-01	-1.208630e+00	-4.299108e-01	
1  346.173	7.010584e+01	2.173853e+00	1.166176e-01	-1.161842e+00	-4.014984e-01	
2  343.464	6.926894e+01	2.198266e+00	1.200910e-01	-1.168515e+00	-3.766614e-01	
1  343.699	6.953842e+01	2.182568e+00	1.218418e-01	-1.153516e+00	-4.125082e-01	
2  343.508	6.840275e+01	2.177212e+00	1.219434e-01	-1.119574e+00	-4.228534e-01	
2  343.032	6.865203e+01	2.191520e+00	1.251444e-01	-1.098893e+00	-3.826739e-01	
2  343.394	6.912288e+01	2.189177e+00	1.265758e-01	-1.151269e+00	-4.247672e-01	
1  344.459	6.959840e+01	2.201391e+00	1.253115e-01	-1.122423e+00	-3.611486e-01	
1  343.264	6.876178e+01	2.214489e+00	1.249748e-01	-1.131882e+00	-3.731871e-01	
5  343.009	6.878403e+01	2.209704e+00	1.230542e-01	-1.118694e+00	-3.220237e-01	
3  343.028	6.883453e+01	2.202065e+00	1.230783e-01	-1.130845e+00	-3.042726e-01	
1  343.105	6.904998e+01	2.177365e+00	1.237364e-01	-1.150493e+00	-3.105533e-01	
2  343.029	6.889106e+01	2.179572e+00	1.234339e-01	-1.132783e+00	-3.494282e-01	
2  343.144	6.868885e+01	2.191424e+00	1.198034e-01	-1.121617e+00	-3.822761e-01	
2  344.142	6.941593e+01	2.193606e+00	1.177389e-01	-1.132753e+00	-3.304756e-01	
2  344.012	6.794574e+01	2.193504e+00	1.193953e-01	-1.097131e+00	-2.266211e-01	
4  343.498	6.854208e+01	2.191701e+00	1.168060e-01	-1.101441e+00	-3.016471e-01	
1  343.665	6.833677e+01	2.175601e+00	1.172535e-01	-1.099876e+00	-2.725697e-01	
2  343.697	6.916787e+01	2.175398e+00	1.174161e-01	-1.141914e+00	-3.028582e-01	
3  343.439	6.834307e+01	2.149686e+00	1.209356e-01	-1.101576e+00	-2.665574e-01	
4  344.169	6.833633e+01	2.172845e+00	1.205001e-01	-1.057757e+00	-2.566696e-01	
2  343.561	6.816728e+01	2.175836e+00	1.220435e-01	-1.107795e+00	-1.919395e-01	
2  344.096	6.916958e+01	2.145929e+00	1.235400e-01	-1.126692e+00	-1.926967e-01	
2  343.3	6.898288e+01	2.135724e+00	1.224490e-01	-1.154676e+00	-1.818531e-01	
1  343.348	6.841741e+01	2.127655e+00	1.235615e-01	-1.134031e+00	-1.899834e-01	
2  343.194	6.853474e+01	2.163980e+00	1.245375e-01	-1.124076e+00	-1.948915e-01	
2  343.163	6.857553e+01	2.154733e+00	1.247989e-01	-1.115466e+00	-2.454740e-01	
5  343.683	6.859519e+01	2.165848e+00	1.249630e-01	-1.174006e+00	-1.906579e-01	
1  343.173	6.875829e+01	2.160567e+00	1.264063e-01	-1.137069e+00	-1.868298e-01	
1  343.53	6.836094e+01	2.171230e+00	1.284901e-01	-1.093551e+00	-2.308741e-01	
2  343.344	6.880608e+01	2.148499e+00	1.260723e-01	-1.117467e+00	-2.294202e-01	
1  343.284	6.918957e+01	2.139969e+00	1.255398e-01	-1.176240e+00	-1.428278e-01	
1  343.583	6.916112e+01	2.137270e+00	1.241547e-01	-1.154201e+00	-1.154653e-01	
3  343.529	6.843862e+01	2.122781e+00	1.224113e-01	-1.158109e+00	-1.175406e-01	
1  343.81	6.879889e+01	2.128082e+00	1.194875e-01	-1.133691e+00	-1.325873e-01	
2  343.581	6.837347e+01	2.111190e+00	1.227005e-01	-1.152208e+00	-1.304416e-01	
2  345.013	6.796753e+01	2.127942e+00	1.240755e-01	-1.161292e+00	-1.311686e-01	
1  343.958	6.875800e+01	2.126599e+00	1.265862e-01	-1.210021e+00	-1.087515e-01	
1  343.98	6.920851e+01	2.114648e+00	1.272972e-01	-1.147191e+00	-1.040683e-01	
2  344.585	6.937258e+01	2.109575e+00	1.278434e-01	-1.145549e+00	-9.369905e-02	
5  343.525	6.879638e+01	2.113227e+00	1.260324e-01	-1.196668e+00	-7.413601e-02	
3  343.768	6.955411e+01	2.086622e+00	1.258464e-01	-1.202589e+00	-6.378928e-02	
2  343.766	6.952931e+01	2.085109e+00	1.256065e-01	-1.196368e+00	-5.135332e-02	
3  343.835	6.963094e+01	2.070310e+00	1.250768e-01	-1.217618e+00	-6.317622e-02	
2  343.946	6.976923e+01	2.058420e+00	1.251169e-01	-1.235545e+00	-2.625444e-02	
2  345.07	6.796660e+01	2.052762e+00	1.258813e-01	-1.167340e+00	-4.313998e-02	
1  344.554	6.859849e+01	2.039967e+00	1.241459e-01	-1.227989e+00	-4.997403e-02	
2  343.441	6.889641e+01	2.022504e+00	1.237004e-01	-1.203883e+00	-5.135251e-02	
2  343.27	6.905146e+01	2.012498e+00	1.239220e-01	-1.191799e+00	-2.165650e-02	
1  343.469	6.917859e+01	2.020512e+00	1.229160e-01	-1.213411e+00	-3.856337e-02	
1  343.57	6.898566e+01	2.016601e+00	1.227610e-01	-1.209028e+00	-5.926790e-02	
4  343.857	6.941314e+01	2.026440e+00	1.242178e-01	-1.210693e+00	-8.824887e-02	
2  344.183	6.904645e+01	2.062847e+00	1.258882e-01	-1.251634e+00	-6.738172e-02	
1  343.482	6.933766e+01	2.045967e+00	1.252001e-01	-1.221953e+00	-7.316069e-02	
2  343.772	6.832968e+01	2.067279e+00	1.258926e-01	-1.169546e+00	-8.720061e-02	
1  345.066	6.785232e+01	2.048025e+00	1.265096e-01	-1.161349e+00	-1.071797e-01	
1  343.642	6.822209e+01	2.067383e+00	1.266274e-01	-1.134165e+00	-1.417187e-01	
2  343.437	6.874215e+01	2.071700e+00	1.259897e-01	-1.142553e+00	-6.607395e-02	
1  343.493	6.854943e+01	2.062065e+00	1.247831e-01	-1.177320e+00	-5.799412e-02	
1  343.769	6.821017e+01	2.072344e+00	1.253977e-01	-1.147272e+00	-7.813478e-02	
3  343.935	6.810223e+01	2.076692e+00	1.268293e-01	-1.105373e+00	-7.864318e-02	
2  343.941	6.811058e+01	2.055797e+00	1.262168e-01	-1.109304e+00	-7.026185e-02	
3  344.053	6.869452e+01	2.052209e+00	1.250995e-01	-1.125242e+00	-1.223469e-01	
2  343.461	6.878365e+01	2.052981e+00	1.257840e-01	-1.154837e+00	-9.941981e-02	
1  343.983	6.904296e+01	2.069409e+00	1.212596e-01	-1.145870e+00	-5.450943e-02	
2  343.549	6.855629e+01	2.089703e+00	1.236901e-01	-1.136645e+00	-9.035214e-03	
1  344.339	6.963331e+01	2.079202e+00	1.243304e-01	-1.176121e+00	-3.245969e-02	
2  345.375	6.954070e+01	2.085801e+00	1.257637e-01	-1.192535e+00	2.324022e-02	
1  344.942	6.957269e+01	2.119059e+00	1.266698e-01	-1.142984e+00	-9.999746e-04	
2  344.145	6.949882e+01	2.118869e+00	1.255444e-01	-1.224684e+00	-1.076343e-02	
4  343.965	6.943361e+01	2.120400e+00	1.246657e-01	-1.219812e+00	-1.231132e-02	
6  344.341	6.974087e+01	2.105781e+00	1.263240e-01	-1.214591e+00	-5.083723e-03	
2  343.885	6.928562e+01	2.115481e+00	1.245695e-01	-1.145691e+00	-5.632838e-03	
1  345.293	7.003393e+01	2.125872e+00	1.254774e-01	-1.188863e+00	-2.691596e-02	
1  343.825	6.965257e+01	2.111041e+00	1.245923e-01	-1.232809e+00	-3.564492e-02	
1  343.601	6.897810e+01	2.119688e+00	1.248652e-01	-1.170529e+00	-1.288396e-02	
1  344.527	6.942261e+01	2.121205e+00	1.266245e-01	-1.138838e+00	-2.064957e-02	
2  343.743	6.865874e+01	2.134560e+00	1.267823e-01	-1.140050e+00	-2.482122e-02	
1  343.929	6.928970e+01	2.118969e+00	1.263070e-01	-1.151538e+00	-1.641867e-02	
4  343.94	6.928316e+01	2.139392e+00	1.247829e-01	-1.143410e+00	-1.166911e-02	
1  344.539	6.894281e+01	2.139310e+00	1.264796e-01	-1.199968e+00	-1.359443e-02	
1  344.294	6.962330e+01	2.147353e+00	1.278927e-01	-1.242260e+00	-4.465212e-02	
1  345.203	7.026006e+01	2.158372e+00	1.274467e-01	-1.279030e+00	-9.921651e-02	
2  344.974	6.923404e+01	2.165983e+00	1.272662e-01	-1.258276e+00	-1.014004e-01	
1  343.618	6.951068e+01	2.166056e+00	1.253200e-01	-1.216290e+00	-1.045366e-01	
1  345.03	7.023778e+01	2.122717e+00	1.256663e-01	-1.286965e+00	-8.793168e-02	
3  345.915	7.035258e+01	2.131366e+00	1.225609e-01	-1.322702e+00	-1.057943e-01	
3  344.555	6.992807e+01	2.120818e+00	1.241257e-01	-1.280869e+00	-8.328364e-02	
1  347.003	7.072885e+01	2.133230e+00	1.245655e-01	-1.345835e+00	-1.290808e-01	
4  346.877	7.058939e+01	2.134792e+00	1.256763e-01	-1.347345e+00	-1.307703e-01	
3  347.059	7.064766e+01	2.123469e+00	1.280755e-01	-1.352054e+00	-1.327499e-01	
1  344.995	7.008291e+01	2.129898e+00	1.267702e-01	-1.293383e+00	-1.078350e-01	
5  345.584	7.043965e+01	2.143732e+00	1.265618e-01	-1.291344e+00	-1.115061e-01	
1  344.822	7.005274e+01	2.152027e+00	1.290811e-01	-1.258927e+00	-7.455368e-02	
1  345.791	7.029087e+01	2.141902e+00	1.293205e-01	-1.310116e+00	-1.010301e-01	
1  346.178	7.057122e+01	2.158414e+00	1.297224e-01	-1.273393e+00	-1.344766e-01	
2  347.92	7.072214e+01	2.164104e+00	1.310821e-01	-1.230684e+00	-9.253510e-02	
1  349.219	7.120119e+01	2.171478e+00	1.323593e-01	-1.287896e+00	-1.284897e-01	
4  349.833	7.122107e+01	2.154860e+00	1.333541e-01	-1.274895e+00	-1.001113e-01	
2  348.805	7.110616e+01	2.181625e+00	1.324524e-01	-1.286543e+00	-1.151525e-01	
2  346.895	7.017249e+01	2.180328e+00	1.324057e-01	-1.303281e+00	-4.405400e-02	
2  345.755	6.988933e+01	2.162874e+00	1.336573e-01	-1.256375e+00	-4.398091e-02	
3  345.794	7.007610e+01	2.160065e+00	1.335297e-01	-1.218117e+00	-5.971489e-02	
1  346.176	7.015498e+01	2.170137e+00	1.350118e-01	-1.224852e+00	-7.893779e-02	
2  345.766	6.997211e+01	2.173127e+00	1.314184e-01	-1.181514e+00	-8.879722e-02	
3  343.987	6.872720e+01	2.177938e+00	1.289897e-01	-1.169385e+00	-6.437675e-02	
1  343.862	6.868468e+01	2.162052e+00	1.294697e-01	-1.174816e+00	-9.296677e-02	
1  343.84	6.861076e+01	2.176226e+00	1.300528e-01	-1.141655e+00	-8.399664e-02	
2  344.108	6.874073e+01	2.169416e+00	1.301517e-01	-1.177880e+00	-7.439581e-02	
1  343.874	6.930444e+01	2.170659e+00	1.293240e-01	-1.214369e+00	-1.185246e-01	
2  344.608	6.885372e+01	2.200195e+00	1.279671e-01	-1.210695e+00	-1.293251e-01	
1  343.523	6.907679e+01	2.187451e+00	1.278250e-01	-1.143712e+00	-1.495814e-01	
1  343.296	6.874445e+01	2.195532e+00	1.263956e-01	-1.148695e+00	-1.357406e-01	
4  344.276	6.904089e+01	2.210782e+00	1.283387e-01	-1.204860e+00	-1.812886e-01	
1  344.922	6.909627e+01	2.200229e+00	1.276810e-01	-1.228790e+00	-2.082369e-01	
1  343.642	6.939413e+01	2.195240e+00	1.278873e-01	-1.183281e+00	-2.508924e-01	
3  344.538	6.987808e+01	2.211172e+00	1.277967e-01	-1.178773e+00	-3.076228e-01	
2  345.293	6.965231e+01	2.218954e+00	1.320073e-01	-1.215958e+00	-3.385847e-01	
3  345.664	6.976854e+01	2.208944e+00	1.323425e-01	-1.230103e+00	-3.563291e-01	
2  349.39	7.105708e+01	2.215784e+00	1.318488e-01	-1.222305e+00	-3.751278e-01	
1  346.153	7.026247e+01	2.210008e+00	1.328703e-01	-1.206485e+00	-3.689351e-01	
1  345.641	6.929082e+01	2.202757e+00	1.338856e-01	-1.213563e+00	-3.253749e-01	
1  345.043	6.934451e+01	2.210248e+00	1.336283e-01	-1.203550e+00	-2.675734e-01	
1  346.001	7.016332e+01	2.221354e+00	1.325400e-01	-1.186165e+00	-3.284824e-01	
1  345.329	7.010096e+01	2.229627e+00	1.295983e-01	-1.229030e+00	-2.590437e-01	
1  345.172	7.001891e+01	2.213434e+00	1.297086e-01	-1.181176e+00	-2.890331e-01	
1  344.85	6.990548e+01	2.206983e+00	1.301721e-01	-1.214443e+00	-3.014017e-01	
1  344.453	6.977221e+01	2.182337e+00	1.296739e-01	-1.207430e+00	-3.488070e-01	
1  343.935	6.871280e+01	2.166669e+00	1.279108e-01	-1.170365e+00	-3.215978e-01	
5  343.36	6.902694e+01	2.194917e+00	1.280321e-01	-1.126919e+00	-2.975374e-01	
1  343.417	6.918383e+01	2.190705e+00	1.266508e-01	-1.130880e+00	-3.049752e-01	
2  343.941	6.857378e+01	2.211632e+00	1.287232e-01	-1.145447e+00	-2.743808e-01	
1  343.53	6.886326e+01	2.210665e+00	1.285455e-01	-1.110970e+00	-2.487255e-01	
2  343.613	6.877428e+01	2.207754e+00	1.284769e-01	-1.097051e+00	-2.547803e-01	
1  344.974	6.775332e+01	2.225819e+00	1.277901e-01	-1.087242e+00	-2.564708e-01	
1  344.266	6.870279e+01	2.215964e+00	1.285864e-01	-1.070157e+00	-2.320647e-01	
1  343.753	6.827966e+01	2.247136e+00	1.270952e-01	-1.073138e+00	-2.254019e-01	
1  343.654	6.824343e+01	2.261004e+00	1.246906e-01	-1.080307e+00	-1.690311e-01	
2  344.075	6.790819e+01	2.250148e+00	1.246554e-01	-1.062061e+00	-1.864336e-01	
2  344.601	6.844454e+01	2.240471e+00	1.252727e-01	-1.034960e+00	-2.446534e-01	
1  343.5	6.911081e+01	2.250946e+00	1.230981e-01	-1.121094e+00	-1.913420e-01	
1  343.341	6.878400e+01	2.298558e+00	1.232282e-01	-1.094204e+00	-2.251112e-01	
3  344.382	6.789707e+01	2.317443e+00	1.210767e-01	-1.084860e+00	-2.391691e-01	
2  343.639	6.826989e+01	2.307591e+00	1.208709e-01	-1.104819e+00	-2.430013e-01	
2  343.101	6.868629e+01	2.328579e+00	1.209680e-01	-1.090054e+00	-3.084941e-01	
1  345.425	6.742264e+01	2.332216e+00	1.196393e-01	-1.044874e+00	-3.015278e-01	
2  346.039	6.731208e+01	2.332301e+00	1.185483e-01	-1.048684e+00	-3.015128e-01	
4  346.271	6.888072e+01	2.345788e+00	1.179610e-01	-9.932036e-01	-3.655947e-01	
1  344.724	6.869711e+01	2.354766e+00	1.197119e-01	-9.997971e-01	-3.967499e-01	
1  344.061	6.851244e+01	2.361248e+00	1.214448e-01	-1.011290e+00	-3.631113e-01	
1  343.441	6.868740e+01	2.361615e+00	1.218188e-01	-1.050666e+00	-3.560663e-01	
1  343.111	6.858006e+01	2.366836e+00	1.183321e-01	-1.082490e+00	-3.638202e-01	
1  344.981	6.922214e+01	2.366194e+00	1.171996e-01	-1.031690e+00	-4.149093e-01	
1  344.481	6.915330e+01	2.389592e+00	1.159131e-01	-1.026925e+00	-4.523067e-01	
3  344.896	6.768972e+01	2.406069e+00	1.142958e-01	-1.041008e+00	-4.522983e-01	
1  345.041	6.772487e+01	2.374229e+00	1.109658e-01	-1.057769e+00	-4.209749e-01	
1  344.418	6.769068e+01	2.336145e+00	1.109776e-01	-1.030356e+00	-4.254462e-01	
6  343.6	6.847450e+01	2.316913e+00	1.098743e-01	-1.068095e+00	-4.336531e-01	
1  344.347	6.798914e+01	2.314515e+00	1.096223e-01	-1.056223e+00	-4.794397e-01	
2  343.727	6.815334e+01	2.314398e+00	1.115885e-01	-1.058735e+00	-4.708226e-01	
2  344.302	6.963500e+01	2.340472e+00	1.128796e-01	-1.100630e+00	-5.269154e-01	
1  344.558	6.981016e+01	2.370749e+00	1.131166e-01	-1.134920e+00	-5.882662e-01	
1  344.749	6.938145e+01	2.385832e+00	1.110569e-01	-1.154211e+00	-5.381740e-01	
1  346.788	6.866175e+01	2.383029e+00	1.115945e-01	-1.152997e+00	-5.481251e-01	
1  345.636	6.874541e+01	2.402257e+00	1.113932e-01	-1.135304e+00	-5.560532e-01	
7  344.93	6.861417e+01	2.402591e+00	1.124235e-01	-1.112099e+00	-5.628112e-01	
1  345.258	6.834180e+01	2.412702e+00	1.108438e-01	-1.089421e+00	-6.040589e-01	
1  345.656	6.837156e+01	2.414464e+00	1.075610e-01	-1.094507e+00	-6.124693e-01	
1  345.53	6.915323e+01	2.440860e+00	1.061600e-01	-1.142628e+00	-5.690154e-01	
2  344.736	6.945553e+01	2.422856e+00	1.081152e-01	-1.145565e+00	-5.334676e-01	
1  345.111	6.887484e+01	2.424415e+00	1.085896e-01	-1.136492e+00	-5.031783e-01	
4  346.108	6.866813e+01	2.437558e+00	1.057959e-01	-1.139899e+00	-4.782852e-01	
1  344.951	6.931416e+01	2.441285e+00	1.043900e-01	-1.153343e+00	-4.287017e-01	
1  345.109	6.981390e+01	2.450514e+00	1.038221e-01	-1.142372e+00	-4.236362e-01	
1  344.613	6.950722e+01	2.464311e+00	1.053150e-01	-1.140146e+00	-4.724184e-01	
1  344.79	6.909729e+01	2.462578e+00	1.065577e-01	-1.137769e+00	-4.761595e-01	
2  343.736	6.927413e+01	2.470231e+00	1.058637e-01	-1.080734e+00	-5.004003e-01	
1  344.558	6.935363e+01	2.490984e+00	1.043476e-01	-1.135868e+00	-4.523907e-01	
3  344.745	6.953702e+01	2.472912e+00	1.042917e-01	-1.150764e+00	-4.178603e-01	
5  344.993	6.889705e+01	2.465977e+00	1.034014e-01	-1.132277e+00	-4.246382e-01	
1  343.812	6.887777e+01	2.448289e+00	1.043700e-01	-1.090849e+00	-4.378838e-01	
6  343.532	6.902185e+01	2.467366e+00	1.052206e-01	-1.068835e+00	-4.416013e-01	
1  343.845	6.895814e+01	2.446142e+00	1.045294e-01	-1.089326e+00	-4.770728e-01	
3  344.138	6.936781e+01	2.440815e+00	1.060446e-01	-1.067851e+00	-5.571061e-01	
6  343.653	6.905746e+01	2.419898e+00	1.070807e-01	-1.073072e+00	-5.851384e-01	
7  343.632	6.907374e+01	2.419745e+00	1.079081e-01	-1.077899e+00	-5.978012e-01	
1  343.696	6.897604e+01	2.424898e+00	1.089223e-01	-1.092199e+00	-5.646965e-01	
4  343.906	6.868831e+01	2.399571e+00	1.093320e-01	-1.095693e+00	-5.223666e-01	
3  343.547	6.884857e+01	2.406690e+00	1.079053e-01	-1.083203e+00	-5.172634e-01	
1  344.076	6.935569e+01	2.400408e+00	1.074184e-01	-1.082039e+00	-5.298997e-01	
1  343.926	6.858468e+01	2.401554e+00	1.057181e-01	-1.063774e+00	-5.724082e-01	
1  344.24	6.896084e+01	2.410856e+00	1.066130e-01	-1.098098e+00	-5.992692e-01	
1  343.781	6.926507e+01	2.412856e+00	1.079633e-01	-1.082886e+00	-5.733003e-01	
3  344.279	6.956869e+01	2.415710e+00	1.084719e-01	-1.092250e+00	-6.254753e-01	
1  343.731	6.934063e+01	2.418149e+00	1.107008e-01	-1.095848e+00	-5.925113e-01	
1  344.697	6.973205e+01	2.455894e+00	1.100513e-01	-1.067500e+00	-5.793272e-01	
2  343.904	6.939659e+01	2.448648e+00	1.096137e-01	-1.077581e+00	-6.804903e-01	
2  345.531	6.976494e+01	2.442505e+00	1.075391e-01	-1.141998e+00	-6.691965e-01	
1  345.753	7.007150e+01	2.464929e+00	1.112924e-01	-1.138185e+00	-6.896966e-01	
3  346.175	6.975730e+01	2.442582e+00	1.133768e-01	-1.163817e+00	-6.634488e-01	
2  345.576	6.936256e+01	2.439063e+00	1.154921e-01	-1.128898e+00	-7.110932e-01	
4  346.33	7.023149e+01	2.439068e+00	1.183180e-01	-1.087955e+00	-7.037196e-01	
1  344.875	6.962142e+01	2.419840e+00	1.218228e-01	-1.092286e+00	-6.821317e-01	
1  344.053	6.912676e+01	2.418344e+00	1.223884e-01	-1.039348e+00	-6.763981e-01	
2  344.342	6.854510e+01	2.418715e+00	1.230127e-01	-1.045893e+00	-6.352063e-01	
3  343.613	6.853467e+01	2.375647e+00	1.235431e-01	-1.029399e+00	-5.909659e-01	
2  343.642	6.856631e+01	2.380245e+00	1.233688e-01	-1.043911e+00	-5.387273e-01	
2  343.695	6.874365e+01	2.384546e+00	1.236047e-01	-1.040099e+00	-4.700681e-01	
4  343.732	6.895241e+01	2.389445e+00	1.223321e-01	-1.086118e+00	-4.911686e-01	
2  344.013	6.926307e+01	2.361004e+00	1.225059e-01	-1.064854e+00	-4.628369e-01	
1  343.704	6.914211e+01	2.346625e+00	1.200945e-01	-1.053024e+00	-4.887497e-01	
1  343.757	6.870724e+01	2.339526e+00	1.200708e-01	-1.105138e+00	-5.029362e-01	
3  343.332	6.917765e+01	2.327218e+00	1.192495e-01	-1.071624e+00	-5.721923e-01	
1  343.261	6.897771e+01	2.331052e+00	1.205307e-01	-1.084113e+00	-5.681817e-01	
1  343.572	6.926110e+01	2.360992e+00	1.180942e-01	-1.097808e+00	-6.037449e-01	
1  343.588	6.928011e+01	2.371370e+00	1.187142e-01	-1.108496e+00	-5.249288e-01	
2  345.455	6.908585e+01	2.354759e+00	1.188613e-01	-1.161063e+00	-5.409364e-01	
1  345.761	6.856676e+01	2.386561e+00	1.192217e-01	-1.125702e+00	-5.275588e-01	
2  345.003	6.814633e+01	2.370232e+00	1.194916e-01	-1.082735e+00	-5.120280e-01	
1  343.893	6.911885e+01	2.354852e+00	1.249763e-01	-1.074613e+00	-4.745542e-01	
1  344.018	6.878796e+01	2.350085e+00	1.256224e-01	-1.086985e+00	-4.928277e-01	
1  344.155	6.858015e+01	2.361967e+00	1.253565e-01	-1.074568e+00	-4.966494e-01	
2  345.129	6.945380e+01	2.383990e+00	1.278352e-01	-1.087700e+00	-5.130277e-01	
2  345.806	6.966661e+01	2.396989e+00	1.273017e-01	-1.077752e+00	-4.806179e-01	
1  346.047	6.926149e+01	2.394139e+00	1.293867e-01	-1.120908e+00	-5.287966e-01	
1  345.019	6.906112e+01	2.368689e+00	1.286839e-01	-1.099032e+00	-5.193093e-01	
3  346.082	6.962362e+01	2.371215e+00	1.295744e-01	-1.079284e+00	-4.403285e-01	
2  345.929	6.971708e+01	2.380385e+00	1.280804e-01	-1.096338e+00	-3.704845e-01	
1  348.061	6.942998e+01	2.384304e+00	1.299555e-01	-1.022961e+00	-3.655589e-01	
1  346.028	6.912667e+01	2.379203e+00	1.308944e-01	-1.044449e+00	-3.769904e-01	
2  345.91	6.921254e+01	2.348588e+00	1.282340e-01	-1.037262e+00	-3.780731e-01	
2  345.308	6.875748e+01	2.359086e+00	1.289998e-01	-1.020647e+00	-3.709066e-01	
1  344.626	6.854674e+01	2.355634e+00	1.283535e-01	-1.027906e+00	-3.715150e-01	
1  347.065	6.877742e+01	2.329331e+00	1.288413e-01	-9.814136e-01	-3.915390e-01	
2  346.747	6.764396e+01	2.329334e+00	1.285866e-01	-9.270070e-01	-4.077491e-01	
1  345.905	6.787747e+01	2.349676e+00	1.285744e-01	-9.446571e-01	-4.518852e-01	
1  346.162	6.788489e+01	2.368692e+00	1.270002e-01	-9.330532e-01	-4.422575e-01	
2  345.804	6.769676e+01	2.381835e+00	1.258558e-01	-9.295269e-01	-4.601736e-01	
2  346.298	6.719581e+01	2.372616e+00	1.263984e-01	-9.432560e-01	-4.418146e-01	
2  346.072	6.722628e+01	2.379249e+00	1.251861e-01	-9.368287e-01	-4.396784e-01	
1  346.718	6.702568e+01	2.387174e+00	1.252945e-01	-9.377188e-01	-4.507718e-01	
3  344.737	6.749482e+01	2.393112e+00	1.212992e-01	-9.702668e-01	-4.392944e-01	
2  346.451	6.719627e+01	2.381761e+00	1.208561e-01	-1.008832e+00	-4.187119e-01	
1  346.977	6.687867e+01	2.388321e+00	1.208253e-01	-9.663928e-01	-4.095772e-01	
2  345.468	6.741051e+01	2.375820e+00	1.211082e-01	-1.016175e+00	-3.901367e-01	
1  345.577	6.757116e+01	2.368488e+00	1.211604e-01	-1.035688e+00	-4.662972e-01	
2  346.232	6.751009e+01	2.351075e+00	1.213339e-01	-1.051435e+00	-4.410466e-01	
1  348.352	6.719169e+01	2.327418e+00	1.228658e-01	-1.056767e+00	-4.251622e-01	
1  345.606	6.752887e+01	2.305842e+00	1.234093e-01	-1.043693e+00	-4.602295e-01	
1  343.659	6.797345e+01	2.301807e+00	1.236591e-01	-1.012803e+00	-5.008482e-01	
1  343.846	6.795652e+01	2.332992e+00	1.231840e-01	-9.873417e-01	-5.014193e-01	
1  344.123	6.777413e+01	2.317670e+00	1.225784e-01	-1.012097e+00	-5.662011e-01	
1  344.19	6.770904e+01	2.336187e+00	1.228484e-01	-9.921228e-01	-5.761506e-01	
1  343.897	6.799235e+01	2.327535e+00	1.242517e-01	-1.017431e+00	-5.438750e-01	
2  344.334	6.823723e+01	2.342085e+00	1.247230e-01	-9.688582e-01	-5.449117e-01	
1  343.675	6.849600e+01	2.332651e+00	1.231286e-01	-1.005257e+00	-5.154538e-01	
1  343.574	6.801244e+01	2.341521e+00	1.214461e-01	-1.014998e+00	-5.347206e-01	
5  343.92	6.800561e+01	2.346711e+00	1.226762e-01	-9.836762e-01	-4.755407e-01	
1  346.253	6.742465e+01	2.379344e+00	1.239541e-01	-1.019450e+00	-4.505780e-01	
2  343.855	6.862081e+01	2.347701e+00	1.257631e-01	-1.038528e+00	-4.283249e-01	
2  343.847	6.827129e+01	2.339739e+00	1.245307e-01	-1.058940e+00	-4.236821e-01	
2  343.527	6.817310e+01	2.343212e+00	1.224988e-01	-1.034837e+00	-4.158527e-01	
2  343.836	6.820366e+01	2.370575e+00	1.201948e-01	-1.064699e+00	-4.330902e-01	
1  344.413	6.824016e+01	2.369832e+00	1.216811e-01	-1.080019e+00	-4.444466e-01	
1  344.1	6.896956e+01	2.368707e+00	1.229237e-01	-1.116319e+00	-4.619985e-01	
1  345.158	6.857748e+01	2.356918e+00	1.231697e-01	-1.119542e+00	-4.850858e-01	
3  345.439	6.977316e+01	2.366921e+00	1.226546e-01	-1.171285e+00	-5.298615e-01	
3  345.003	6.997723e+01	2.370452e+00	1.217567e-01	-1.140629e+00	-4.660673e-01	
1  345.935	7.008080e+01	2.395724e+00	1.235745e-01	-1.114165e+00	-4.985736e-01	
4  344.176	6.952260e+01	2.381635e+00	1.211690e-01	-1.132429e+00	-4.667804e-01	
1  344.47	6.923602e+01	2.391150e+00	1.219708e-01	-1.136482e+00	-4.590003e-01	
2  344.405	6.917001e+01	2.395806e+00	1.213542e-01	-1.127813e+00	-4.893931e-01	
2  343.931	6.881147e+01	2.410467e+00	1.210107e-01	-1.080909e+00	-5.406578e-01	
5  343.628	6.876330e+01	2.409946e+00	1.203434e-01	-1.003611e+00	-5.900227e-01	
2  343.326	6.880061e+01	2.411043e+00	1.191646e-01	-1.045659e+00	-6.088207e-01	
2  344.133	6.932411e+01	2.397484e+00	1.223427e-01	-1.083599e+00	-6.014787e-01	
3  344.107	6.938755e+01	2.397301e+00	1.216592e-01	-1.088967e+00	-5.890859e-01	
1  343.859	6.922892e+01	2.392608e+00	1.211554e-01	-1.048629e+00	-6.014571e-01	
2  345.023	6.958883e+01	2.384184e+00	1.214569e-01	-1.041883e+00	-6.385930e-01	
1  345.852	6.969673e+01	2.380900e+00	1.240658e-01	-1.043603e+00	-6.061592e-01	
1  344.389	6.902510e+01	2.393307e+00	1.234114e-01	-1.006232e+00	-6.260062e-01	
1  344.262	6.917225e+01	2.390890e+00	1.231128e-01	-1.027123e+00	-6.244271e-01	
1  344.427	6.883915e+01	2.399589e+00	1.220404e-01	-9.944674e-01	-5.374491e-01	
2  344.182	6.846701e+01	2.406399e+00	1.208018e-01	-9.713012e-01	-5.344853e-01	
1  344.368	6.849014e+01	2.377515e+00	1.232071e-01	-9.681653e-01	-5.852186e-01	
1  343.551	6.853038e+01	2.380827e+00	1.229346e-01	-1.022536e+00	-6.188833e-01	
1  343.901	6.885628e+01	2.371008e+00	1.231445e-01	-1.006604e+00	-6.298480e-01	
1  343.781	6.809157e+01	2.386632e+00	1.214166e-01	-9.587691e-01	-6.252399e-01	
1  343.827	6.800321e+01	2.364424e+00	1.206392e-01	-9.448610e-01	-6.580289e-01	
6  343.871	6.788506e+01	2.363726e+00	1.214456e-01	-9.399111e-01	-6.919098e-01	
2  344.904	6.830395e+01	2.354366e+00	1.202773e-01	-9.281244e-01	-6.618845e-01	
1  343.778	6.819386e+01	2.336000e+00	1.211318e-01	-9.539310e-01	-6.716692e-01	
1  343.778	6.782870e+01	2.321624e+00	1.220405e-01	-9.558383e-01	-6.591661e-01	
3  343.632	6.810160e+01	2.332921e+00	1.200705e-01	-9.562085e-01	-6.618818e-01	
3  343.078	6.819577e+01	2.317419e+00	1.188666e-01	-9.927210e-01	-7.108181e-01	
1  344.622	6.833802e+01	2.317051e+00	1.197333e-01	-1.072964e+00	-7.203395e-01	
1  343.137	6.870182e+01	2.313296e+00	1.197511e-01	-1.046673e+00	-7.269230e-01	
4  343.593	6.881765e+01	2.313850e+00	1.189635e-01	-9.875528e-01	-7.820959e-01	
2  343.089	6.838478e+01	2.290838e+00	1.191783e-01	-9.876272e-01	-7.523664e-01	
1  346.013	6.909133e+01	2.260854e+00	1.187336e-01	-9.735477e-01	-7.380112e-01	
1  345.622	6.916117e+01	2.258416e+00	1.182101e-01	-9.917570e-01	-7.117173e-01	
2  344.296	6.917299e+01	2.259488e+00	1.175292e-01	-1.029300e+00	-6.716044e-01	
2  343.666	6.924108e+01	2.242597e+00	1.166986e-01	-1.074935e+00	-6.579815e-01	
1  343.337	6.898951e+01	2.226538e+00	1.192121e-01	-1.054573e+00	-6.548169e-01	
2  345.808	6.985222e+01	2.226531e+00	1.193885e-01	-1.076107e+00	-6.571849e-01	
2  343.988	6.961931e+01	2.236455e+00	1.200657e-01	-1.128325e+00	-6.430259e-01	
2  344.194	6.923767e+01	2.218770e+00	1.197810e-01	-1.150945e+00	-6.488991e-01	
2  345.378	6.886665e+01	2.227928e+00	1.191701e-01	-1.162000e+00	-6.279362e-01	
2  346.275	6.842822e+01	2.236509e+00	1.175638e-01	-1.143571e+00	-6.326992e-01	
2  343.37	6.876035e+01	2.227798e+00	1.161119e-01	-1.096507e+00	-5.853158e-01	
2  343.204	6.869750e+01	2.231202e+00	1.165503e-01	-1.082719e+00	-5.795408e-01	
1  343.68	6.811893e+01	2.209145e+00	1.179194e-01	-1.072451e+00	-5.248229e-01	
2  343.321	6.882359e+01	2.238247e+00	1.150915e-01	-1.087307e+00	-5.259235e-01	
3  343.152	6.902095e+01	2.246392e+00	1.186101e-01	-1.086449e+00	-6.118961e-01	
1  343.333	6.909899e+01	2.226160e+00	1.181123e-01	-1.111852e+00	-5.855366e-01	
5  343.303	6.915954e+01	2.231129e+00	1.180408e-01	-1.115751e+00	-5.052892e-01	
1  343.568	6.877700e+01	2.201902e+00	1.183008e-01	-1.131894e+00	-5.002329e-01	
1  345.302	6.808140e+01	2.223378e+00	1.203697e-01	-1.119310e+00	-4.977751e-01	
3  345.341	6.782937e+01	2.214156e+00	1.202475e-01	-1.093111e+00	-5.196907e-01	
2  344.745	6.822718e+01	2.219274e+00	1.205653e-01	-1.113350e+00	-5.564641e-01	
1  343.139	6.889413e+01	2.195528e+00	1.208202e-01	-1.085005e+00	-4.984020e-01	
1  343.67	6.795375e+01	2.186608e+00	1.222070e-01	-1.064028e+00	-4.736080e-01	
1  344.13	6.807612e+01	2.181179e+00	1.253623e-01	-1.004986e+00	-4.481004e-01	
1  345.078	6.732634e+01	2.189895e+00	1.246525e-01	-9.716323e-01	-4.616728e-01	
1  344.814	6.833724e+01	2.218986e+00	1.227827e-01	-9.922516e-01	-4.475241e-01	
1  344.299	6.844550e+01	2.217012e+00	1.248542e-01	-1.013094e+00	-4.309554e-01	
1  343.38	6.859739e+01	2.198788e+00	1.233105e-01	-1.051480e+00	-4.476186e-01	
4  343.918	6.802955e+01	2.189984e+00	1.229191e-01	-1.089297e+00	-4.476872e-01	
2  343.611	6.797593e+01	2.195652e+00	1.237750e-01	-1.062361e+00	-4.532066e-01	
1  343.531	6.795314e+01	2.167454e+00	1.234140e-01	-1.042408e+00	-4.597018e-01	
2  343.408	6.847088e+01	2.162190e+00	1.213502e-01	-1.055079e+00	-4.599040e-01	
3  344.362	6.835361e+01	2.185315e+00	1.196529e-01	-1.022605e+00	-4.141811e-01	
1  345.886	6.723436e+01	2.202695e+00	1.181724e-01	-1.041843e+00	-3.924701e-01	
2  345.932	6.743080e+01	2.225717e+00	1.188960e-01	-1.069885e+00	-4.146964e-01	
3  346.616	6.744759e+01	2.218545e+00	1.197914e-01	-1.091719e+00	-3.887596e-01	
1  343.114	6.855273e+01	2.222722e+00	1.186779e-01	-1.091759e+00	-3.576425e-01	
1  343.646	6.875499e+01	2.238047e+00	1.183887e-01	-1.058920e+00	-3.931545e-01	
3  343.295	6.816444e+01	2.246447e+00	1.214308e-01	-1.065385e+00	-3.787441e-01	
1  343.099	6.855179e+01	2.249484e+00	1.212306e-01	-1.060905e+00	-4.115803e-01	
1  344.334	6.907947e+01	2.253445e+00	1.233502e-01	-1.052523e+00	-4.233487e-01	
2  343.277	6.843129e+01	2.235126e+00	1.253226e-01	-1.057566e+00	-4.029586e-01	
1  343.064	6.870795e+01	2.237441e+00	1.237777e-01	-1.106167e+00	-3.797276e-01	
2  343.969	6.833239e+01	2.215962e+00	1.245075e-01	-1.124908e+00	-3.755716e-01	
1  343.488	6.823536e+01	2.226536e+00	1.230774e-01	-1.098084e+00	-3.476048e-01	
2  344.093	6.801850e+01	2.235260e+00	1.200026e-01	-1.094025e+00	-3.910332e-01	
1  344.75	6.772656e+01	2.229273e+00	1.220370e-01	-1.079655e+00	-3.793352e-01	
2  345.605	6.775889e+01	2.227192e+00	1.210756e-01	-1.108614e+00	-3.666592e-01	
3  343.175	6.843882e+01	2.239706e+00	1.215420e-01	-1.078230e+00	-2.960312e-01	
1  343.122	6.842832e+01	2.249080e+00	1.210760e-01	-1.078402e+00	-3.138792e-01	
3  343.198	6.858515e+01	2.268239e+00	1.204786e-01	-1.087445e+00	-2.302108e-01	
2  344.26	6.850273e+01	2.280443e+00	1.205732e-01	-1.036472e+00	-2.503567e-01	
1  343.463	6.856190e+01	2.264606e+00	1.208170e-01	-1.077997e+00	-1.967491e-01	
1  343.254	6.850650e+01	2.267148e+00	1.218293e-01	-1.120421e+00	-1.600369e-01	
1  343.406	6.901731e+01	2.294658e+00	1.215901e-01	-1.120779e+00	-1.136649e-01	
3  344.18	6.918869e+01	2.293739e+00	1.217439e-01	-1.104709e+00	-9.477258e-02	
2  343.649	6.915428e+01	2.322244e+00	1.234675e-01	-1.141296e+00	-1.028424e-01	
2  343.928	6.878412e+01	2.345136e+00	1.225265e-01	-1.152511e+00	-1.272748e-01	
1  343.834	6.905911e+01	2.339699e+00	1.217890e-01	-1.172644e+00	-1.396954e-01	
1  344.113	6.872205e+01	2.315377e+00	1.217717e-01	-1.166410e+00	-1.745270e-01	
3  343.47	6.901298e+01	2.315053e+00	1.227353e-01	-1.151686e+00	-2.053529e-01	
2  343.519	6.916797e+01	2.307832e+00	1.242980e-01	-1.141420e+00	-2.234370e-01	
3  343.514	6.878934e+01	2.317648e+00	1.208476e-01	-1.151597e+00	-1.792060e-01	
1  344.722	6.989393e+01	2.324654e+00	1.210588e-01	-1.152982e+00	-2.191164e-01	
1  344.768	6.981890e+01	2.288650e+00	1.241320e-01	-1.148009e+00	-2.293920e-01	
3  346.017	7.020226e+01	2.295449e+00	1.248868e-01	-1.168347e+00	-1.915702e-01	
2  343.991	6.927154e+01	2.279558e+00	1.272473e-01	-1.176866e+00	-1.680107e-01	
2  344.064	6.942373e+01	2.246411e+00	1.284167e-01	-1.176822e+00	-1.184527e-01	
6  343.928	6.945355e+01	2.242230e+00	1.272217e-01	-1.168254e+00	-1.339126e-01	
5  344.941	6.867642e+01	2.221438e+00	1.294452e-01	-1.191646e+00	-1.401252e-01	
4  344.389	6.944572e+01	2.210537e+00	1.316616e-01	-1.201925e+00	-1.529011e-01	
2  344.578	6.953990e+01	2.204754e+00	1.325037e-01	-1.204701e+00	-2.028507e-01	
3  346.454	6.932998e+01	2.208149e+00	1.341809e-01	-1.247304e+00	-2.154201e-01	
2  345.026	6.938330e+01	2.205751e+00	1.346637e-01	-1.205231e+00	-2.015825e-01	
1  346.251	6.838004e+01	2.218249e+00	1.352747e-01	-1.162062e+00	-2.174713e-01	
1  346.939	6.815565e+01	2.205149e+00	1.340292e-01	-1.161184e+00	-2.720314e-01	
1  347.381	6.896558e+01	2.211323e+00	1.341678e-01	-1.238294e+00	-2.372133e-01	
3  346.673	6.943406e+01	2.227992e+00	1.336309e-01	-1.253746e+00	-1.982286e-01	
1  346.167	7.010942e+01	2.209868e+00	1.332561e-01	-1.262980e+00	-2.151987e-01	
8  347.915	7.063877e+01	2.216610e+00	1.344784e-01	-1.286845e+00	-2.620766e-01	
5  349.649	7.105797e+01	2.228055e+00	1.356361e-01	-1.298790e+00	-2.656505e-01	
1  347.961	7.031605e+01	2.235413e+00	1.362027e-01	-1.275947e+00	-2.632367e-01	
7  347.593	6.953957e+01	2.264268e+00	1.371857e-01	-1.224444e+00	-2.972122e-01	
1  348.084	6.952956e+01	2.262423e+00	1.374276e-01	-1.236261e+00	-2.882712e-01	
1  347.672	7.030138e+01	2.250407e+00	1.368267e-01	-1.230710e+00	-3.208256e-01	
2  349.175	7.074387e+01	2.247198e+00	1.373635e-01	-1.223460e+00	-2.916485e-01	
4  347.789	7.017585e+01	2.255859e+00	1.368191e-01	-1.246074e+00	-2.987434e-01	
4  346.867	6.966022e+01	2.257323e+00	1.370599e-01	-1.214881e+00	-2.755892e-01	
3  346.947	6.892855e+01	2.260624e+00	1.383390e-01	-1.176448e+00	-2.326802e-01	
1  346.638	6.987496e+01	2.260545e+00	1.370044e-01	-1.191864e+00	-2.373461e-01	
1  347.078	6.997874e+01	2.257318e+00	1.377976e-01	-1.185227e+00	-2.279220e-01	
1  347.142	6.977260e+01	2.269581e+00	1.370572e-01	-1.138392e+00	-2.116040e-01	
4  346.44	6.850770e+01	2.256846e+00	1.375354e-01	-1.138273e+00	-2.187305e-01	
1  345.291	6.902992e+01	2.236990e+00	1.364922e-01	-1.129216e+00	-1.840617e-01	
2  345.512	6.860511e+01	2.223178e+00	1.377431e-01	-1.104541e+00	-1.773780e-01	
2  346.595	6.853891e+01	2.231975e+00	1.409831e-01	-1.105506e+00	-2.045760e-01	
1  346.207	6.854550e+01	2.239579e+00	1.388964e-01	-1.122983e+00	-1.623687e-01	
1  346.66	6.874078e+01	2.249660e+00	1.392944e-01	-1.150974e+00	-1.425142e-01	
1  347.546	6.881297e+01	2.233112e+00	1.384141e-01	-1.206029e+00	-1.301368e-01	
2  347.362	6.926144e+01	2.243156e+00	1.375519e-01	-1.233131e+00	-1.333679e-01	
1  347.186	6.885123e+01	2.208677e+00	1.371916e-01	-1.221370e+00	-1.529906e-01	
2  345.816	6.961595e+01	2.194922e+00	1.360441e-01	-1.241545e+00	-1.562061e-01	
1  346.856	6.916110e+01	2.188531e+00	1.367358e-01	-1.244939e+00	-1.867436e-01	
2  345.524	6.912175e+01	2.180660e+00	1.343007e-01	-1.231341e+00	-1.497018e-01	
1  344.474	6.924634e+01	2.153552e+00	1.318661e-01	-1.232299e+00	-1.164162e-01	
5  344.217	6.949190e+01	2.161059e+00	1.306025e-01	-1.225035e+00	-7.847406e-02	
3  345.104	7.012312e+01	2.153686e+00	1.301612e-01	-1.258282e+00	-6.915247e-02	
1  344.598	6.993659e+01	2.145365e+00	1.299506e-01	-1.229840e+00	-8.154241e-02	
2  345.764	7.034944e+01	2.130814e+00	1.305796e-01	-1.247429e+00	-6.016729e-02	
1  345.956	7.004237e+01	2.149699e+00	1.302270e-01	-1.292157e+00	-3.142297e-02	
1  346.287	6.968289e+01	2.149734e+00	1.293682e-01	-1.286330e+00	-1.927899e-02	
1  346.489	6.937549e+01	2.140199e+00	1.282244e-01	-1.287415e+00	-2.578434e-02	
1  348.551	7.002039e+01	2.125948e+00	1.309785e-01	-1.280397e+00	2.234729e-02	
1  347.697	7.059533e+01	2.111879e+00	1.342047e-01	-1.272223e+00	-3.292531e-03	
4  347.856	7.048328e+01	2.123107e+00	1.348168e-01	-1.249629e+00	-1.040359e-03	
3  345.752	6.976554e+01	2.105606e+00	1.368528e-01	-1.247258e+00	-3.256232e-02	
1  346.308	7.035434e+01	2.093033e+00	1.365212e-01	-1.279411e+00	-5.298706e-02	
2  346.002	6.976206e+01	2.100852e+00	1.363942e-01	-1.298410e+00	-8.423567e-02	
2  347.09	6.908426e+01	2.085144e+00	1.344132e-01	-1.298244e+00	-8.328392e-02	
1  346.244	6.946209e+01	2.086391e+00	1.362693e-01	-1.300096e+00	-1.105976e-01	
1  347.741	7.080400e+01	2.087860e+00	1.361277e-01	-1.283076e+00	-5.692787e-02	
1  348.335	7.049099e+01	2.089560e+00	1.361414e-01	-1.289376e+00	9.290195e-03	
2  347.723	6.961288e+01	2.084547e+00	1.370138e-01	-1.303608e+00	-1.352291e-02	
1  348.476	6.932150e+01	2.070647e+00	1.371308e-01	-1.313739e+00	-2.062775e-02	
2  347.329	6.914494e+01	2.095441e+00	1.370738e-01	-1.268734e+00	-2.386845e-02	
2  346.553	7.031221e+01	2.112288e+00	1.357467e-01	-1.241919e+00	-4.131755e-02	
4  345.145	6.991052e+01	2.106659e+00	1.347080e-01	-1.236556e+00	-5.173990e-02	
1  345.253	6.982497e+01	2.130364e+00	1.348811e-01	-1.210435e+00	-6.041828e-02	
2  345.598	6.997155e+01	2.133186e+00	1.337011e-01	-1.204051e+00	-5.827037e-02	
1  346.194	7.033055e+01	2.155908e+00	1.305720e-01	-1.221684e+00	-6.060425e-02	
1  345.572	7.022062e+01	2.142871e+00	1.289420e-01	-1.224527e+00	-3.582150e-02	
1  345.432	6.923248e+01	2.138068e+00	1.291279e-01	-1.244456e+00	-1.900241e-02	
1  344.721	7.004356e+01	2.141321e+00	1.301164e-01	-1.251947e+00	-1.265692e-01	
2  344.315	6.973909e+01	2.151274e+00	1.305408e-01	-1.240424e+00	-1.266068e-01	
2  344.315	6.910584e+01	2.154119e+00	1.308793e-01	-1.223899e+00	-1.150864e-01	
1  344.046	6.871689e+01	2.137386e+00	1.287701e-01	-1.199795e+00	-9.398050e-02	
4  344.222	6.832112e+01	2.161454e+00	1.292247e-01	-1.144916e+00	-7.038982e-02	
2  344.514	6.796421e+01	2.135269e+00	1.287705e-01	-1.126759e+00	-8.767166e-02	
1  345.879	6.756184e+01	2.129447e+00	1.291041e-01	-1.117639e+00	-9.072359e-02	
1  344.635	6.786696e+01	2.146244e+00	1.284831e-01	-1.115668e+00	-9.866058e-02	
4  344.702	6.781740e+01	2.142822e+00	1.300236e-01	-1.099039e+00	-1.064757e-01	
1  344.08	6.899766e+01	2.162891e+00	1.314163e-01	-1.122313e+00	-1.644401e-01	
2  346.165	6.948215e+01	2.159772e+00	1.307523e-01	-1.112777e+00	-1.421069e-01	
1  344.404	6.914291e+01	2.159799e+00	1.319758e-01	-1.131556e+00	-1.215623e-01	
1  343.693	6.858700e+01	2.161118e+00	1.295634e-01	-1.128135e+00	-8.841408e-02	
1  343.491	6.869946e+01	2.138511e+00	1.292167e-01	-1.135121e+00	-1.071204e-01	
4  344.251	6.876339e+01	2.109512e+00	1.297551e-01	-1.210113e+00	-6.094711e-02	
2  345.132	6.882522e+01	2.117006e+00	1.303841e-01	-1.221779e+00	-3.315170e-02	
2  345.156	6.935689e+01	2.122596e+00	1.291758e-01	-1.261214e+00	-3.046883e-02	
2  347.505	6.981555e+01	2.132572e+00	1.315358e-01	-1.233926e+00	1.788306e-02	
3  344.65	6.954325e+01	2.108557e+00	1.306254e-01	-1.237009e+00	-2.082262e-02	
4  344.989	6.970554e+01	2.117971e+00	1.332224e-01	-1.222680e+00	-2.851511e-02	
1  346.106	6.991970e+01	2.118771e+00	1.316847e-01	-1.169284e+00	-3.898642e-02	
2  344.78	6.971998e+01	2.134138e+00	1.328499e-01	-1.211542e+00	-4.915003e-02	
3  345.317	6.969102e+01	2.134063e+00	1.345299e-01	-1.222776e+00	-3.352708e-02	
1  346.115	7.012135e+01	2.139178e+00	1.356400e-01	-1.224251e+00	-6.208373e-02	
2  345.342	6.958012e+01	2.126380e+00	1.384395e-01	-1.219999e+00	-8.258145e-02	
4  346.571	6.988317e+01	2.117688e+00	1.381168e-01	-1.180203e+00	-7.485373e-02	
3  344.86	6.964603e+01	2.113378e+00	1.365476e-01	-1.204226e+00	-1.030777e-01	
4  344.605	6.927238e+01	2.121165e+00	1.365451e-01	-1.201762e+00	-8.233347e-02	
1  344.895	6.976384e+01	2.089879e+00	1.379251e-01	-1.216996e+00	-1.820711e-01	
4  345.285	6.887496e+01	2.098001e+00	1.376011e-01	-1.225115e+00	-1.786779e-01	
4  345.718	6.873825e+01	2.072384e+00	1.377062e-01	-1.235569e+00	-1.813022e-01	
5  343.582	6.925652e+01	2.048747e+00	1.348189e-01	-1.195254e+00	-1.985208e-01	
5  344.119	6.911665e+01	2.080136e+00	1.378753e-01	-1.185293e+00	-1.676804e-01	
2  344.569	6.935330e+01	2.100212e+00	1.372382e-01	-1.174602e+00	-1.357563e-01	
2  344.903	6.932393e+01	2.100050e+00	1.365046e-01	-1.148396e+00	-1.496095e-01	
4  344.423	6.964972e+01	2.086612e+00	1.361326e-01	-1.224772e+00	-1.347160e-01	
1  344.379	6.974513e+01	2.070945e+00	1.348264e-01	-1.250778e+00	-1.055926e-01	
4  343.828	6.915865e+01	2.060175e+00	1.336119e-01	-1.227443e+00	-8.639824e-02	
3  343.76	6.895862e+01	2.037946e+00	1.333272e-01	-1.217580e+00	-6.608918e-02	
3  343.702	6.897910e+01	2.053692e+00	1.329526e-01	-1.212410e+00	-7.263851e-02	
4  344.359	6.881255e+01	2.048131e+00	1.358125e-01	-1.222379e+00	-9.224200e-02	
1  343.698	6.858386e+01	2.045847e+00	1.347765e-01	-1.141341e+00	-1.406056e-01	
1  343.758	6.858884e+01	2.073790e+00	1.344129e-01	-1.151058e+00	-1.128705e-01	
1  344.458	6.902470e+01	2.079509e+00	1.364716e-01	-1.147927e+00	-9.059426e-02	
1  346.369	6.986109e+01	2.065283e+00	1.349145e-01	-1.169360e+00	-3.133379e-02	
2  345.791	6.951743e+01	2.039797e+00	1.348088e-01	-1.147916e+00	-4.382349e-02	
2  345.298	6.815649e+01	2.037589e+00	1.382838e-01	-1.129156e+00	-4.274876e-02	
3  344.253	6.888982e+01	2.030576e+00	1.362763e-01	-1.148096e+00	-6.381448e-02	
1  344.624	6.953943e+01	2.012603e+00	1.359635e-01	-1.188628e+00	-1.002273e-01	
1  344.275	6.945048e+01	2.014189e+00	1.383417e-01	-1.232239e+00	-6.899645e-02	
4  344.321	6.890220e+01	2.031345e+00	1.379440e-01	-1.156869e+00	-7.199764e-02	
1  344.358	6.846126e+01	2.016654e+00	1.367535e-01	-1.194735e+00	-8.753379e-02	
4  344.182	6.924582e+01	2.003885e+00	1.372160e-01	-1.227095e+00	-4.130761e-02	
2  344.305	6.856336e+01	2.000805e+00	1.385967e-01	-1.155855e+00	-5.783416e-02	
3  344.297	6.900600e+01	2.017965e+00	1.372979e-01	-1.160874e+00	-6.214850e-02	
1  344.744	6.961073e+01	2.014879e+00	1.356438e-01	-1.214800e+00	-1.447790e-02	
1  344.556	6.949158e+01	2.020915e+00	1.371511e-01	-1.224929e+00	-3.187375e-02	
2  344.234	6.972345e+01	2.047742e+00	1.337731e-01	-1.252637e+00	-6.477880e-02	
1  345.808	6.934345e+01	2.046569e+00	1.336856e-01	-1.286257e+00	-2.331379e-02	
2  346.111	6.975262e+01	2.082861e+00	1.334477e-01	-1.313866e+00	-4.725113e-02	
2  345.385	6.957765e+01	2.076182e+00	1.311879e-01	-1.303514e+00	-7.114572e-02	
1  345.181	6.965997e+01	2.064676e+00	1.302648e-01	-1.308344e+00	-1.032954e-01	
1  344.378	6.952502e+01	2.067629e+00	1.299091e-01	-1.278653e+00	-8.515581e-02	
1  344.334	6.952460e+01	2.086073e+00	1.274451e-01	-1.275633e+00	-1.091469e-01	
1  344.385	6.992770e+01	2.072663e+00	1.276623e-01	-1.278405e+00	-1.269098e-01	
3  344.133	6.977877e+01	2.068216e+00	1.288952e-01	-1.269038e+00	-1.322435e-01	
1  344.919	7.020345e+01	2.071573e+00	1.270582e-01	-1.286598e+00	-1.466254e-01	
4  344.997	6.955330e+01	2.055067e+00	1.272915e-01	-1.298751e+00	-1.599257e-01	
1  345.046	6.994498e+01	2.034604e+00	1.289406e-01	-1.319140e+00	-1.169259e-01	
1  344.817	6.954808e+01	2.002686e+00	1.274640e-01	-1.304637e+00	-1.442451e-01	
1  344.525	6.991020e+01	1.980844e+00	1.274953e-01	-1.294602e+00	-1.366875e-01	
2  344.8	6.956765e+01	2.001548e+00	1.264913e-01	-1.306424e+00	-1.120983e-01	
1  344.776	6.965743e+01	2.012347e+00	1.273724e-01	-1.308437e+00	-1.136344e-01	
2  344.729	6.985683e+01	1.996407e+00	1.234945e-01	-1.270619e+00	-1.387885e-01	
1  345.949	6.894892e+01	1.998262e+00	1.238559e-01	-1.292649e+00	-1.260180e-01	
2  345.327	6.919644e+01	2.008823e+00	1.220677e-01	-1.293033e+00	-7.913047e-02	
2  345.068	6.988490e+01	2.014016e+00	1.206230e-01	-1.281552e+00	-9.805149e-02	
3  344.73	6.907170e+01	1.985186e+00	1.203237e-01	-1.256898e+00	-7.831104e-02	
1  344.779	6.878828e+01	1.990728e+00	1.224132e-01	-1.250248e+00	-9.380776e-02	
1  345.306	6.986997e+01	1.962142e+00	1.221956e-01	-1.299401e+00	-1.152896e-01	
2  345.279	6.913735e+01	1.944982e+00	1.232399e-01	-1.289718e+00	-1.226003e-01	
1  345.131	6.923083e+01	1.956909e+00	1.243815e-01	-1.294647e+00	-1.365946e-01	
1  344.903	6.847554e+01	1.931207e+00	1.250454e-01	-1.238190e+00	-7.638395e-02	
2  343.569	6.906411e+01	1.934772e+00	1.286702e-01	-1.242206e+00	-6.690034e-02	
1  343.663	6.913551e+01	1.953802e+00	1.280922e-01	-1.252092e+00	-6.162542e-02	
1  343.665	6.938128e+01	1.947317e+00	1.284647e-01	-1.240858e+00	-7.718051e-02	
1  343.547	6.914869e+01	1.948811e+00	1.289593e-01	-1.243489e+00	-9.157769e-02	
1  344.187	6.923425e+01	1.985965e+00	1.280054e-01	-1.276086e+00	-4.750849e-02	
1  343.546	6.936992e+01	2.002321e+00	1.246606e-01	-1.223235e+00	-3.682779e-02	
3  343.748	6.910482e+01	1.976342e+00	1.231085e-01	-1.223194e+00	-5.166947e-02	
2  343.553	6.875853e+01	1.982925e+00	1.238255e-01	-1.201572e+00	-3.533493e-02	
1  345.589	6.992056e+01	1.983876e+00	1.247524e-01	-1.207106e+00	-4.345608e-02	
1  344.102	6.964987e+01	1.988488e+00	1.270665e-01	-1.228394e+00	-6.943144e-02	
2  343.839	6.917264e+01	1.976605e+00	1.241258e-01	-1.228280e+00	9.015370e-03	
4  345.262	6.965619e+01	1.985056e+00	1.236728e-01	-1.236693e+00	3.482144e-02	
1  344.034	6.965844e+01	1.967343e+00	1.229905e-01	-1.207569e+00	-4.999628e-03	
7  343.555	6.908713e+01	1.965001e+00	1.212849e-01	-1.174222e+00	-9.791140e-03	
6  343.478	6.870446e+01	1.965649e+00	1.251516e-01	-1.177593e+00	-3.879594e-02	
3  343.46	6.908043e+01	1.962793e+00	1.250408e-01	-1.223047e+00	-2.207167e-02	
1  344.332	6.927207e+01	1.950347e+00	1.230599e-01	-1.158127e+00	-1.317377e-02	
6  344.285	6.872573e+01	1.965605e+00	1.232976e-01	-1.215363e+00	7.533306e-03	
8  343.834	6.938247e+01	2.004205e+00	1.211527e-01	-1.138960e+00	1.289121e-02	
1  344.422	6.796625e+01	1.982897e+00	1.222828e-01	-1.105925e+00	-3.531639e-02	
2  345.121	6.787455e+01	1.967745e+00	1.218204e-01	-1.103552e+00	-5.687976e-02	
1  347.256	6.725831e+01	1.971368e+00	1.225124e-01	-1.130600e+00	-9.106011e-02	
2  345.677	6.778304e+01	1.963937e+00	1.213234e-01	-1.125949e+00	-1.228559e-01	
3  345.594	6.800540e+01	1.966842e+00	1.202949e-01	-1.114691e+00	-9.305848e-02	
1  345.555	6.771275e+01	1.992392e+00	1.201367e-01	-1.085772e+00	-5.864473e-02	
2  344.389	6.787544e+01	1.987350e+00	1.235460e-01	-1.093823e+00	-2.646311e-02	
3  344.962	6.763355e+01	2.003820e+00	1.267682e-01	-1.081882e+00	-4.776226e-02	
1  345.172	6.769019e+01	2.003924e+00	1.299690e-01	-1.069403e+00	-6.828824e-02	
1  345.491	6.751471e+01	1.986615e+00	1.260676e-01	-1.114726e+00	-1.088204e-01	
4  344.538	6.790812e+01	2.010381e+00	1.273466e-01	-1.151229e+00	-7.709368e-02	
1  344.829	6.929351e+01	1.986134e+00	1.269414e-01	-1.163501e+00	-7.768490e-02	
1  343.969	6.942867e+01	2.013209e+00	1.246464e-01	-1.205572e+00	-7.417105e-02	
1  345.387	7.019365e+01	2.022017e+00	1.261098e-01	-1.237896e+00	-4.171676e-02	
2  344.492	6.913513e+01	2.011134e+00	1.290016e-01	-1.256026e+00	-1.283995e-02	
1  344.178	6.918383e+01	2.007207e+00	1.253877e-01	-1.244186e+00	-2.407226e-04	
4  344.307	6.961858e+01	2.010017e+00	1.247718e-01	-1.284391e+00	-2.825497e-02	
1  345.554	6.875626e+01	1.997089e+00	1.251383e-01	-1.274484e+00	-5.772906e-02	
1  345.912	6.854589e+01	1.971427e+00	1.252664e-01	-1.267897e+00	-6.104654e-02	
1  345.289	6.808197e+01	1.968784e+00	1.236285e-01	-1.198359e+00	-3.161730e-02	
1  343.764	6.848274e+01	1.973196e+00	1.237711e-01	-1.165402e+00	-4.933311e-02	
1  343.878	6.872883e+01	1.977078e+00	1.215145e-01	-1.165903e+00	-4.120734e-02	
1  344.218	6.887066e+01	1.981215e+00	1.197214e-01	-1.140963e+00	-2.446299e-02	
1  344.495	6.906664e+01	1.999570e+00	1.203829e-01	-1.121730e+00	-1.447213e-02	
1  344.623	6.939133e+01	1.994343e+00	1.197005e-01	-1.140366e+00	-5.067253e-03	
1  344.687	6.888672e+01	1.991351e+00	1.166178e-01	-1.141391e+00	-2.620919e-02	
2  345.388	6.926445e+01	1.995741e+00	1.150319e-01	-1.172794e+00	-3.201216e-02	
1  344.407	6.894956e+01	1.988614e+00	1.163190e-01	-1.221589e+00	-1.678600e-02	
2  344.409	6.908426e+01	1.968253e+00	1.174638e-01	-1.207636e+00	-2.898912e-02	
2  344.099	6.940356e+01	1.952639e+00	1.174221e-01	-1.223362e+00	-6.573132e-04	
1  344.617	6.949364e+01	1.980322e+00	1.149815e-01	-1.253129e+00	8.921175e-03	
5  344.635	6.948751e+01	1.980935e+00	1.144278e-01	-1.248052e+00	2.365606e-02	
6  345.21	6.957096e+01	2.004033e+00	1.153156e-01	-1.262824e+00	-3.156030e-02	
2  345.195	6.909582e+01	1.987735e+00	1.156266e-01	-1.258387e+00	-7.687892e-03	
4  345.266	6.916670e+01	1.995106e+00	1.156503e-01	-1.257926e+00	-3.567316e-02	
2  344.7	6.870115e+01	2.002336e+00	1.165277e-01	-1.206671e+00	1.492538e-02	
2  344.048	6.878266e+01	2.027623e+00	1.153264e-01	-1.188649e+00	-1.863078e-02	
1  343.943	6.881966e+01	2.025581e+00	1.157950e-01	-1.173907e+00	-2.319288e-02	
1  343.908	6.948895e+01	2.047637e+00	1.142197e-01	-1.148357e+00	9.247031e-03	
1  343.75	6.909456e+01	2.053008e+00	1.136939e-01	-1.193239e+00	1.387462e-02	
3  344.079	6.926273e+01	2.043448e+00	1.151792e-01	-1.169888e+00	-1.537872e-02	
4  343.42	6.888764e+01	2.046918e+00	1.161631e-01	-1.174898e+00	-6.125126e-04	
4  343.526	6.893343e+01	2.055285e+00	1.174039e-01	-1.183512e+00	6.599990e-03	
1  344.123	6.848450e+01	2.073277e+00	1.181294e-01	-1.157288e+00	8.416146e-03	
2  345.818	6.889011e+01	2.082736e+00	1.173550e-01	-1.115124e+00	3.751727e-02	
1  344.019	6.921361e+01	2.080157e+00	1.199863e-01	-1.110150e+00	5.272029e-05	
2  343.43	6.860593e+01	2.099449e+00	1.202226e-01	-1.119375e+00	2.564440e-03	
2  343.291	6.856092e+01	2.143564e+00	1.171134e-01	-1.104419e+00	-5.768136e-04	
2  344.505	6.788745e+01	2.146115e+00	1.156881e-01	-1.084367e+00	-5.824914e-04	
5  345.248	6.865212e+01	2.136667e+00	1.147400e-01	-1.002403e+00	2.447791e-02	
2  345.144	6.744296e+01	2.108500e+00	1.148221e-01	-1.031912e+00	-4.061300e-03	
5  345.557	6.765845e+01	2.146009e+00	1.171423e-01	-1.078107e+00	1.225409e-03	
1  345.465	6.767884e+01	2.117670e+00	1.176429e-01	-1.064212e+00	8.203437e-03	
1  344.428	6.810984e+01	2.120850e+00	1.182015e-01	-1.021374e+00	-6.316084e-03	
3  344.407	6.784055e+01	2.117315e+00	1.208760e-01	-1.048583e+00	-1.420562e-02	
1  345.044	6.793407e+01	2.121245e+00	1.202700e-01	-1.052481e+00	9.767560e-03	
1  344.273	6.784959e+01	2.106384e+00	1.196783e-01	-1.055671e+00	-1.038723e-02	
2  344.767	6.774396e+01	2.120544e+00	1.197495e-01	-1.043264e+00	-4.034724e-02	
1  345.1	6.818343e+01	2.115622e+00	1.187591e-01	-1.057084e+00	2.008895e-02	
5  344.629	6.803468e+01	2.112298e+00	1.192618e-01	-1.048579e+00	1.131293e-02	
2  346.096	6.859692e+01	2.124041e+00	1.207811e-01	-1.023257e+00	2.321876e-02	
4  344.58	6.790350e+01	2.101433e+00	1.213587e-01	-1.033382e+00	-1.457149e-02	
3  344.852	6.802944e+01	2.091526e+00	1.222452e-01	-1.074389e+00	8.907643e-03	
1  344.677	6.799700e+01	2.070561e+00	1.225005e-01	-1.053673e+00	-3.660089e-02	
2  344.673	6.767331e+01	2.073391e+00	1.218469e-01	-1.064505e+00	-2.477045e-02	
3  345.023	6.768635e+01	2.060705e+00	1.246116e-01	-1.041802e+00	-1.141959e-02	
4  345.935	6.771719e+01	2.030513e+00	1.233318e-01	-1.004299e+00	-1.906362e-02	
2  346.061	6.727396e+01	2.025889e+00	1.228697e-01	-1.043825e+00	-4.344766e-02	
1  345.137	6.756521e+01	2.028451e+00	1.211845e-01	-1.092933e+00	-3.154584e-02	
4  343.864	6.889159e+01	2.039833e+00	1.205307e-01	-1.145295e+00	-4.151220e-02	
2  343.651	6.902155e+01	2.020245e+00	1.205804e-01	-1.186099e+00	-4.050575e-02	
1  343.635	6.839589e+01	2.037433e+00	1.239351e-01	-1.165286e+00	-5.116194e-02	
1  343.463	6.887219e+01	2.037742e+00	1.235721e-01	-1.174177e+00	-7.013383e-02	
2  344.153	6.925387e+01	2.052260e+00	1.248417e-01	-1.147608e+00	-3.586088e-02	
1  343.962	6.907458e+01	2.055261e+00	1.232592e-01	-1.158105e+00	-8.400746e-02	
2  343.944	6.841083e+01	2.027767e+00	1.229700e-01	-1.141076e+00	-1.047521e-01	
1  343.736	6.851340e+01	2.022329e+00	1.256009e-01	-1.141399e+00	-1.130683e-01	
1  343.694	6.828340e+01	2.011802e+00	1.279437e-01	-1.159144e+00	-1.322630e-01	
2  343.542	6.853569e+01	1.997498e+00	1.271017e-01	-1.182466e+00	-1.050308e-01	
3  344.504	6.789591e+01	1.973911e+00	1.272214e-01	-1.126583e+00	-1.428576e-01	
3  345.448	6.759845e+01	1.958835e+00	1.265134e-01	-1.132368e+00	-1.295673e-01	
2  345.52	6.773238e+01	1.941131e+00	1.269223e-01	-1.166366e+00	-1.243570e-01	
1  343.954	6.869515e+01	1.965080e+00	1.277898e-01	-1.150374e+00	-1.686135e-01	
1  343.948	6.892063e+01	1.955711e+00	1.278756e-01	-1.161258e+00	-2.202230e-01	
1  343.658	6.878367e+01	1.945074e+00	1.271113e-01	-1.189878e+00	-2.269872e-01	
1  343.55	6.913789e+01	1.934820e+00	1.292368e-01	-1.203497e+00	-2.621399e-01	
2  343.806	6.939827e+01	1.944892e+00	1.310258e-01	-1.263915e+00	-2.258304e-01	
1  344.032	6.963879e+01	1.932435e+00	1.310013e-01	-1.284911e+00	-1.665704e-01	
3  345.165	7.026919e+01	1.936903e+00	1.315036e-01	-1.293983e+00	-1.446641e-01	
1  345.849	7.048369e+01	1.938280e+00	1.308256e-01	-1.344665e+00	-1.651852e-01	
1  345.922	7.036447e+01	1.953802e+00	1.319250e-01	-1.364409e+00	-1.243418e-01	
1  346.481	7.061326e+01	1.964323e+00	1.328186e-01	-1.376953e+00	-9.337687e-02	
4  345.993	7.005931e+01	1.994038e+00	1.333846e-01	-1.357663e+00	-8.765388e-02	
4  346.128	6.980884e+01	1.994438e+00	1.320660e-01	-1.352944e+00	-5.856982e-02	
1  345.551	7.007583e+01	1.991601e+00	1.296289e-01	-1.341583e+00	-2.899812e-02	
1  345.979	7.015368e+01	2.013417e+00	1.291135e-01	-1.356327e+00	-7.045124e-02	
1  346.458	7.072406e+01	2.003662e+00	1.282337e-01	-1.344531e+00	-9.481728e-02	
1  347.278	7.081319e+01	1.976452e+00	1.280027e-01	-1.304667e+00	-1.003185e-01	
3  345.797	7.008635e+01	1.974428e+00	1.268378e-01	-1.233915e+00	-1.434910e-01	
2  343.872	6.938207e+01	1.963902e+00	1.282289e-01	-1.210366e+00	-1.863561e-01	
2  343.371	6.898160e+01	1.974075e+00	1.288551e-01	-1.198202e+00	-1.874866e-01	
2  344.124	6.817403e+01	1.947340e+00	1.287595e-01	-1.137567e+00	-1.480866e-01	
2  343.659	6.871842e+01	1.964710e+00	1.287009e-01	-1.218467e+00	-1.433922e-01	
3  343.731	6.917206e+01	1.950870e+00	1.276953e-01	-1.247217e+00	-1.322431e-01	
1  344.551	6.998935e+01	1.963530e+00	1.310337e-01	-1.256105e+00	-1.948047e-01	
1  343.948	6.975695e+01	1.969556e+00	1.322910e-01	-1.256332e+00	-1.932795e-01	
1  344.296	6.993495e+01	1.983090e+00	1.326454e-01	-1.254754e+00	-2.079261e-01	
1  344.795	7.017261e+01	1.977657e+00	1.323741e-01	-1.297474e+00	-1.682981e-01	
1  344.528	6.993121e+01	2.000362e+00	1.309403e-01	-1.293986e+00	-2.022942e-01	
2  344.732	7.009094e+01	1.993127e+00	1.335208e-01	-1.294527e+00	-2.119300e-01	
4  345.556	7.024316e+01	1.993674e+00	1.340831e-01	-1.332307e+00	-1.977074e-01	
1  346.346	7.000087e+01	2.000766e+00	1.324754e-01	-1.342212e+00	-2.690243e-01	
2  345.594	6.952141e+01	2.020249e+00	1.299106e-01	-1.297058e+00	-3.159053e-01	
1  344.411	6.956384e+01	2.011484e+00	1.290082e-01	-1.272456e+00	-2.906958e-01	
2  344.922	7.014453e+01	2.023029e+00	1.320209e-01	-1.237571e+00	-2.780145e-01	
1  345.809	7.049096e+01	2.030174e+00	1.296463e-01	-1.292201e+00	-3.188739e-01	
7  345.874	7.027954e+01	2.010233e+00	1.277626e-01	-1.323547e+00	-2.867405e-01	
2  347.156	6.939355e+01	2.025036e+00	1.302733e-01	-1.315930e+00	-3.280191e-01	
3  345.308	6.946443e+01	2.038428e+00	1.325158e-01	-1.272402e+00	-3.735745e-01	
3  344.666	6.940887e+01	2.039513e+00	1.313526e-01	-1.258349e+00	-3.528853e-01	
4  345.818	6.893134e+01	2.023704e+00	1.297717e-01	-1.267616e+00	-3.040154e-01	
1  345.189	6.910354e+01	2.006401e+00	1.292546e-01	-1.269331e+00	-3.112391e-01	
2  345.223	7.016495e+01	2.004558e+00	1.271301e-01	-1.235170e+00	-3.340225e-01	
1  345.058	6.996486e+01	1.991412e+00	1.272710e-01	-1.204414e+00	-3.693492e-01	
1  343.546	6.942256e+01	1.986082e+00	1.293687e-01	-1.216666e+00	-3.329595e-01	
1  343.539	6.896110e+01	1.987603e+00	1.288110e-01	-1.214127e+00	-2.997032e-01	
1  343.524	6.929909e+01	1.990713e+00	1.277967e-01	-1.217356e+00	-2.702677e-01	
2  344.732	6.916913e+01	2.012353e+00	1.275839e-01	-1.270218e+00	-2.415135e-01	
3  343.794	6.907911e+01	2.006480e+00	1.289985e-01	-1.236028e+00	-2.585140e-01	
1  344.741	6.920817e+01	1.993398e+00	1.288494e-01	-1.267690e+00	-3.081556e-01	
1  344.373	6.907971e+01	2.004131e+00	1.302781e-01	-1.249129e+00	-3.089519e-01	
1  344.811	6.932052e+01	1.981287e+00	1.270846e-01	-1.268720e+00	-3.458645e-01	
1  347.608	6.964399e+01	1.983251e+00	1.241851e-01	-1.333707e+00	-3.620718e-01	
2  347.292	6.941773e+01	1.978639e+00	1.232609e-01	-1.320047e+00	-3.293726e-01	
1  347.021	6.878244e+01	1.981573e+00	1.240187e-01	-1.274109e+00	-3.405929e-01	
1  350.572	6.765890e+01	1.969647e+00	1.228763e-01	-1.222052e+00	-3.440182e-01	
1  348.404	6.807361e+01	1.986175e+00	1.226793e-01	-1.224908e+00	-3.902596e-01	
1  345.721	6.843569e+01	1.946642e+00	1.248659e-01	-1.221244e+00	-3.801071e-01	
2  345.786	6.858232e+01	1.936552e+00	1.255480e-01	-1.240147e+00	-3.651132e-01	
2  344.296	6.901672e+01	1.939552e+00	1.262692e-01	-1.230560e+00	-3.837723e-01	
2  345.726	6.811369e+01	1.953417e+00	1.245194e-01	-1.187259e+00	-3.901315e-01	
1  344.418	6.967259e+01	1.962843e+00	1.261270e-01	-1.243373e+00	-4.136634e-01	
1  345.145	6.915470e+01	1.930626e+00	1.224213e-01	-1.238938e+00	-4.123100e-01	
1  345.115	6.935126e+01	1.919666e+00	1.225531e-01	-1.190644e+00	-3.868198e-01	
5  345.827	6.878958e+01	1.897651e+00	1.193196e-01	-1.166979e+00	-4.150791e-01	
1  344.885	6.862961e+01	1.899788e+00	1.223634e-01	-1.168428e+00	-3.992183e-01	
1  345.304	6.880597e+01	1.890614e+00	1.218175e-01	-1.171519e+00	-3.445194e-01	
1  346.158	6.914110e+01	1.890684e+00	1.202850e-01	-1.190031e+00	-2.901165e-01	
4  345.959	6.845171e+01	1.898766e+00	1.194512e-01	-1.172163e+00	-2.937036e-01	
1  345.766	6.883730e+01	1.883117e+00	1.208646e-01	-1.187571e+00	-2.666659e-01	
1  346.128	6.889299e+01	1.894050e+00	1.196025e-01	-1.239527e+00	-2.788416e-01	
1  345.848	6.874711e+01	1.908736e+00	1.190089e-01	-1.203089e+00	-3.078723e-01	
3  345.973	6.858544e+01	1.903790e+00	1.189081e-01	-1.186692e+00	-3.070053e-01	
1  345.974	6.887014e+01	1.919941e+00	1.182211e-01	-1.208542e+00	-3.723628e-01	
3  345.39	6.882169e+01	1.932721e+00	1.192038e-01	-1.192872e+00	-3.734899e-01	
2  344.916	6.910927e+01	1.946654e+00	1.204747e-01	-1.198119e+00	-3.659922e-01	
1  345.378	6.896476e+01	1.941425e+00	1.199869e-01	-1.222256e+00	-3.712157e-01	
1  345.32	6.899684e+01	1.907441e+00	1.224118e-01	-1.240625e+00	-3.564296e-01	
1  344.993	6.905082e+01	1.890107e+00	1.235405e-01	-1.240152e+00	-3.076404e-01	
1  345.086	6.943396e+01	1.911659e+00	1.227589e-01	-1.237831e+00	-3.879518e-01	
1  344.509	6.937932e+01	1.917321e+00	1.245236e-01	-1.210393e+00	-4.286125e-01	
5  346.618	6.867642e+01	1.948102e+00	1.241203e-01	-1.253430e+00	-4.061004e-01	
3  345.628	6.871135e+01	1.920708e+00	1.258835e-01	-1.241282e+00	-4.226340e-01	
1  344.217	6.949839e+01	1.933439e+00	1.265870e-01	-1.202016e+00	-4.276487e-01	
1  343.772	6.942529e+01	1.945876e+00	1.283982e-01	-1.199960e+00	-4.267392e-01	
1  343.761	6.846835e+01	1.939872e+00	1.270301e-01	-1.159615e+00	-4.296534e-01	
2  344.372	6.835753e+01	1.937524e+00	1.278725e-01	-1.189434e+00	-3.621160e-01	
1  344.44	6.846791e+01	1.960475e+00	1.312813e-01	-1.205695e+00	-3.633859e-01	
3  343.215	6.886915e+01	1.940462e+00	1.315411e-01	-1.186270e+00	-3.629293e-01	
4  343.648	6.928383e+01	1.955619e+00	1.313894e-01	-1.174030e+00	-3.433033e-01	
2  344.683	6.851700e+01	1.956434e+00	1.319082e-01	-1.227583e+00	-2.845096e-01	
2  347.7	6.768294e+01	1.959562e+00	1.320627e-01	-1.202863e+00	-2.669526e-01	
1  347.198	6.795602e+01	1.970131e+00	1.304496e-01	-1.220294e+00	-2.815418e-01	
1  348.584	6.805579e+01	1.960425e+00	1.303897e-01	-1.254357e+00	-2.724765e-01	
2  348.621	6.872784e+01	1.958135e+00	1.336381e-01	-1.308174e+00	-3.152236e-01	
2  345.659	6.937128e+01	1.950756e+00	1.349104e-01	-1.303375e+00	-3.335234e-01	
2  345.031	7.018541e+01	1.917618e+00	1.349408e-01	-1.302337e+00	-3.524797e-01	
3  344.877	7.014298e+01	1.936202e+00	1.344239e-01	-1.288251e+00	-3.635853e-01	
1  344.76	7.000522e+01	1.951530e+00	1.373701e-01	-1.271442e+00	-4.178918e-01	
1  345	7.011685e+01	1.940006e+00	1.380280e-01	-1.287965e+00	-3.797255e-01	
2  343.864	6.900256e+01	1.949273e+00	1.399449e-01	-1.219419e+00	-3.401650e-01	
1  343.986	6.933406e+01	1.952872e+00	1.400902e-01	-1.235912e+00	-3.481577e-01	
1  344.942	7.000832e+01	1.948047e+00	1.407320e-01	-1.236593e+00	-3.140851e-01	
1  343.815	6.948512e+01	1.931861e+00	1.401150e-01	-1.216157e+00	-3.095221e-01	
1  343.797	6.922972e+01	1.945634e+00	1.416108e-01	-1.207987e+00	-3.544081e-01	
3  344.348	6.898125e+01	1.964898e+00	1.414971e-01	-1.217663e+00	-3.761382e-01	
1  344.378	6.845020e+01	1.971065e+00	1.388087e-01	-1.183705e+00	-3.913735e-01	
3  344.238	6.814954e+01	1.987754e+00	1.382621e-01	-1.143315e+00	-3.631664e-01	
