7  349.21	2.238046e+00	1.196782e-01	-9.464416e-01	-3.298487e-01	6.768149e-01	6.629917e+01	
6  347.192	2.226979e+00	1.204149e-01	-9.338155e-01	-3.290853e-01	6.827586e-01	6.706467e+01	
1  347.148	2.253729e+00	1.217694e-01	-9.538413e-01	-2.840108e-01	6.869447e-01	6.789419e+01	
2  346.611	2.237336e+00	1.203743e-01	-1.016387e+00	-2.907880e-01	6.984814e-01	6.880618e+01	
2  344.66	2.250326e+00	1.190626e-01	-1.053664e+00	-2.843707e-01	7.015054e-01	6.886697e+01	
2  343.509	2.244395e+00	1.193370e-01	-1.050980e+00	-3.555096e-01	6.979214e-01	6.850920e+01	
4  343.968	2.229898e+00	1.187314e-01	-1.106423e+00	-2.924720e-01	6.956004e-01	6.806663e+01	
4  343.989	2.242372e+00	1.188995e-01	-1.139495e+00	-2.248186e-01	6.969618e-01	6.829016e+01	
1  343.536	2.246398e+00	1.166849e-01	-1.086185e+00	-2.008041e-01	7.034601e-01	6.850122e+01	
10  343.55	2.233955e+00	1.165573e-01	-1.085526e+00	-2.242622e-01	7.023563e-01	6.831215e+01	
3  343.898	2.234100e+00	1.148581e-01	-1.083999e+00	-1.975777e-01	7.073994e-01	6.847595e+01	
1  344.294	2.257776e+00	1.135144e-01	-1.084121e+00	-2.349010e-01	7.129438e-01	6.885462e+01	
4  346.259	2.246278e+00	1.137662e-01	-1.122944e+00	-1.953784e-01	7.023782e-01	6.765539e+01	
3  343.434	2.265386e+00	1.171010e-01	-1.153006e+00	-1.901295e-01	7.037015e-01	6.867816e+01	
3  343.294	2.259929e+00	1.159772e-01	-1.144004e+00	-1.865027e-01	7.066629e-01	6.873237e+01	
2  344.834	2.273999e+00	1.150212e-01	-1.144169e+00	-2.030767e-01	7.033851e-01	6.815016e+01	
1  344.543	2.284768e+00	1.170891e-01	-1.151621e+00	-2.004680e-01	6.999737e-01	6.829458e+01	
2  343.158	2.278885e+00	1.165816e-01	-1.126016e+00	-2.366592e-01	7.070313e-01	6.897230e+01	
2  345.004	2.283701e+00	1.149816e-01	-1.153413e+00	-2.463954e-01	7.042957e-01	6.826924e+01	
1  345.025	2.296871e+00	1.140744e-01	-1.159624e+00	-2.452076e-01	7.067442e-01	6.836051e+01	
5  343.647	2.287987e+00	1.135270e-01	-1.091156e+00	-2.718592e-01	7.124739e-01	6.887782e+01	
3  343.673	2.293337e+00	1.159539e-01	-1.074081e+00	-3.318073e-01	7.079055e-01	6.895559e+01	
1  343.286	2.262914e+00	1.166354e-01	-1.078026e+00	-3.808557e-01	7.057470e-01	6.879547e+01	
1  344.193	2.254767e+00	1.183002e-01	-1.078056e+00	-3.523643e-01	7.055184e-01	6.915859e+01	
1  344.108	2.249942e+00	1.203153e-01	-1.110257e+00	-4.145819e-01	6.931077e-01	6.821712e+01	
2  343.226	2.250764e+00	1.185323e-01	-1.123767e+00	-3.277431e-01	7.004391e-01	6.861649e+01	
11  343.795	2.272050e+00	1.196131e-01	-1.154581e+00	-3.228382e-01	6.987880e-01	6.874129e+01	
1  343.393	2.282908e+00	1.189131e-01	-1.158078e+00	-3.288623e-01	7.037867e-01	6.917469e+01	
1  345.467	2.300057e+00	1.171991e-01	-1.158148e+00	-3.112026e-01	7.150228e-01	7.014042e+01	
1  343.509	2.299663e+00	1.171975e-01	-1.163062e+00	-2.625805e-01	7.094299e-01	6.946074e+01	
1  343.875	2.305754e+00	1.155877e-01	-1.149134e+00	-2.421361e-01	7.051791e-01	6.857620e+01	
2  344.258	2.297886e+00	1.142672e-01	-1.188076e+00	-2.432330e-01	7.115619e-01	6.898008e+01	
1  343.683	2.313077e+00	1.130007e-01	-1.151309e+00	-2.333632e-01	7.173507e-01	6.939933e+01	
4  344.665	2.318800e+00	1.119931e-01	-1.194098e+00	-2.315236e-01	7.234856e-01	6.991962e+01	
2  343.501	2.314871e+00	1.141780e-01	-1.148365e+00	-1.919096e-01	7.091033e-01	6.870813e+01	
2  343.693	2.291057e+00	1.140355e-01	-1.151571e+00	-2.287819e-01	7.097324e-01	6.868714e+01	
1  344.029	2.311300e+00	1.146915e-01	-1.162979e+00	-2.828924e-01	7.088274e-01	6.879493e+01	
6  343.62	2.311806e+00	1.169071e-01	-1.170207e+00	-2.756355e-01	7.102248e-01	6.951404e+01	
1  344.085	2.312535e+00	1.153612e-01	-1.173106e+00	-2.325325e-01	7.075071e-01	6.880915e+01	
2  346.719	2.293963e+00	1.160262e-01	-1.195776e+00	-2.105891e-01	7.205164e-01	7.051409e+01	
1  345.676	2.305258e+00	1.180110e-01	-1.178717e+00	-1.562156e-01	7.139189e-01	7.022032e+01	
2  343.866	2.334311e+00	1.191003e-01	-1.192433e+00	-2.085021e-01	7.049638e-01	6.948380e+01	
2  343.833	2.318060e+00	1.199532e-01	-1.189831e+00	-1.650558e-01	7.007341e-01	6.915800e+01	
1  343.274	2.312724e+00	1.198066e-01	-1.155495e+00	-2.091202e-01	7.002872e-01	6.905813e+01	
2  343.966	2.318876e+00	1.210304e-01	-1.173556e+00	-2.217387e-01	7.032428e-01	6.971253e+01	
2  344.334	2.334542e+00	1.223809e-01	-1.139334e+00	-1.994726e-01	6.996584e-01	6.965645e+01	
1  343.851	2.334800e+00	1.222940e-01	-1.152506e+00	-2.091225e-01	6.924524e-01	6.881564e+01	
2  344.876	2.349960e+00	1.237652e-01	-1.123748e+00	-2.099901e-01	6.839240e-01	6.825801e+01	
3  344.279	2.352725e+00	1.247078e-01	-1.136975e+00	-2.088255e-01	6.856821e-01	6.867377e+01	
1  343.888	2.351774e+00	1.226369e-01	-1.095970e+00	-2.382032e-01	6.947381e-01	6.919425e+01	
1  344.522	2.353627e+00	1.215532e-01	-1.117175e+00	-2.797409e-01	7.010153e-01	6.966161e+01	
2  344.079	2.372268e+00	1.209369e-01	-1.133339e+00	-3.121566e-01	6.938401e-01	6.873840e+01	
1  344.121	2.366374e+00	1.210428e-01	-1.135058e+00	-3.409114e-01	6.941374e-01	6.878298e+01	
6  344.184	2.366497e+00	1.211497e-01	-1.153252e+00	-4.006520e-01	7.007956e-01	6.957005e+01	
2  344.385	2.379358e+00	1.212473e-01	-1.126378e+00	-3.387925e-01	6.920308e-01	6.862644e+01	
1  344.652	2.367653e+00	1.211891e-01	-1.159893e+00	-3.198396e-01	7.037170e-01	6.992450e+01	
5  343.424	2.392709e+00	1.211010e-01	-1.102518e+00	-2.984238e-01	6.949095e-01	6.894641e+01	
2  343.793	2.393852e+00	1.220291e-01	-1.085328e+00	-3.577606e-01	6.892530e-01	6.853694e+01	
7  344.06	2.362310e+00	1.239247e-01	-1.056792e+00	-3.083214e-01	6.892951e-01	6.891160e+01	
1  345.556	2.358512e+00	1.232280e-01	-1.083305e+00	-2.858629e-01	6.970449e-01	6.961348e+01	
1  343.504	2.345371e+00	1.231174e-01	-1.103056e+00	-2.915671e-01	6.890585e-01	6.865701e+01	
3  345.623	2.341525e+00	1.249057e-01	-1.127872e+00	-2.536205e-01	6.965065e-01	6.990795e+01	
4  346.618	2.339991e+00	1.239002e-01	-1.111845e+00	-2.496760e-01	6.993838e-01	6.999957e+01	
1  343.707	2.330051e+00	1.237869e-01	-1.147738e+00	-2.457805e-01	6.913846e-01	6.903653e+01	
1  344.88	2.350901e+00	1.249403e-01	-1.146807e+00	-2.653942e-01	6.850856e-01	6.865826e+01	
3  344.879	2.352633e+00	1.265055e-01	-1.165727e+00	-2.374371e-01	6.850612e-01	6.902058e+01	
1  344.279	2.367818e+00	1.263026e-01	-1.129596e+00	-2.626063e-01	6.871611e-01	6.924006e+01	
1  345.903	2.386590e+00	1.253047e-01	-1.058639e+00	-2.662199e-01	6.745823e-01	6.770505e+01	
2  345.016	2.391746e+00	1.253121e-01	-1.054581e+00	-2.272179e-01	6.765044e-01	6.791931e+01	
1  347.223	2.390713e+00	1.256479e-01	-1.065076e+00	-2.043733e-01	6.913943e-01	6.961430e+01	
1  344.294	2.394805e+00	1.250364e-01	-1.121796e+00	-2.049474e-01	6.852762e-01	6.880273e+01	
2  343.876	2.394525e+00	1.231774e-01	-1.096991e+00	-2.200983e-01	6.916696e-01	6.907671e+01	
1  343.525	2.375399e+00	1.214762e-01	-1.125605e+00	-2.350389e-01	6.966270e-01	6.918946e+01	
5  343.776	2.368513e+00	1.218953e-01	-1.133324e+00	-2.018990e-01	6.975873e-01	6.938275e+01	
2  343.606	2.374969e+00	1.227907e-01	-1.118747e+00	-2.185670e-01	6.927232e-01	6.905798e+01	
3  344.837	2.384487e+00	1.203790e-01	-1.092678e+00	-2.252128e-01	6.878661e-01	6.797483e+01	
2  345.983	2.408927e+00	1.198882e-01	-1.060427e+00	-2.193126e-01	7.018038e-01	6.948582e+01	
3  343.695	2.420344e+00	1.204821e-01	-1.064101e+00	-1.893622e-01	6.936471e-01	6.872292e+01	
2  343.7	2.391188e+00	1.224852e-01	-1.067060e+00	-2.101462e-01	6.876092e-01	6.845689e+01	
5  344.04	2.401646e+00	1.220986e-01	-1.118456e+00	-2.142571e-01	6.897711e-01	6.862879e+01	
4  344.041	2.396596e+00	1.207785e-01	-1.083743e+00	-1.521051e-01	6.886034e-01	6.817797e+01	
11  343.711	2.407179e+00	1.226950e-01	-1.094390e+00	-2.254866e-01	6.903625e-01	6.884733e+01	
7  344.303	2.415627e+00	1.248873e-01	-1.104787e+00	-2.294651e-01	6.849287e-01	6.877842e+01	
2  344.104	2.431882e+00	1.223679e-01	-1.088353e+00	-2.302611e-01	6.932412e-01	6.915076e+01	
3  343.73	2.444239e+00	1.206346e-01	-1.045157e+00	-2.489802e-01	6.902736e-01	6.844004e+01	
1  345.205	2.455904e+00	1.195508e-01	-1.044163e+00	-2.652584e-01	6.856613e-01	6.770925e+01	
2  345.022	2.448541e+00	1.207592e-01	-9.617513e-01	-3.118290e-01	6.829572e-01	6.768479e+01	
3  345.209	2.445447e+00	1.209655e-01	-1.018513e+00	-3.196416e-01	6.818947e-01	6.761245e+01	
2  344.925	2.460565e+00	1.175736e-01	-9.691691e-01	-3.512383e-01	6.962814e-01	6.841989e+01	
7  343.966	2.442710e+00	1.157047e-01	-9.791094e-01	-3.437492e-01	6.972329e-01	6.803211e+01	
2  344.159	2.449928e+00	1.155970e-01	-9.630574e-01	-3.962302e-01	6.977453e-01	6.808112e+01	
2  343.5	2.458222e+00	1.163702e-01	-1.011195e+00	-4.010277e-01	7.006640e-01	6.862096e+01	
1  343.273	2.466948e+00	1.146674e-01	-1.021229e+00	-4.103434e-01	7.001544e-01	6.816858e+01	
2  342.95	2.451066e+00	1.136085e-01	-1.051122e+00	-3.707586e-01	7.065124e-01	6.860127e+01	
2  343.027	2.438404e+00	1.143552e-01	-1.063607e+00	-3.216760e-01	7.068836e-01	6.879860e+01	
4  343.586	2.433318e+00	1.124012e-01	-1.074237e+00	-3.169351e-01	7.144993e-01	6.920464e+01	
1  343.176	2.450412e+00	1.149327e-01	-1.083873e+00	-3.083145e-01	7.037967e-01	6.861101e+01	
3  343.826	2.440068e+00	1.144247e-01	-1.007450e+00	-3.768798e-01	6.977231e-01	6.776913e+01	
2  344.367	2.427034e+00	1.146998e-01	-9.917934e-01	-3.448055e-01	6.951412e-01	6.751673e+01	
5  343.99	2.437661e+00	1.146493e-01	-9.819365e-01	-3.260095e-01	6.997743e-01	6.804935e+01	
1  343.837	2.405433e+00	1.154108e-01	-9.907320e-01	-3.990335e-01	6.959886e-01	6.773106e+01	
1  344.699	2.410766e+00	1.149200e-01	-9.884302e-01	-3.760082e-01	6.938443e-01	6.738752e+01	
7  344.017	2.419270e+00	1.164409e-01	-9.788004e-01	-3.557416e-01	6.960278e-01	6.801860e+01	
1  343.058	2.398362e+00	1.147487e-01	-1.043780e+00	-3.523797e-01	7.031075e-01	6.835798e+01	
2  343.92	2.412851e+00	1.146829e-01	-1.075695e+00	-3.221376e-01	7.007389e-01	6.810632e+01	
4  344.741	2.404093e+00	1.134936e-01	-1.001408e+00	-3.313514e-01	6.972700e-01	6.740284e+01	
1  344.787	2.410460e+00	1.132475e-01	-1.030644e+00	-3.579735e-01	6.990061e-01	6.755209e+01	
2  343.336	2.412373e+00	1.132148e-01	-1.080308e+00	-3.850499e-01	7.068266e-01	6.844377e+01	
1  346.622	2.423447e+00	1.125105e-01	-1.128219e+00	-4.351242e-01	7.063943e-01	6.824541e+01	
2  345.422	2.418639e+00	1.141074e-01	-1.168019e+00	-3.818129e-01	7.198807e-01	7.026351e+01	
7  343.658	2.437020e+00	1.149261e-01	-1.128591e+00	-3.949825e-01	7.096243e-01	6.926115e+01	
1  343.459	2.452783e+00	1.130430e-01	-1.122737e+00	-3.585014e-01	7.122808e-01	6.914786e+01	
5  343.271	2.460023e+00	1.132999e-01	-1.100694e+00	-3.366772e-01	7.087004e-01	6.880381e+01	
5  343.039	2.448579e+00	1.129655e-01	-1.082785e+00	-3.800795e-01	7.111281e-01	6.897977e+01	
2  343.019	2.446452e+00	1.126187e-01	-1.071858e+00	-3.831937e-01	7.090687e-01	6.864310e+01	
2  343	2.466546e+00	1.138652e-01	-1.064829e+00	-3.869506e-01	7.072760e-01	6.879292e+01	
1  344.56	2.462850e+00	1.159411e-01	-1.104293e+00	-3.979665e-01	7.115115e-01	6.980418e+01	
2  344.801	2.451359e+00	1.155976e-01	-1.120707e+00	-4.148142e-01	7.136925e-01	6.995521e+01	
1  345.753	2.463415e+00	1.156208e-01	-1.166978e+00	-3.780413e-01	7.164224e-01	7.032715e+01	
3  345.531	2.451994e+00	1.161102e-01	-1.182550e+00	-3.864029e-01	7.146497e-01	7.020209e+01	
1  344.954	2.450472e+00	1.167245e-01	-1.166716e+00	-2.906667e-01	7.124303e-01	7.007946e+01	
2  345.417	2.467404e+00	1.173901e-01	-1.177557e+00	-2.835088e-01	7.117089e-01	7.019831e+01	
1  344.306	2.474250e+00	1.167197e-01	-1.161325e+00	-2.738836e-01	7.070258e-01	6.948731e+01	
2  344.321	2.494506e+00	1.157795e-01	-1.131225e+00	-2.687254e-01	7.108917e-01	6.976774e+01	
2  343.75	2.489167e+00	1.161702e-01	-1.126516e+00	-2.817073e-01	7.068310e-01	6.936586e+01	
12  344.453	2.480075e+00	1.162554e-01	-1.173124e+00	-2.431748e-01	7.088425e-01	6.960366e+01	
3  343.433	2.475296e+00	1.156063e-01	-1.126728e+00	-1.934414e-01	7.072188e-01	6.923871e+01	
1  343.69	2.457930e+00	1.152793e-01	-1.080124e+00	-1.848275e-01	7.075641e-01	6.915589e+01	
3  343.264	2.448816e+00	1.143608e-01	-1.123110e+00	-2.380996e-01	7.103349e-01	6.923460e+01	
1  344.42	2.438063e+00	1.174967e-01	-1.129596e+00	-2.372654e-01	7.085658e-01	6.977281e+01	
1  344.061	2.453805e+00	1.173347e-01	-1.134515e+00	-2.446225e-01	7.075666e-01	6.965238e+01	
6  343.433	2.465469e+00	1.158319e-01	-1.113292e+00	-2.803749e-01	7.042971e-01	6.892705e+01	
1  343.77	2.489992e+00	1.149847e-01	-1.062626e+00	-2.879878e-01	7.078645e-01	6.919787e+01	
1  345.464	2.504840e+00	1.111836e-01	-1.135950e+00	-3.036495e-01	7.099315e-01	6.853136e+01	
1  343.643	2.481447e+00	1.103634e-01	-1.110863e+00	-2.845606e-01	7.200997e-01	6.949461e+01	
4  344.606	2.482640e+00	1.089961e-01	-1.143896e+00	-2.691137e-01	7.264983e-01	6.994949e+01	
1  344.197	2.488148e+00	1.084179e-01	-1.132454e+00	-2.639180e-01	7.261320e-01	6.976593e+01	
1  344.643	2.500271e+00	1.093395e-01	-1.149648e+00	-2.293209e-01	7.157960e-01	6.875291e+01	
2  344.436	2.494356e+00	1.101197e-01	-1.175219e+00	-2.511999e-01	7.192369e-01	6.935832e+01	
2  344.247	2.510155e+00	1.128908e-01	-1.139606e+00	-2.759032e-01	7.168935e-01	6.981562e+01	
2  344.213	2.534461e+00	1.145335e-01	-1.104811e+00	-3.114802e-01	7.116993e-01	6.965497e+01	
5  344.267	2.503948e+00	1.157389e-01	-1.144354e+00	-3.126653e-01	7.093424e-01	6.959487e+01	
2  344.871	2.500153e+00	1.144228e-01	-1.179959e+00	-2.702367e-01	7.113963e-01	6.950536e+01	
2  343.795	2.512892e+00	1.127324e-01	-1.123198e+00	-2.020009e-01	7.152467e-01	6.958038e+01	
1  343.892	2.538104e+00	1.137055e-01	-1.117342e+00	-1.614441e-01	7.055324e-01	6.872642e+01	
3  343.251	2.521090e+00	1.127569e-01	-1.086741e+00	-2.150667e-01	7.070528e-01	6.862686e+01	
1  344.981	2.525105e+00	1.135026e-01	-1.074882e+00	-1.996993e-01	7.135562e-01	6.959892e+01	
3  345.726	2.531298e+00	1.137019e-01	-1.065762e+00	-2.713364e-01	7.143850e-01	6.976541e+01	
2  344.481	2.536910e+00	1.129907e-01	-1.087065e+00	-3.131794e-01	7.037250e-01	6.833724e+01	
1  343.362	2.539620e+00	1.124861e-01	-1.059238e+00	-3.057356e-01	7.055409e-01	6.842926e+01	
14  343.156	2.528169e+00	1.119273e-01	-1.027871e+00	-3.165531e-01	7.087386e-01	6.863566e+01	
2  343.094	2.526619e+00	1.122114e-01	-1.061524e+00	-2.880495e-01	7.075805e-01	6.856661e+01	
2  344.587	2.540012e+00	1.130499e-01	-1.041938e+00	-2.696305e-01	7.117398e-01	6.930334e+01	
2  343.703	2.529403e+00	1.144038e-01	-1.073628e+00	-2.594581e-01	7.087018e-01	6.925098e+01	
4  344.022	2.530981e+00	1.143457e-01	-1.072797e+00	-1.927778e-01	6.998846e-01	6.821578e+01	
1  343.388	2.538994e+00	1.135755e-01	-1.099335e+00	-1.473643e-01	7.064703e-01	6.880616e+01	
5  343.712	2.563834e+00	1.152058e-01	-1.093722e+00	-1.417354e-01	7.048156e-01	6.907528e+01	
1  345.182	2.562675e+00	1.145375e-01	-1.097082e+00	-2.144468e-01	6.992458e-01	6.826731e+01	
1  345.869	2.573340e+00	1.127354e-01	-1.097196e+00	-2.266424e-01	7.014662e-01	6.810504e+01	
2  344.931	2.581699e+00	1.159790e-01	-1.134107e+00	-1.903316e-01	7.019369e-01	6.897281e+01	
1  344.639	2.585475e+00	1.170781e-01	-1.124923e+00	-2.026476e-01	7.039896e-01	6.948845e+01	
2  344.796	2.589784e+00	1.140703e-01	-1.094951e+00	-1.934500e-01	7.008421e-01	6.840130e+01	
2  343.698	2.576906e+00	1.114964e-01	-1.071317e+00	-2.233731e-01	7.063702e-01	6.837237e+01	
1  344.097	2.574417e+00	1.121763e-01	-1.101326e+00	-1.851504e-01	7.151673e-01	6.958561e+01	
5  343.136	2.563113e+00	1.114914e-01	-1.041315e+00	-2.328510e-01	7.077909e-01	6.850268e+01	
2  344.024	2.570228e+00	1.128525e-01	-1.031449e+00	-2.464230e-01	7.001497e-01	6.797644e+01	
4  343.527	2.553844e+00	1.116928e-01	-1.004864e+00	-2.957559e-01	7.032295e-01	6.800112e+01	
1  344.13	2.545851e+00	1.107357e-01	-1.031065e+00	-2.536605e-01	7.038942e-01	6.781969e+01	
2  343.2	2.557202e+00	1.109703e-01	-1.026323e+00	-2.756203e-01	7.070329e-01	6.826910e+01	
6  343.571	2.556264e+00	1.116828e-01	-1.006650e+00	-2.848181e-01	7.081825e-01	6.857933e+01	
3  343.934	2.534613e+00	1.122723e-01	-1.017866e+00	-2.942305e-01	7.099357e-01	6.887968e+01	
3  343.47	2.545241e+00	1.134310e-01	-1.018557e+00	-2.476886e-01	7.039057e-01	6.848732e+01	
7  343.64	2.566437e+00	1.148407e-01	-1.071947e+00	-2.609885e-01	7.058783e-01	6.911662e+01	
1  343.69	2.569329e+00	1.135450e-01	-1.055891e+00	-2.782506e-01	7.021465e-01	6.837195e+01	
4  343.522	2.560849e+00	1.130405e-01	-1.022166e+00	-2.794868e-01	7.014848e-01	6.815146e+01	
11  343.676	2.574402e+00	1.128971e-01	-1.023150e+00	-3.063886e-01	7.012003e-01	6.811707e+01	
1  343.611	2.568356e+00	1.105180e-01	-9.722444e-01	-3.449042e-01	7.052025e-01	6.797187e+01	
3  343.847	2.584950e+00	1.117163e-01	-1.010706e+00	-3.434723e-01	7.021354e-01	6.795882e+01	
1  343.377	2.585053e+00	1.126255e-01	-1.000534e+00	-3.637531e-01	7.030599e-01	6.828933e+01	
1  343.758	2.586299e+00	1.115502e-01	-9.881605e-01	-3.297511e-01	7.018235e-01	6.788557e+01	
4  343.884	2.598312e+00	1.110727e-01	-1.022074e+00	-3.333667e-01	7.038418e-01	6.802789e+01	
2  344.054	2.576758e+00	1.105772e-01	-1.005005e+00	-3.380528e-01	7.130649e-01	6.893304e+01	
3  343.054	2.570802e+00	1.094358e-01	-1.012279e+00	-3.491308e-01	7.107410e-01	6.835254e+01	
2  342.987	2.567468e+00	1.094725e-01	-1.046601e+00	-3.617899e-01	7.132042e-01	6.864630e+01	
13  343.096	2.565595e+00	1.075888e-01	-1.023817e+00	-4.004756e-01	7.143742e-01	6.830088e+01	
2  343.228	2.548939e+00	1.065227e-01	-1.077537e+00	-3.608248e-01	7.206307e-01	6.874127e+01	
3  343.488	2.535162e+00	1.062286e-01	-1.049232e+00	-3.787537e-01	7.176212e-01	6.826204e+01	
3  343.141	2.563455e+00	1.053060e-01	-1.003498e+00	-3.790658e-01	7.189699e-01	6.825912e+01	
3  343.078	2.535354e+00	1.069029e-01	-1.020826e+00	-3.499137e-01	7.166261e-01	6.831695e+01	
14  343.053	2.541675e+00	1.055000e-01	-1.033199e+00	-3.513731e-01	7.213676e-01	6.854595e+01	
1  343.438	2.514026e+00	1.084452e-01	-9.970687e-01	-3.513112e-01	7.107936e-01	6.796350e+01	
2  343.503	2.522814e+00	1.084063e-01	-9.875437e-01	-3.323169e-01	7.117093e-01	6.808382e+01	
2  345.298	2.501914e+00	1.122403e-01	-9.609077e-01	-3.174833e-01	6.959099e-01	6.718464e+01	
1  343.571	2.511388e+00	1.118834e-01	-1.014886e+00	-3.682259e-01	7.033169e-01	6.795316e+01	
7  343.203	2.517906e+00	1.129645e-01	-1.055285e+00	-3.850447e-01	7.099665e-01	6.901465e+01	
2  344.228	2.522405e+00	1.129015e-01	-1.055572e+00	-3.422620e-01	7.019546e-01	6.807628e+01	
2  343.907	2.528241e+00	1.107442e-01	-1.001446e+00	-3.723366e-01	7.127373e-01	6.881329e+01	
1  343.346	2.538206e+00	1.093965e-01	-9.829715e-01	-3.886127e-01	7.088138e-01	6.803384e+01	
1  343.431	2.557292e+00	1.120687e-01	-1.000393e+00	-3.615445e-01	7.029259e-01	6.806792e+01	
4  344.068	2.551727e+00	1.119381e-01	-1.024695e+00	-3.806895e-01	7.022481e-01	6.794440e+01	
9  344.509	2.558460e+00	1.121379e-01	-1.011367e+00	-3.984449e-01	7.000141e-01	6.775667e+01	
2  343.204	2.543395e+00	1.107226e-01	-1.011238e+00	-4.253398e-01	7.071726e-01	6.818886e+01	
3  342.972	2.537273e+00	1.108384e-01	-1.031639e+00	-4.596641e-01	7.112430e-01	6.868155e+01	
8  342.971	2.528703e+00	1.104128e-01	-1.002945e+00	-4.969132e-01	7.100159e-01	6.840732e+01	
3  344.035	2.503338e+00	1.102621e-01	-9.659871e-01	-4.741867e-01	7.118267e-01	6.851959e+01	
2  343.228	2.493461e+00	1.097968e-01	-9.858918e-01	-4.545651e-01	7.101795e-01	6.818202e+01	
2  343.35	2.478903e+00	1.100967e-01	-9.818926e-01	-4.495488e-01	7.096143e-01	6.815464e+01	
1  345.918	2.477738e+00	1.080238e-01	-9.803804e-01	-4.285555e-01	7.051943e-01	6.711708e+01	
2  344.303	2.489148e+00	1.100879e-01	-1.014462e+00	-4.998018e-01	7.061085e-01	6.777043e+01	
1  344.579	2.478201e+00	1.133942e-01	-9.730189e-01	-4.869123e-01	6.961775e-01	6.743830e+01	
2  345.002	2.492309e+00	1.147294e-01	-9.208761e-01	-4.055006e-01	6.947080e-01	6.763425e+01	
4  345.038	2.489121e+00	1.139880e-01	-9.374983e-01	-3.785460e-01	7.002289e-01	6.806499e+01	
1  346.948	2.492611e+00	1.112814e-01	-9.148768e-01	-3.401562e-01	7.061808e-01	6.808640e+01	
1  345.141	2.495982e+00	1.104399e-01	-9.994280e-01	-3.676526e-01	7.016373e-01	6.736534e+01	
1  343.827	2.505029e+00	1.072290e-01	-1.020166e+00	-3.866274e-01	7.214805e-01	6.891568e+01	
2  343.048	2.509705e+00	1.074926e-01	-1.039221e+00	-3.917560e-01	7.193706e-01	6.873662e+01	
1  343.272	2.512808e+00	1.087372e-01	-1.046899e+00	-4.223185e-01	7.193211e-01	6.906040e+01	
1  343.005	2.524325e+00	1.096292e-01	-1.024443e+00	-4.465589e-01	7.116213e-01	6.838802e+01	
1  343.488	2.497562e+00	1.093782e-01	-9.814927e-01	-3.955461e-01	7.092236e-01	6.797441e+01	
1  344.135	2.525502e+00	1.075580e-01	-9.867299e-01	-4.104410e-01	7.093915e-01	6.760305e+01	
1  343.957	2.542814e+00	1.063620e-01	-9.456161e-01	-4.487637e-01	7.122028e-01	6.767031e+01	
7  344.529	2.559298e+00	1.059429e-01	-9.305369e-01	-4.040463e-01	7.147800e-01	6.790976e+01	
1  345.143	2.550157e+00	1.071738e-01	-9.204174e-01	-4.251119e-01	7.137162e-01	6.807644e+01	
1  343.369	2.559701e+00	1.084595e-01	-9.954519e-01	-4.645172e-01	7.164209e-01	6.875541e+01	
1  343.218	2.535118e+00	1.081353e-01	-9.841778e-01	-4.287687e-01	7.131000e-01	6.821083e+01	
1  343.086	2.540295e+00	1.082518e-01	-1.039861e+00	-4.126240e-01	7.145799e-01	6.843053e+01	
2  343.622	2.562312e+00	1.078766e-01	-1.033560e+00	-4.964435e-01	7.135826e-01	6.827166e+01	
2  342.982	2.553382e+00	1.101051e-01	-1.033597e+00	-4.527976e-01	7.123980e-01	6.867462e+01	
3  342.925	2.563452e+00	1.081220e-01	-1.032400e+00	-3.943943e-01	7.155598e-01	6.857439e+01	
3  343.35	2.589493e+00	1.083183e-01	-1.070671e+00	-4.373900e-01	7.177027e-01	6.895159e+01	
1  343.421	2.566242e+00	1.083818e-01	-1.066901e+00	-4.974151e-01	7.176017e-01	6.889585e+01	
5  343	2.557002e+00	1.083695e-01	-1.025112e+00	-5.161587e-01	7.152779e-01	6.858730e+01	
2  343.375	2.561594e+00	1.121559e-01	-1.012935e+00	-5.258545e-01	7.102515e-01	6.895561e+01	
1  343.146	2.517862e+00	1.113764e-01	-1.017571e+00	-6.311405e-01	7.095487e-01	6.856733e+01	
2  343.568	2.514363e+00	1.108466e-01	-1.045971e+00	-6.522771e-01	7.121546e-01	6.873441e+01	
2  344.26	2.527323e+00	1.077785e-01	-1.033241e+00	-6.340673e-01	7.141824e-01	6.822850e+01	
3  345.136	2.514232e+00	1.067735e-01	-1.128017e+00	-6.132008e-01	7.292914e-01	6.980675e+01	
1  347.031	2.502095e+00	1.095360e-01	-1.125983e+00	-6.258825e-01	7.296521e-01	7.054912e+01	
1  345.107	2.490347e+00	1.095015e-01	-1.104282e+00	-6.240804e-01	7.165457e-01	6.885987e+01	
4  344.507	2.497400e+00	1.110525e-01	-1.097430e+00	-5.867874e-01	7.208136e-01	6.980150e+01	
4  345.244	2.490961e+00	1.114853e-01	-1.129728e+00	-6.010868e-01	7.156667e-01	6.926042e+01	
1  345.981	2.484224e+00	1.109986e-01	-1.081746e+00	-5.379475e-01	7.074336e-01	6.814013e+01	
2  345.314	2.466298e+00	1.108752e-01	-1.062648e+00	-4.792533e-01	7.062219e-01	6.792366e+01	
1  344.496	2.494490e+00	1.127647e-01	-1.089364e+00	-4.419977e-01	7.060977e-01	6.845114e+01	
4  344.955	2.482910e+00	1.105569e-01	-1.095914e+00	-4.347319e-01	7.230506e-01	6.991762e+01	
3  345.063	2.485680e+00	1.099350e-01	-1.106166e+00	-4.950338e-01	7.250112e-01	7.001228e+01	
1  344.787	2.482144e+00	1.084091e-01	-1.122096e+00	-4.084687e-01	7.173713e-01	6.865840e+01	
1  343.33	2.494935e+00	1.120776e-01	-1.090916e+00	-4.316257e-01	7.126189e-01	6.905162e+01	
1  343.233	2.507117e+00	1.130762e-01	-1.079265e+00	-3.894868e-01	7.106682e-01	6.909925e+01	
1  344.728	2.537093e+00	1.138706e-01	-1.103673e+00	-3.531099e-01	7.146960e-01	6.986030e+01	
7  345.082	2.566737e+00	1.149192e-01	-1.107552e+00	-3.328103e-01	7.124476e-01	6.992193e+01	
3  346.031	2.557754e+00	1.154939e-01	-1.120522e+00	-3.184800e-01	6.997601e-01	6.854650e+01	
2  345.504	2.552716e+00	1.142156e-01	-1.092439e+00	-2.692192e-01	6.993177e-01	6.817273e+01	
1  345.466	2.545864e+00	1.133788e-01	-1.101080e+00	-2.486845e-01	7.014667e-01	6.819569e+01	
1  343.303	2.541707e+00	1.140763e-01	-1.055639e+00	-2.320299e-01	7.029087e-01	6.852227e+01	
1  344.425	2.528013e+00	1.132634e-01	-1.014406e+00	-1.944258e-01	6.973934e-01	6.766341e+01	
2  344.08	2.514334e+00	1.163140e-01	-1.023067e+00	-1.593452e-01	6.940584e-01	6.799759e+01	
1  344.567	2.539765e+00	1.161269e-01	-1.039145e+00	-1.297811e-01	7.024822e-01	6.896986e+01	
6  344.9	2.566844e+00	1.178413e-01	-1.004619e+00	-1.649449e-01	6.884247e-01	6.786707e+01	
3  344.469	2.551464e+00	1.168070e-01	-1.052633e+00	-1.714062e-01	6.931645e-01	6.810557e+01	
3  343.588	2.525559e+00	1.162424e-01	-1.059772e+00	-1.849524e-01	7.012383e-01	6.881970e+01	
1  344.052	2.535915e+00	1.153582e-01	-1.050637e+00	-2.078824e-01	6.966061e-01	6.810364e+01	
2  343.494	2.538244e+00	1.151568e-01	-1.062488e+00	-2.383379e-01	7.004889e-01	6.850028e+01	
1  344.515	2.557044e+00	1.161516e-01	-1.098972e+00	-2.767905e-01	6.992962e-01	6.865136e+01	
4  343.86	2.538195e+00	1.180392e-01	-1.078010e+00	-2.079881e-01	6.982804e-01	6.894532e+01	
7  344.033	2.524984e+00	1.180026e-01	-1.114589e+00	-1.947717e-01	7.016393e-01	6.929155e+01	
1  343.872	2.523352e+00	1.175487e-01	-1.096186e+00	-1.798743e-01	7.017955e-01	6.919585e+01	
2  344.266	2.506930e+00	1.176676e-01	-1.102528e+00	-1.989230e-01	7.044271e-01	6.949216e+01	
5  344.66	2.484921e+00	1.185311e-01	-1.091451e+00	-2.424438e-01	6.924779e-01	6.828206e+01	
1  344.679	2.481009e+00	1.193642e-01	-1.133850e+00	-2.238576e-01	6.953646e-01	6.879449e+01	
2  344.062	2.483289e+00	1.188301e-01	-1.125951e+00	-2.519259e-01	6.986024e-01	6.904028e+01	
4  343.932	2.468298e+00	1.191720e-01	-1.101556e+00	-2.608020e-01	6.949495e-01	6.867151e+01	
2  344.205	2.469165e+00	1.202223e-01	-1.135861e+00	-2.473836e-01	6.988403e-01	6.936760e+01	
10  343.532	2.483759e+00	1.175540e-01	-1.098674e+00	-2.795770e-01	7.004440e-01	6.894506e+01	
1  345.327	2.505885e+00	1.167120e-01	-1.037055e+00	-2.925401e-01	7.054322e-01	6.937465e+01	
3  343.95	2.492674e+00	1.171902e-01	-1.031228e+00	-2.913111e-01	7.003919e-01	6.887256e+01	
1  344.588	2.480124e+00	1.173681e-01	-1.091209e+00	-3.139845e-01	6.954698e-01	6.832628e+01	
3  344.392	2.497185e+00	1.186828e-01	-1.062879e+00	-3.234472e-01	6.915517e-01	6.824466e+01	
1  344.359	2.494191e+00	1.217044e-01	-1.028306e+00	-3.319196e-01	6.852804e-01	6.826115e+01	
1  343.815	2.503228e+00	1.195924e-01	-1.052254e+00	-2.859025e-01	6.928156e-01	6.861539e+01	
1  344.193	2.494820e+00	1.201479e-01	-1.093129e+00	-2.917783e-01	6.930380e-01	6.875202e+01	
2  343.734	2.495042e+00	1.192393e-01	-1.058102e+00	-2.454225e-01	6.933241e-01	6.856893e+01	
2  344.382	2.490915e+00	1.176539e-01	-1.081219e+00	-2.434525e-01	6.938815e-01	6.824309e+01	
3  343.838	2.494846e+00	1.173205e-01	-1.091620e+00	-2.470250e-01	7.038543e-01	6.931103e+01	
8  344.312	2.492041e+00	1.176928e-01	-1.111844e+00	-3.081663e-01	7.058812e-01	6.963355e+01	
2  343.898	2.479526e+00	1.157059e-01	-1.109204e+00	-3.159153e-01	7.024426e-01	6.871547e+01	
2  343.994	2.479813e+00	1.155401e-01	-1.138870e+00	-3.365936e-01	7.081395e-01	6.934264e+01	
3  343.458	2.456200e+00	1.151959e-01	-1.114302e+00	-3.248230e-01	7.059484e-01	6.894081e+01	
2  343.223	2.445461e+00	1.151209e-01	-1.078215e+00	-2.878532e-01	7.023493e-01	6.847802e+01	
3  343.417	2.437409e+00	1.169586e-01	-1.126087e+00	-2.658966e-01	7.047293e-01	6.918486e+01	
6  345.057	2.465767e+00	1.177020e-01	-1.190955e+00	-2.209253e-01	7.047750e-01	6.944116e+01	
2  346.217	2.471970e+00	1.169932e-01	-1.221577e+00	-2.907968e-01	7.123934e-01	7.019485e+01	
1  347.773	2.468218e+00	1.163546e-01	-1.220238e+00	-3.231158e-01	7.063704e-01	6.930526e+01	
2  344.44	2.466624e+00	1.159641e-01	-1.135096e+00	-3.112475e-01	7.030577e-01	6.881823e+01	
4  344.484	2.471232e+00	1.121875e-01	-1.152732e+00	-2.784173e-01	7.116482e-01	6.890330e+01	
2  343.623	2.471174e+00	1.133671e-01	-1.136571e+00	-2.990285e-01	7.117075e-01	6.920652e+01	
7  344.144	2.468250e+00	1.139963e-01	-1.147607e+00	-2.747086e-01	7.152695e-01	6.978917e+01	
2  344.372	2.432771e+00	1.125270e-01	-1.165042e+00	-2.786230e-01	7.200139e-01	6.991360e+01	
3  345.177	2.449618e+00	1.138187e-01	-1.197855e+00	-2.896053e-01	7.133510e-01	6.946392e+01	
1  345.523	2.453955e+00	1.139731e-01	-1.173369e+00	-2.410896e-01	7.198152e-01	7.031086e+01	
3  344.725	2.462685e+00	1.132222e-01	-1.163521e+00	-1.568678e-01	7.190214e-01	7.004307e+01	
2  344.331	2.474635e+00	1.110051e-01	-1.193014e+00	-1.779389e-01	7.197740e-01	6.960141e+01	
2  344.026	2.479760e+00	1.124135e-01	-1.169091e+00	-1.578583e-01	7.180741e-01	6.976333e+01	
5  343.894	2.477282e+00	1.109865e-01	-1.171736e+00	-1.628154e-01	7.172096e-01	6.928712e+01	
1  344.023	2.467746e+00	1.109385e-01	-1.174917e+00	-2.221866e-01	7.199550e-01	6.958914e+01	
1  344.043	2.457636e+00	1.079699e-01	-1.117928e+00	-2.210312e-01	7.259463e-01	6.954499e+01	
3  343.382	2.453142e+00	1.078343e-01	-1.125933e+00	-2.401057e-01	7.232516e-01	6.915844e+01	
1  343.883	2.450331e+00	1.074013e-01	-1.045817e+00	-2.405267e-01	7.209963e-01	6.875828e+01	
1  343.268	2.437113e+00	1.102538e-01	-1.045917e+00	-2.594304e-01	7.108912e-01	6.823890e+01	
1  343.456	2.447815e+00	1.066528e-01	-1.054009e+00	-2.449770e-01	7.193870e-01	6.835946e+01	
5  344.069	2.470625e+00	1.061919e-01	-1.039096e+00	-2.396240e-01	7.231965e-01	6.876715e+01	
8  343.821	2.480408e+00	1.082020e-01	-1.013533e+00	-2.125376e-01	7.114811e-01	6.789668e+01	
5  343.42	2.507955e+00	1.079179e-01	-1.016758e+00	-2.505779e-01	7.133363e-01	6.811383e+01	
1  344.957	2.517485e+00	1.090958e-01	-9.989183e-01	-2.897931e-01	7.168900e-01	6.886727e+01	
2  345.838	2.529019e+00	1.043080e-01	-1.033839e+00	-3.301229e-01	7.153875e-01	6.747960e+01	
3  346.605	2.538435e+00	1.040105e-01	-1.055927e+00	-3.289769e-01	7.163699e-01	6.754331e+01	
6  343.247	2.542298e+00	1.040746e-01	-1.070575e+00	-2.518615e-01	7.272158e-01	6.890033e+01	
1  343.262	2.540454e+00	1.050945e-01	-1.105840e+00	-2.409900e-01	7.258205e-01	6.899001e+01	
4  343.78	2.528284e+00	1.043750e-01	-1.109343e+00	-2.473307e-01	7.310301e-01	6.943008e+01	
8  343.371	2.522661e+00	1.039369e-01	-1.040835e+00	-2.592842e-01	7.241672e-01	6.843008e+01	
2  343.528	2.512010e+00	1.058393e-01	-1.050187e+00	-2.796325e-01	7.180306e-01	6.815022e+01	
3  343.195	2.536234e+00	1.069761e-01	-1.025720e+00	-2.530044e-01	7.165239e-01	6.832580e+01	
1  343.929	2.538189e+00	1.070996e-01	-9.989793e-01	-2.426335e-01	7.170503e-01	6.842630e+01	
1  343.658	2.533373e+00	1.084833e-01	-1.004749e+00	-2.709066e-01	7.093393e-01	6.785200e+01	
6  343.786	2.531524e+00	1.091206e-01	-9.846344e-01	-2.787625e-01	7.078509e-01	6.783522e+01	
2  344.839	2.547583e+00	1.104271e-01	-9.529810e-01	-2.294594e-01	7.015161e-01	6.747672e+01	
1  344.88	2.550202e+00	1.102538e-01	-9.655845e-01	-1.460346e-01	7.063180e-01	6.798931e+01	
2  343.948	2.579222e+00	1.100727e-01	-1.038393e+00	-1.674513e-01	7.146580e-01	6.900346e+01	
2  343.225	2.575988e+00	1.104303e-01	-1.061755e+00	-1.262567e-01	7.124083e-01	6.881525e+01	
1  343.534	2.558898e+00	1.105578e-01	-1.016636e+00	-1.734089e-01	7.091549e-01	6.841840e+01	
8  343.428	2.575096e+00	1.114575e-01	-1.050405e+00	-1.504416e-01	7.104474e-01	6.883775e+01	
3  343.137	2.585849e+00	1.081739e-01	-1.082321e+00	-1.673764e-01	7.191059e-01	6.907702e+01	
1  343.532	2.565613e+00	1.085407e-01	-1.058944e+00	-1.643157e-01	7.186049e-01	6.905782e+01	
2  344.246	2.599088e+00	1.091293e-01	-1.074784e+00	-2.122387e-01	7.094641e-01	6.819620e+01	
2  343.727	2.611110e+00	1.093427e-01	-9.994457e-01	-2.311681e-01	7.061627e-01	6.789568e+01	
4  343.62	2.635013e+00	1.112306e-01	-9.951622e-01	-2.550818e-01	7.054755e-01	6.834678e+01	
3  343.882	2.622701e+00	1.087577e-01	-9.666513e-01	-2.583258e-01	7.074008e-01	6.792125e+01	
2  343.687	2.622011e+00	1.083638e-01	-9.861846e-01	-2.637154e-01	7.126383e-01	6.843560e+01	
1  343.687	2.623636e+00	1.070897e-01	-9.753875e-01	-2.467033e-01	7.121288e-01	6.805474e+01	
4  345.012	2.628475e+00	1.075543e-01	-9.858332e-01	-2.479382e-01	7.052742e-01	6.738796e+01	
5  343.615	2.645378e+00	1.069175e-01	-9.862026e-01	-2.112807e-01	7.138264e-01	6.826788e+01	
4  343.483	2.636170e+00	1.077073e-01	-1.021369e+00	-1.985862e-01	7.164540e-01	6.876262e+01	
1  343.343	2.616229e+00	1.053979e-01	-1.037445e+00	-1.704079e-01	7.221791e-01	6.881446e+01	
2  343.01	2.633796e+00	1.033435e-01	-1.033444e+00	-2.436890e-01	7.231894e-01	6.844593e+01	
1  343.114	2.637314e+00	1.029258e-01	-1.063925e+00	-2.583467e-01	7.254241e-01	6.862245e+01	
1  343.625	2.650679e+00	1.024762e-01	-1.101960e+00	-2.734496e-01	7.286587e-01	6.894588e+01	
2  343.84	2.653788e+00	1.019663e-01	-1.120181e+00	-2.714529e-01	7.319408e-01	6.923780e+01	
4  348.256	2.668874e+00	1.037862e-01	-1.180478e+00	-2.634760e-01	7.410363e-01	7.098131e+01	
7  346.243	2.670628e+00	1.031343e-01	-1.201183e+00	-2.525293e-01	7.354324e-01	7.005464e+01	
4  345.809	2.660877e+00	1.010148e-01	-1.174685e+00	-2.427348e-01	7.344648e-01	6.932731e+01	
1  346.488	2.654725e+00	1.033268e-01	-1.209758e+00	-2.376102e-01	7.377988e-01	7.037913e+01	
3  349.047	2.638378e+00	1.047136e-01	-1.209989e+00	-2.457890e-01	7.412817e-01	7.118418e+01	
2  349.185	2.660141e+00	1.059242e-01	-1.222546e+00	-2.114159e-01	7.387930e-01	7.122909e+01	
9  346.823	2.657818e+00	1.060213e-01	-1.229661e+00	-1.533059e-01	7.327749e-01	7.044210e+01	
2  346.289	2.656860e+00	1.046209e-01	-1.213026e+00	-1.752785e-01	7.352235e-01	7.038983e+01	
3  344.838	2.666053e+00	1.046330e-01	-1.162969e+00	-1.827438e-01	7.323849e-01	7.004325e+01	
1  344.734	2.647702e+00	1.038301e-01	-1.131318e+00	-1.749241e-01	7.342049e-01	7.001814e+01	
2  346.664	2.610245e+00	1.025075e-01	-1.190907e+00	-1.434596e-01	7.296216e-01	6.896859e+01	
1  345.796	2.623430e+00	9.988567e-02	-1.200385e+00	-1.703232e-01	7.395484e-01	6.958705e+01	
1  347.412	2.629061e+00	1.006362e-01	-1.203816e+00	-2.057455e-01	7.349319e-01	6.919870e+01	
3  347.635	2.619198e+00	9.926859e-02	-1.208123e+00	-2.261803e-01	7.385362e-01	6.927043e+01	
1  345.424	2.604919e+00	9.870841e-02	-1.170031e+00	-2.605096e-01	7.409341e-01	6.939504e+01	
5  345.547	2.596269e+00	1.001499e-01	-1.171716e+00	-2.329500e-01	7.364363e-01	6.917297e+01	
4  345.402	2.592451e+00	9.965376e-02	-1.183071e+00	-2.485275e-01	7.419998e-01	6.976655e+01	
14  344.852	2.591492e+00	1.006576e-01	-1.145558e+00	-3.143647e-01	7.405994e-01	6.985286e+01	
2  346.615	2.598097e+00	1.006766e-01	-1.102818e+00	-3.039616e-01	7.430016e-01	7.020216e+01	
2  345.385	2.615627e+00	9.835958e-02	-1.164595e+00	-3.061675e-01	7.444947e-01	6.980915e+01	
1  344.365	2.610540e+00	9.739149e-02	-1.123155e+00	-2.495628e-01	7.438128e-01	6.943033e+01	
2  344	2.584566e+00	9.709092e-02	-1.057044e+00	-2.280461e-01	7.383857e-01	6.855038e+01	
6  344.439	2.583332e+00	9.857464e-02	-1.079168e+00	-2.105375e-01	7.408950e-01	6.929250e+01	
1  343.7	2.612778e+00	9.932633e-02	-1.050768e+00	-2.100062e-01	7.305615e-01	6.823586e+01	
4  343.497	2.624232e+00	9.849910e-02	-1.041903e+00	-2.120613e-01	7.337130e-01	6.844321e+01	
6  344.14	2.636663e+00	9.994982e-02	-9.975248e-01	-2.075502e-01	7.246193e-01	6.772721e+01	
7  343.489	2.625932e+00	1.021347e-01	-1.001756e+00	-2.254538e-01	7.249666e-01	6.832500e+01	
5  343.305	2.612845e+00	1.051187e-01	-1.042261e+00	-2.336315e-01	7.179771e-01	6.821860e+01	
2  343.016	2.616421e+00	1.035590e-01	-1.065268e+00	-2.164919e-01	7.247979e-01	6.865670e+01	
2  343.421	2.613022e+00	1.061445e-01	-1.038640e+00	-2.092414e-01	7.216074e-01	6.893021e+01	
3  344.239	2.610416e+00	1.039921e-01	-1.040300e+00	-1.219528e-01	7.276652e-01	6.911635e+01	
1  343.279	2.618407e+00	1.054003e-01	-1.051570e+00	-7.074749e-02	7.185576e-01	6.837657e+01	
3  343.28	2.626716e+00	1.057196e-01	-1.069542e+00	-5.013989e-02	7.211179e-01	6.879467e+01	
1  344.018	2.628533e+00	1.044323e-01	-1.065562e+00	-1.884124e-02	7.281541e-01	6.934349e+01	
2  343.803	2.637746e+00	1.046338e-01	-1.013643e+00	-2.528814e-02	7.208315e-01	6.850482e+01	
5  343.929	2.610931e+00	1.066890e-01	-1.033165e+00	-3.002922e-02	7.208491e-01	6.897264e+01	
3  344.387	2.608808e+00	1.075525e-01	-1.018861e+00	-7.289392e-02	7.188910e-01	6.894960e+01	
3  345.424	2.633147e+00	1.071202e-01	-9.733669e-01	-1.298388e-01	7.165767e-01	6.861897e+01	
1  344.687	2.623437e+00	1.042323e-01	-9.661700e-01	-1.188008e-01	7.134939e-01	6.748120e+01	
2  345.841	2.647944e+00	1.050742e-01	-1.005595e+00	-1.598609e-01	7.094199e-01	6.728504e+01	
3  343.548	2.627461e+00	1.063154e-01	-1.076173e+00	-2.158096e-01	7.170641e-01	6.845598e+01	
3  343.503	2.622512e+00	1.058016e-01	-1.117101e+00	-2.380108e-01	7.249849e-01	6.928714e+01	
1  342.943	2.601907e+00	1.052450e-01	-1.056374e+00	-2.483001e-01	7.220386e-01	6.871960e+01	
1  345.818	2.597211e+00	1.036050e-01	-1.114938e+00	-2.330618e-01	7.217423e-01	6.824024e+01	
1  344.048	2.577873e+00	1.037355e-01	-1.067713e+00	-2.252824e-01	7.208695e-01	6.811693e+01	
2  342.987	2.575528e+00	1.061990e-01	-1.068710e+00	-2.748944e-01	7.206807e-01	6.873237e+01	
2  343.879	2.571897e+00	1.046731e-01	-1.120913e+00	-2.359408e-01	7.245994e-01	6.880865e+01	
2  344.399	2.554172e+00	1.055012e-01	-1.155629e+00	-2.465715e-01	7.260217e-01	6.915901e+01	
1  347.116	2.558935e+00	1.067643e-01	-1.168773e+00	-2.540623e-01	7.190481e-01	6.863600e+01	
4  344.993	2.552659e+00	1.063189e-01	-1.137291e+00	-2.606023e-01	7.203796e-01	6.866701e+01	
2  345.605	2.555453e+00	1.076228e-01	-1.119041e+00	-3.360185e-01	7.296827e-01	7.019049e+01	
2  346.051	2.580454e+00	1.081474e-01	-1.100401e+00	-3.492073e-01	7.283220e-01	7.021780e+01	
1  343.882	2.588271e+00	1.074073e-01	-1.070312e+00	-3.300937e-01	7.148095e-01	6.836460e+01	
1  343.185	2.607519e+00	1.055588e-01	-1.074097e+00	-3.317237e-01	7.219527e-01	6.880575e+01	
4  343.097	2.573642e+00	1.057673e-01	-1.040332e+00	-3.461608e-01	7.188860e-01	6.839555e+01	
5  344.259	2.582324e+00	1.062860e-01	-1.035317e+00	-2.931648e-01	7.130123e-01	6.784769e+01	
1  343.096	2.596567e+00	1.064375e-01	-1.036618e+00	-2.983655e-01	7.205798e-01	6.883673e+01	
2  342.993	2.578914e+00	1.048275e-01	-1.059370e+00	-2.853595e-01	7.233421e-01	6.871123e+01	
3  344.186	2.563885e+00	1.056618e-01	-1.105009e+00	-2.768094e-01	7.297289e-01	6.970015e+01	
3  343.114	2.577460e+00	1.054113e-01	-1.073554e+00	-2.783413e-01	7.217305e-01	6.866111e+01	
3  343.2	2.577479e+00	1.053599e-01	-1.076166e+00	-3.061127e-01	7.220164e-01	6.868299e+01	
15  343.59	2.599270e+00	1.028989e-01	-1.101076e+00	-3.470630e-01	7.303116e-01	6.913233e+01	
1  343.978	2.652124e+00	1.044305e-01	-1.098277e+00	-3.936681e-01	7.256216e-01	6.908452e+01	
2  344.113	2.651941e+00	1.057180e-01	-1.099333e+00	-3.778018e-01	7.277234e-01	6.969025e+01	
2  344.101	2.648253e+00	1.048949e-01	-1.089594e+00	-3.694442e-01	7.295540e-01	6.969795e+01	
2  343.69	2.660444e+00	1.038185e-01	-1.085147e+00	-3.042846e-01	7.239272e-01	6.873299e+01	
2  343.692	2.635404e+00	1.011661e-01	-1.102576e+00	-2.986939e-01	7.321344e-01	6.899712e+01	
4  343.842	2.638746e+00	1.009935e-01	-1.088285e+00	-1.929143e-01	7.282334e-01	6.846274e+01	
2  343.035	2.670763e+00	1.028120e-01	-1.049636e+00	-1.929826e-01	7.239000e-01	6.849117e+01	
5  343.096	2.676978e+00	1.027629e-01	-1.066219e+00	-1.939482e-01	7.249659e-01	6.862721e+01	
1  343.151	2.677175e+00	1.023208e-01	-1.066696e+00	-1.857106e-01	7.295910e-01	6.909395e+01	
1  343.209	2.681840e+00	1.006170e-01	-1.046091e+00	-1.338634e-01	7.314519e-01	6.888647e+01	
1  343.941	2.686570e+00	1.010663e-01	-1.018259e+00	-1.076355e-01	7.220192e-01	6.783943e+01	
7  344.264	2.708082e+00	1.027764e-01	-9.725334e-01	-7.523719e-02	7.230112e-01	6.847025e+01	
2  343.905	2.702800e+00	1.035368e-01	-9.733542e-01	-7.666237e-02	7.177981e-01	6.801945e+01	
1  344.85	2.709674e+00	1.037008e-01	-9.791917e-01	-1.720787e-01	7.122507e-01	6.742060e+01	
3  343.425	2.711199e+00	1.041833e-01	-1.016376e+00	-1.457002e-01	7.170400e-01	6.811803e+01	
2  343.067	2.723823e+00	1.029987e-01	-1.018069e+00	-1.626067e-01	7.221168e-01	6.845983e+01	
1  343.146	2.727807e+00	1.034071e-01	-1.033547e+00	-1.157659e-01	7.210971e-01	6.845209e+01	
1  345.346	2.714002e+00	1.045608e-01	-1.061410e+00	-1.346783e-01	7.294508e-01	6.977039e+01	
1  344.699	2.740926e+00	1.056992e-01	-1.069246e+00	-1.582639e-01	7.260322e-01	6.970327e+01	
2  344.952	2.763592e+00	1.055123e-01	-1.059613e+00	-1.545573e-01	7.259624e-01	6.970477e+01	
4  344.058	2.771098e+00	1.067945e-01	-1.079217e+00	-9.397816e-02	7.176557e-01	6.902089e+01	
1  344.609	2.761519e+00	1.071294e-01	-1.063539e+00	-6.537216e-02	7.203999e-01	6.942039e+01	
3  345.305	2.754490e+00	1.038867e-01	-1.059516e+00	-8.123682e-02	7.163838e-01	6.807447e+01	
1  344.734	2.767583e+00	1.044148e-01	-1.043432e+00	-6.008885e-02	7.164684e-01	6.825512e+01	
2  344.902	2.754616e+00	1.055972e-01	-1.005907e+00	-9.019651e-02	7.213848e-01	6.912854e+01	
1  345.636	2.752506e+00	1.065075e-01	-1.006163e+00	-1.307732e-01	7.064298e-01	6.756926e+01	
4  344.241	2.776613e+00	1.065522e-01	-1.020668e+00	-9.313324e-02	7.115689e-01	6.824119e+01	
1  343.853	2.790987e+00	1.069596e-01	-1.034071e+00	-1.567050e-01	7.168634e-01	6.901744e+01	
1  344.904	2.782634e+00	1.081619e-01	-1.048703e+00	-8.503423e-02	7.175932e-01	6.939259e+01	
2  347.233	2.789492e+00	1.075071e-01	-1.055484e+00	-1.311565e-01	7.242920e-01	7.007901e+01	
4  346.593	2.765864e+00	1.082756e-01	-1.015199e+00	-1.159078e-01	7.190407e-01	6.955729e+01	
4  345.064	2.784188e+00	1.093778e-01	-1.041516e+00	-1.027292e-01	7.146724e-01	6.934838e+01	
1  345.748	2.766150e+00	1.105148e-01	-1.009807e+00	-5.985256e-02	7.102628e-01	6.905811e+01	
3  347.714	2.778702e+00	1.093905e-01	-1.012045e+00	-3.703526e-02	7.169368e-01	6.961452e+01	
3  347.666	2.787412e+00	1.107237e-01	-1.030845e+00	-2.029347e-02	7.095198e-01	6.907485e+01	
3  347.586	2.810083e+00	1.102650e-01	-9.681666e-01	-3.049839e-02	7.066178e-01	6.867481e+01	
3  348.862	2.824347e+00	1.096533e-01	-9.858352e-01	-2.732240e-02	7.019665e-01	6.802122e+01	
3  348.157	2.808696e+00	1.100259e-01	-9.203753e-01	-6.458361e-02	7.064180e-01	6.858867e+01	
9  347.396	2.792757e+00	1.099240e-01	-9.275443e-01	-6.732592e-02	6.964351e-01	6.738761e+01	
9  345.156	2.796373e+00	1.100792e-01	-9.820865e-01	-9.213509e-02	7.036043e-01	6.824505e+01	
4  346.16	2.807888e+00	1.105436e-01	-9.834632e-01	-6.964101e-02	7.006732e-01	6.805250e+01	
1  346.096	2.831879e+00	1.116682e-01	-9.604995e-01	-1.038205e-01	7.002957e-01	6.834352e+01	
2  347.655	2.847038e+00	1.094022e-01	-9.422192e-01	-6.422911e-02	7.087441e-01	6.880207e+01	
1  349.83	2.851829e+00	1.091630e-01	-9.713888e-01	-8.013611e-02	7.159789e-01	6.962451e+01	
6  347.1	2.817439e+00	1.103576e-01	-9.852701e-01	-1.027014e-01	6.966826e-01	6.758127e+01	
1  347.973	2.822472e+00	1.116230e-01	-1.010062e+00	-1.311868e-01	6.942552e-01	6.763137e+01	
4  346.852	2.827756e+00	1.112589e-01	-1.031429e+00	-1.449958e-01	6.985065e-01	6.803069e+01	
5  345.799	2.826415e+00	1.129616e-01	-1.016642e+00	-1.346494e-01	7.032879e-01	6.899052e+01	
8  346.384	2.814880e+00	1.127726e-01	-1.019700e+00	-1.371894e-01	7.069404e-01	6.934425e+01	
6  345.567	2.852920e+00	1.113717e-01	-1.016993e+00	-1.877251e-01	7.073357e-01	6.913935e+01	
1  344.949	2.839816e+00	1.104945e-01	-1.014824e+00	-2.103471e-01	7.042515e-01	6.852963e+01	
2  346.042	2.859614e+00	1.106929e-01	-9.974787e-01	-2.676382e-01	7.101438e-01	6.932138e+01	
5  346.364	2.830736e+00	1.127473e-01	-1.051704e+00	-2.763329e-01	7.093782e-01	6.966741e+01	
4  344.897	2.820531e+00	1.110860e-01	-1.041834e+00	-2.249898e-01	7.074775e-01	6.900529e+01	
5  346.639	2.816301e+00	1.125201e-01	-1.106251e+00	-2.478756e-01	7.073880e-01	6.933858e+01	
1  346.604	2.814518e+00	1.117453e-01	-1.120691e+00	-2.043582e-01	7.095152e-01	6.939568e+01	
2  346.144	2.813465e+00	1.097939e-01	-1.104558e+00	-2.322512e-01	7.187175e-01	7.002544e+01	
4  346.352	2.809340e+00	1.104258e-01	-1.109101e+00	-1.877449e-01	7.090351e-01	6.899772e+01	
3  346.308	2.806021e+00	1.112854e-01	-1.078142e+00	-1.724146e-01	7.037993e-01	6.858885e+01	
2  345.248	2.807920e+00	1.113454e-01	-1.024567e+00	-1.603791e-01	7.015479e-01	6.834902e+01	
3  344.773	2.806423e+00	1.112459e-01	-1.032168e+00	-1.746695e-01	7.049975e-01	6.871926e+01	
1  345.429	2.815548e+00	1.129537e-01	-9.848492e-01	-1.873353e-01	6.999514e-01	6.857752e+01	
2  345.998	2.831691e+00	1.135784e-01	-1.030923e+00	-2.160434e-01	7.042320e-01	6.926414e+01	
1  346.607	2.853981e+00	1.143269e-01	-9.790268e-01	-2.431143e-01	6.994264e-01	6.894299e+01	
3  347.874	2.849437e+00	1.160529e-01	-9.794564e-01	-2.135640e-01	6.977807e-01	6.915823e+01	
2  346.355	2.835661e+00	1.148793e-01	-1.019832e+00	-2.136278e-01	7.003009e-01	6.913266e+01	
6  347.018	2.851218e+00	1.162448e-01	-1.023354e+00	-2.351196e-01	6.972730e-01	6.915031e+01	
5  347.144	2.866611e+00	1.161608e-01	-9.942981e-01	-2.757001e-01	6.957547e-01	6.899421e+01	
14  347.549	2.897960e+00	1.138650e-01	-1.067503e+00	-2.639251e-01	7.030122e-01	6.935258e+01	
4  346.551	2.885063e+00	1.136829e-01	-1.029821e+00	-2.368696e-01	7.008289e-01	6.902377e+01	
2  348.273	2.906870e+00	1.151000e-01	-1.049286e+00	-2.402558e-01	6.956779e-01	6.882857e+01	
3  347.288	2.912754e+00	1.143721e-01	-1.022968e+00	-2.586686e-01	6.979265e-01	6.892378e+01	
2  347.453	2.917876e+00	1.140855e-01	-1.030305e+00	-2.312938e-01	6.975849e-01	6.882833e+01	
1  347.576	2.926880e+00	1.149750e-01	-1.003114e+00	-1.957233e-01	6.957338e-01	6.885282e+01	
1  347.784	2.940741e+00	1.145965e-01	-1.017894e+00	-2.210200e-01	6.966185e-01	6.889578e+01	
3  351.448	2.933599e+00	1.144014e-01	-1.014822e+00	-2.261374e-01	6.870087e-01	6.776708e+01	
2  350.672	2.936349e+00	1.143694e-01	-9.968727e-01	-2.366854e-01	6.867131e-01	6.773404e+01	
1  349.694	2.953261e+00	1.161892e-01	-1.004131e+00	-1.971506e-01	6.872732e-01	6.826213e+01	
2  348.714	2.930116e+00	1.165010e-01	-1.015529e+00	-2.778932e-01	6.913451e-01	6.872985e+01	
2  349.195	2.916737e+00	1.173757e-01	-1.055373e+00	-2.706770e-01	6.963810e-01	6.947333e+01	
1  349.43	2.926498e+00	1.170514e-01	-1.009003e+00	-3.058865e-01	6.878959e-01	6.846944e+01	
5  349.139	2.950932e+00	1.175577e-01	-9.520492e-01	-2.544929e-01	6.851288e-01	6.834255e+01	
2  348.854	2.967533e+00	1.162826e-01	-9.465996e-01	-2.383278e-01	6.875966e-01	6.835274e+01	
4  348.853	2.975384e+00	1.154825e-01	-9.188871e-01	-2.548843e-01	6.869376e-01	6.811176e+01	
2  348.27	2.973034e+00	1.138448e-01	-9.328162e-01	-1.916018e-01	6.900084e-01	6.805573e+01	
4  347.773	2.945184e+00	1.126754e-01	-9.483039e-01	-1.686301e-01	6.915787e-01	6.788385e+01	
1  347.723	2.960438e+00	1.122105e-01	-9.030271e-01	-2.199707e-01	6.928587e-01	6.795037e+01	
8  348.364	2.961879e+00	1.137693e-01	-9.098105e-01	-2.225638e-01	6.881250e-01	6.780571e+01	
3  348.476	2.979786e+00	1.122043e-01	-9.269485e-01	-2.488530e-01	6.896325e-01	6.764090e+01	
10  348.464	2.991181e+00	1.131480e-01	-8.973056e-01	-2.406199e-01	6.908334e-01	6.802406e+01	
7  347.528	2.986762e+00	1.098911e-01	-9.015938e-01	-1.928698e-01	6.995536e-01	6.820340e+01	
1  346.474	3.000164e+00	1.073336e-01	-9.050331e-01	-2.100512e-01	7.036627e-01	6.807660e+01	
1  346.674	2.990861e+00	1.076130e-01	-8.967494e-01	-2.164772e-01	7.031032e-01	6.805855e+01	
2  346.672	2.977426e+00	1.081788e-01	-9.095896e-01	-2.705303e-01	7.060356e-01	6.850437e+01	
2  347.386	2.950734e+00	1.073470e-01	-8.880387e-01	-3.035565e-01	7.088945e-01	6.856526e+01	
2  346.434	2.935430e+00	1.073940e-01	-8.733338e-01	-3.161396e-01	7.040093e-01	6.797074e+01	
1  345.597	2.945852e+00	1.058207e-01	-8.872435e-01	-3.084780e-01	7.063236e-01	6.787049e+01	
2  345.483	2.972852e+00	1.037348e-01	-8.734689e-01	-3.316343e-01	7.092707e-01	6.775424e+01	
1  345.518	2.946518e+00	1.034573e-01	-8.646245e-01	-3.507961e-01	7.085999e-01	6.753896e+01	
4  345.382	2.971928e+00	1.022061e-01	-8.725256e-01	-3.616539e-01	7.155718e-01	6.810482e+01	
13  344.82	2.964485e+00	1.017840e-01	-8.725735e-01	-3.981085e-01	7.131660e-01	6.769086e+01	
1  345.369	2.971032e+00	1.009009e-01	-8.548900e-01	-4.182203e-01	7.175965e-01	6.800724e+01	
5  345.451	2.971961e+00	1.005665e-01	-8.366101e-01	-4.321147e-01	7.144795e-01	6.755079e+01	
2  345.549	2.943277e+00	1.003341e-01	-8.474247e-01	-3.836431e-01	7.128800e-01	6.722799e+01	
3  345.819	2.920728e+00	1.012163e-01	-8.495271e-01	-3.279017e-01	7.122901e-01	6.732876e+01	
7  344.27	2.908439e+00	1.004642e-01	-8.972077e-01	-3.301856e-01	7.190786e-01	6.790847e+01	
4  344.696	2.911723e+00	1.018783e-01	-8.935689e-01	-3.046367e-01	7.161626e-01	6.793496e+01	
2  344.921	2.932403e+00	1.024547e-01	-8.938059e-01	-2.930560e-01	7.115706e-01	6.759317e+01	
1  344.689	2.925076e+00	1.017263e-01	-8.956093e-01	-2.824829e-01	7.144803e-01	6.772978e+01	
2  344.405	2.915676e+00	1.019797e-01	-9.135279e-01	-2.634312e-01	7.167811e-01	6.804570e+01	
15  344.716	2.908104e+00	1.005690e-01	-8.967976e-01	-2.502600e-01	7.163283e-01	6.760491e+01	
9  344.187	2.906657e+00	1.014167e-01	-9.297393e-01	-2.068535e-01	7.170496e-01	6.790821e+01	
1  343.756	2.900212e+00	1.028788e-01	-9.823676e-01	-1.889272e-01	7.197170e-01	6.859503e+01	
4  343.847	2.878399e+00	1.004690e-01	-1.010679e+00	-2.274063e-01	7.221023e-01	6.819896e+01	
2  343.977	2.874003e+00	1.010841e-01	-1.035402e+00	-2.421267e-01	7.230169e-01	6.846223e+01	
1  343.47	2.859132e+00	1.025588e-01	-1.029186e+00	-1.790078e-01	7.244144e-01	6.898523e+01	
10  344.274	2.822553e+00	1.044617e-01	-1.045358e+00	-1.964574e-01	7.163899e-01	6.839964e+01	
2  344.162	2.854027e+00	1.059615e-01	-1.020193e+00	-1.866361e-01	7.181183e-01	6.907655e+01	
2  344.542	2.868838e+00	1.033592e-01	-1.070529e+00	-1.771707e-01	7.206646e-01	6.875468e+01	
4  344.117	2.869512e+00	1.039421e-01	-1.069985e+00	-1.317413e-01	7.228991e-01	6.918529e+01	
4  344.529	2.868393e+00	1.028297e-01	-1.086142e+00	-1.100545e-01	7.235760e-01	6.897592e+01	
1  344.027	2.867736e+00	1.032033e-01	-1.061213e+00	-1.759370e-01	7.217293e-01	6.884253e+01	
4  344.085	2.879576e+00	1.026917e-01	-1.049082e+00	-2.201798e-01	7.214715e-01	6.870799e+01	
1  345.863	2.867012e+00	1.055073e-01	-1.103145e+00	-2.631131e-01	7.196556e-01	6.918211e+01	
5  346.034	2.879389e+00	1.054838e-01	-1.083408e+00	-2.482156e-01	7.163376e-01	6.880200e+01	
1  347.173	2.881102e+00	1.061784e-01	-1.141862e+00	-2.802272e-01	7.237311e-01	6.990106e+01	
1  346.46	2.890599e+00	1.065916e-01	-1.113780e+00	-2.567191e-01	7.192609e-01	6.947273e+01	
3  347.723	2.913772e+00	1.086077e-01	-1.136644e+00	-1.678560e-01	7.162656e-01	6.967589e+01	
3  348.202	2.899769e+00	1.097160e-01	-1.123105e+00	-2.636881e-01	7.123130e-01	6.943838e+01	
1  348.412	2.871029e+00	1.117443e-01	-1.137311e+00	-2.449571e-01	7.155646e-01	7.027101e+01	
2  348.114	2.864927e+00	1.126859e-01	-1.118452e+00	-2.557402e-01	7.128685e-01	7.015921e+01	
2  348.395	2.871652e+00	1.111711e-01	-1.147529e+00	-2.217096e-01	7.126179e-01	6.976857e+01	
1  349.623	2.885447e+00	1.121080e-01	-1.146244e+00	-1.933343e-01	7.175529e-01	7.064528e+01	
1  349.911	2.869916e+00	1.118850e-01	-1.173360e+00	-1.493553e-01	7.191850e-01	7.075514e+01	
3  346.947	2.855544e+00	1.105942e-01	-1.120304e+00	-1.638938e-01	7.106293e-01	6.934478e+01	
1  345.349	2.848310e+00	1.096967e-01	-1.050431e+00	-1.479634e-01	7.069381e-01	6.866614e+01	
4  345.632	2.833967e+00	1.115399e-01	-9.662038e-01	-1.501031e-01	7.015639e-01	6.846229e+01	
2  348.633	2.836255e+00	1.127195e-01	-9.653093e-01	-1.523460e-01	7.061732e-01	6.929312e+01	
10  345.275	2.832587e+00	1.118305e-01	-1.012740e+00	-1.459285e-01	7.029965e-01	6.869507e+01	
1  345.396	2.836760e+00	1.096693e-01	-1.061958e+00	-1.534286e-01	7.145895e-01	6.954448e+01	
2  345.139	2.819682e+00	1.096737e-01	-1.066232e+00	-1.063922e-01	7.094905e-01	6.888991e+01	
2  345.591	2.844555e+00	1.073484e-01	-1.090313e+00	-6.717828e-02	7.172779e-01	6.930432e+01	
1  344.209	2.859439e+00	1.046877e-01	-1.003484e+00	-8.588766e-02	7.168697e-01	6.861085e+01	
1  345.762	2.854581e+00	1.017645e-01	-9.608674e-01	-5.657598e-02	7.263181e-01	6.900273e+01	
3  344.946	2.849439e+00	1.000633e-01	-9.602033e-01	-5.279999e-02	7.286539e-01	6.883150e+01	
3  344.109	2.845588e+00	9.859236e-02	-9.561131e-01	-4.479825e-02	7.263537e-01	6.813802e+01	
1  343.449	2.845846e+00	9.815937e-02	-1.036252e+00	-6.254483e-02	7.350518e-01	6.913007e+01	
1  343.455	2.860210e+00	9.926975e-02	-1.021500e+00	-7.575985e-02	7.310987e-01	6.895901e+01	
4  343.76	2.861672e+00	1.000619e-01	-1.044005e+00	-7.082564e-02	7.315542e-01	6.923486e+01	
2  346.498	2.865097e+00	1.001649e-01	-1.042769e+00	-7.227657e-02	7.371404e-01	7.000398e+01	
4  346.104	2.870763e+00	9.934893e-02	-1.072474e+00	-2.065849e-02	7.385911e-01	6.999077e+01	
1  344.44	2.861784e+00	1.005079e-01	-1.010484e+00	-3.937026e-02	7.294552e-01	6.908547e+01	
2  345.694	2.869760e+00	1.008079e-01	-1.038503e+00	-2.613546e-02	7.253915e-01	6.867318e+01	
1  344.61	2.853428e+00	1.006037e-01	-1.044100e+00	-4.441147e-02	7.325729e-01	6.949032e+01	
1  344.791	2.866533e+00	1.039894e-01	-1.073408e+00	-1.042423e-01	7.266665e-01	6.966506e+01	
3  344.844	2.845184e+00	1.050002e-01	-1.055891e+00	-1.186696e-01	7.152616e-01	6.846043e+01	
4  345.877	2.841703e+00	1.044273e-01	-1.046569e+00	-9.851255e-02	7.134238e-01	6.808500e+01	
2  345.901	2.831090e+00	1.065939e-01	-1.021450e+00	-8.376345e-02	7.081880e-01	6.799267e+01	
6  344.288	2.817024e+00	1.054104e-01	-1.034003e+00	-8.771999e-02	7.149361e-01	6.845428e+01	
2  343.82	2.826051e+00	1.050468e-01	-1.015736e+00	-1.237561e-01	7.186961e-01	6.883972e+01	
2  344.465	2.836999e+00	1.042199e-01	-1.024734e+00	-1.310537e-01	7.238985e-01	6.929801e+01	
3  343.766	2.839920e+00	1.035847e-01	-1.019777e+00	-1.712452e-01	7.232519e-01	6.905866e+01	
9  344.598	2.833777e+00	1.039808e-01	-1.030214e+00	-9.619680e-02	7.249320e-01	6.935700e+01	
6  343.909	2.838546e+00	1.031212e-01	-1.043914e+00	-7.107156e-02	7.230524e-01	6.890886e+01	
4  345.051	2.839640e+00	1.015468e-01	-1.047535e+00	-7.807041e-02	7.325041e-01	6.969767e+01	
5  343.401	2.824667e+00	1.012884e-01	-1.056246e+00	-1.053548e-01	7.290572e-01	6.914405e+01	
1  343.074	2.828113e+00	1.008383e-01	-1.031463e+00	-1.758974e-01	7.264260e-01	6.870025e+01	
2  344.083	2.841848e+00	1.006266e-01	-1.068876e+00	-1.520407e-01	7.337437e-01	6.961788e+01	
3  344.195	2.835552e+00	1.032831e-01	-1.080039e+00	-1.916421e-01	7.283249e-01	6.960922e+01	
1  344.339	2.835849e+00	1.066518e-01	-1.070156e+00	-2.088315e-01	7.176759e-01	6.915275e+01	
1  344.77	2.845859e+00	1.072153e-01	-1.008653e+00	-2.212758e-01	7.080826e-01	6.817390e+01	
3  344.126	2.828750e+00	1.056833e-01	-1.002012e+00	-1.963133e-01	7.115434e-01	6.814984e+01	
4  344.571	2.831999e+00	1.096259e-01	-1.025407e+00	-2.209699e-01	7.100495e-01	6.897512e+01	
1  345.112	2.808762e+00	1.113748e-01	-9.800233e-01	-1.847505e-01	6.994603e-01	6.812047e+01	
4  345.217	2.809962e+00	1.116516e-01	-1.010167e+00	-1.659400e-01	7.003687e-01	6.829425e+01	
2  345.083	2.807454e+00	1.104533e-01	-9.927632e-01	-1.226156e-01	7.066622e-01	6.872022e+01	
6  345.066	2.813137e+00	1.104747e-01	-1.023484e+00	-1.131043e-01	7.043809e-01	6.847387e+01	
9  344.976	2.806600e+00	1.104073e-01	-1.014901e+00	-1.201775e-01	7.086402e-01	6.893952e+01	
1  345.196	2.799047e+00	1.104253e-01	-1.053812e+00	-7.891484e-02	7.096339e-01	6.904304e+01	
7  345.676	2.813085e+00	1.117489e-01	-1.057899e+00	-8.798777e-02	7.063190e-01	6.901438e+01	
1  345.356	2.818373e+00	1.116091e-01	-1.042907e+00	-1.079525e-01	7.054848e-01	6.889514e+01	
5  346.461	2.824578e+00	1.133229e-01	-1.084609e+00	-1.380213e-01	7.029475e-01	6.903464e+01	
14  346.951	2.830153e+00	1.164145e-01	-1.051658e+00	-1.637024e-01	6.958072e-01	6.897376e+01	
1  348.149	2.834036e+00	1.176418e-01	-1.081600e+00	-1.609421e-01	6.993967e-01	6.968720e+01	
3  348.653	2.821673e+00	1.154635e-01	-1.105226e+00	-1.642883e-01	6.966439e-01	6.882118e+01	
3  347.84	2.798318e+00	1.145569e-01	-1.149007e+00	-1.400141e-01	7.098922e-01	7.009528e+01	
1  348.609	2.806120e+00	1.172683e-01	-1.137528e+00	-1.798929e-01	7.006549e-01	6.967722e+01	
3  348.115	2.792082e+00	1.135504e-01	-1.163357e+00	-1.638419e-01	7.080482e-01	6.961110e+01	
5  347.064	2.789831e+00	1.142643e-01	-1.129746e+00	-1.752238e-01	7.054166e-01	6.946861e+01	
2  347.48	2.819979e+00	1.130079e-01	-1.104929e+00	-1.580719e-01	7.131515e-01	7.016215e+01	
6  347.266	2.835671e+00	1.133575e-01	-1.122204e+00	-1.339531e-01	7.075228e-01	6.960824e+01	
1  347.347	2.823930e+00	1.129879e-01	-1.071682e+00	-1.368587e-01	6.988191e-01	6.847711e+01	
4  350.378	2.842607e+00	1.158749e-01	-1.172942e+00	-8.831796e-02	7.083490e-01	7.034009e+01	
3  350.567	2.839064e+00	1.156604e-01	-1.176124e+00	-1.298017e-01	7.033212e-01	6.968108e+01	
3  349.531	2.834873e+00	1.159908e-01	-1.158144e+00	-1.710250e-01	7.035002e-01	6.977188e+01	
2  348.557	2.845498e+00	1.176941e-01	-1.054898e+00	-1.718785e-01	6.894526e-01	6.860159e+01	
3  348.371	2.832734e+00	1.176042e-01	-1.028055e+00	-1.600442e-01	6.867088e-01	6.824965e+01	
4  348.189	2.837847e+00	1.176063e-01	-1.003690e+00	-1.458860e-01	6.953605e-01	6.922465e+01	
2  346.988	2.844797e+00	1.156143e-01	-9.834827e-01	-2.112738e-01	6.896465e-01	6.813131e+01	
4  347.519	2.832271e+00	1.148745e-01	-1.006209e+00	-1.986358e-01	6.900460e-01	6.797022e+01	
3  347.31	2.821693e+00	1.161999e-01	-9.957528e-01	-2.663533e-01	6.883336e-01	6.807127e+01	
6  346.825	2.827590e+00	1.172463e-01	-1.003684e+00	-2.735397e-01	6.927718e-01	6.882307e+01	
6  347.065	2.827587e+00	1.170877e-01	-1.016195e+00	-2.639373e-01	6.963434e-01	6.918891e+01	
3  347.712	2.837617e+00	1.163953e-01	-9.925112e-01	-2.757627e-01	6.988082e-01	6.932980e+01	
6  346.374	2.831354e+00	1.159095e-01	-9.974199e-01	-2.520254e-01	6.946426e-01	6.872473e+01	
8  346.845	2.845761e+00	1.148404e-01	-1.026092e+00	-2.554377e-01	6.948336e-01	6.852542e+01	
4  348.967	2.816625e+00	1.151429e-01	-9.517806e-01	-2.832070e-01	7.016816e-01	6.931018e+01	
4  347.487	2.824378e+00	1.162775e-01	-9.311369e-01	-2.845035e-01	6.841552e-01	6.764396e+01	
3  346.308	2.802222e+00	1.148212e-01	-9.345416e-01	-2.556317e-01	6.901551e-01	6.789815e+01	
3  347.516	2.814304e+00	1.154803e-01	-9.361763e-01	-2.528588e-01	6.847807e-01	6.750037e+01	
3  347.685	2.817183e+00	1.146498e-01	-9.114699e-01	-2.454727e-01	6.848019e-01	6.731397e+01	
2  346.488	2.803422e+00	1.146132e-01	-9.214039e-01	-2.553697e-01	6.899810e-01	6.783250e+01	
1  348.622	2.797686e+00	1.168340e-01	-9.195617e-01	-3.064622e-01	6.794185e-01	6.720960e+01	
1  348.213	2.787389e+00	1.208875e-01	-9.141179e-01	-3.684832e-01	6.774928e-01	6.791651e+01	
1  347.907	2.788065e+00	1.187229e-01	-9.375050e-01	-4.000031e-01	6.799987e-01	6.768560e+01	
4  347.24	2.763325e+00	1.196525e-01	-9.324409e-01	-4.206649e-01	6.807379e-01	6.792140e+01	
1  346.906	2.749310e+00	1.189556e-01	-9.380876e-01	-3.858756e-01	6.883930e-01	6.855500e+01	
1  346.452	2.747387e+00	1.181868e-01	-9.247139e-01	-4.161296e-01	6.872077e-01	6.824065e+01	
1  345.029	2.719307e+00	1.132131e-01	-9.824266e-01	-4.549351e-01	6.968048e-01	6.805059e+01	
7  345.103	2.736751e+00	1.153397e-01	-9.456711e-01	-4.749893e-01	6.941193e-01	6.830411e+01	
3  345.313	2.740034e+00	1.161212e-01	-9.632138e-01	-4.661088e-01	6.950228e-01	6.860011e+01	
3  345.668	2.737668e+00	1.142366e-01	-9.137523e-01	-4.579645e-01	6.973131e-01	6.839986e+01	
1  344.253	2.739594e+00	1.118903e-01	-9.545611e-01	-4.776840e-01	7.011573e-01	6.827046e+01	
10  344.142	2.723432e+00	1.106717e-01	-9.375537e-01	-4.418529e-01	7.040993e-01	6.826823e+01	
4  344.313	2.735762e+00	1.121430e-01	-9.641621e-01	-4.305267e-01	7.003076e-01	6.822605e+01	
1  343.995	2.735427e+00	1.109101e-01	-9.670587e-01	-4.226456e-01	7.054381e-01	6.851204e+01	
7  343.712	2.733553e+00	1.095610e-01	-9.808451e-01	-3.791447e-01	7.069058e-01	6.834276e+01	
1  343.656	2.727863e+00	1.091992e-01	-1.012630e+00	-4.142650e-01	7.103647e-01	6.864442e+01	
2  343.866	2.732536e+00	1.098000e-01	-9.707711e-01	-3.614482e-01	7.050134e-01	6.818011e+01	
1  344.316	2.706305e+00	1.103435e-01	-9.714790e-01	-2.772910e-01	7.078202e-01	6.857703e+01	
4  343.983	2.724826e+00	1.105952e-01	-9.860471e-01	-2.526044e-01	7.057779e-01	6.844716e+01	
3  343.827	2.715602e+00	1.110158e-01	-1.006498e+00	-2.631665e-01	7.064324e-01	6.860499e+01	
2  343.65	2.744046e+00	1.091373e-01	-1.022122e+00	-2.676247e-01	7.111075e-01	6.875777e+01	
2  343.971	2.740914e+00	1.077310e-01	-1.040251e+00	-3.058759e-01	7.118462e-01	6.848256e+01	
2  343.803	2.746485e+00	1.076874e-01	-1.056603e+00	-3.154130e-01	7.153055e-01	6.890045e+01	
1  344.055	2.764269e+00	1.091492e-01	-1.040455e+00	-2.953119e-01	7.103415e-01	6.872062e+01	
2  344.136	2.766781e+00	1.101882e-01	-9.996109e-01	-3.336297e-01	7.092886e-01	6.886235e+01	
6  345.568	2.760970e+00	1.126614e-01	-1.033868e+00	-3.830302e-01	7.008978e-01	6.848167e+01	
3  344.495	2.768548e+00	1.120699e-01	-1.001955e+00	-3.798950e-01	7.034956e-01	6.865445e+01	
5  344.907	2.745374e+00	1.129280e-01	-9.676461e-01	-2.792471e-01	7.012697e-01	6.855129e+01	
1  343.882	2.704785e+00	1.101827e-01	-9.886651e-01	-2.891578e-01	7.087198e-01	6.863883e+01	
2  344.706	2.672663e+00	1.099884e-01	-9.685679e-01	-3.251707e-01	7.110495e-01	6.878543e+01	
4  344.869	2.648499e+00	1.109801e-01	-1.034981e+00	-3.564600e-01	7.030358e-01	6.803686e+01	
4  343.896	2.651554e+00	1.095294e-01	-1.012453e+00	-4.230996e-01	7.070384e-01	6.814530e+01	
1  344.137	2.680388e+00	1.067557e-01	-9.594469e-01	-4.232231e-01	7.080848e-01	6.764086e+01	
4  343.641	2.693851e+00	1.052676e-01	-9.940345e-01	-4.278049e-01	7.143894e-01	6.803597e+01	
2  343.571	2.695168e+00	1.023169e-01	-9.276980e-01	-4.734490e-01	7.188311e-01	6.780517e+01	
1  343.167	2.725614e+00	1.018360e-01	-9.511799e-01	-4.648984e-01	7.214132e-01	6.807216e+01	
4  343.169	2.715719e+00	1.003942e-01	-9.581420e-01	-4.816284e-01	7.276114e-01	6.843024e+01	
1  345.091	2.697131e+00	9.940368e-02	-1.000007e+00	-4.845826e-01	7.245176e-01	6.773040e+01	
1  345.468	2.705813e+00	9.889762e-02	-1.025922e+00	-4.929408e-01	7.271586e-01	6.794444e+01	
1  343.192	2.700018e+00	9.989609e-02	-1.007420e+00	-5.240449e-01	7.328370e-01	6.891857e+01	
1  343.51	2.683339e+00	9.891656e-02	-1.015633e+00	-5.248649e-01	7.364993e-01	6.908169e+01	
1  343.368	2.703888e+00	9.978540e-02	-1.027218e+00	-5.279600e-01	7.342998e-01	6.908843e+01	
2  343.83	2.722437e+00	9.676201e-02	-9.871098e-01	-4.907322e-01	7.394802e-01	6.898690e+01	
4  343.498	2.727734e+00	9.534927e-02	-1.021844e+00	-4.904076e-01	7.407033e-01	6.876919e+01	
2  344.005	2.739049e+00	9.460542e-02	-1.022446e+00	-5.023338e-01	7.396442e-01	6.845245e+01	
2  343.087	2.757474e+00	9.734659e-02	-1.007287e+00	-4.466785e-01	7.359620e-01	6.878363e+01	
1  343.188	2.764579e+00	9.899610e-02	-9.792181e-01	-4.794888e-01	7.325310e-01	6.881007e+01	
1  343.224	2.781906e+00	9.754042e-02	-9.426351e-01	-5.056968e-01	7.290565e-01	6.802040e+01	
6  342.981	2.810460e+00	9.884010e-02	-9.529142e-01	-5.352801e-01	7.286112e-01	6.839295e+01	
1  343.039	2.817716e+00	1.004218e-01	-9.572371e-01	-4.965477e-01	7.248840e-01	6.836926e+01	
3  344.741	2.800399e+00	1.004798e-01	-9.528051e-01	-4.938587e-01	7.186499e-01	6.757727e+01	
5  343.049	2.775629e+00	1.005101e-01	-9.510698e-01	-4.696623e-01	7.249582e-01	6.829000e+01	
4  343.324	2.740343e+00	9.985402e-02	-9.824349e-01	-4.349721e-01	7.254581e-01	6.808279e+01	
1  343.518	2.740123e+00	9.893687e-02	-9.799121e-01	-4.436952e-01	7.336473e-01	6.887135e+01	
4  343.22	2.712350e+00	9.846361e-02	-9.916485e-01	-4.065415e-01	7.300642e-01	6.820910e+01	
2  344.523	2.711031e+00	9.809371e-02	-1.041241e+00	-3.718814e-01	7.303179e-01	6.813701e+01	
10  343.112	2.704466e+00	9.812101e-02	-1.019927e+00	-3.644463e-01	7.345493e-01	6.866741e+01	
3  343.501	2.699050e+00	9.951551e-02	-9.986197e-01	-3.877173e-01	7.333519e-01	6.887892e+01	
1  343.273	2.697147e+00	9.742091e-02	-1.004589e+00	-3.486901e-01	7.352391e-01	6.854408e+01	
7  345.551	2.698409e+00	9.515190e-02	-1.030011e+00	-3.502494e-01	7.342438e-01	6.779227e+01	
1  344.225	2.701011e+00	9.416009e-02	-1.025408e+00	-3.248596e-01	7.456598e-01	6.902245e+01	
3  343.836	2.700796e+00	9.367319e-02	-1.036534e+00	-3.195906e-01	7.451235e-01	6.881052e+01	
3  343.65	2.727480e+00	9.362023e-02	-1.017606e+00	-4.071753e-01	7.443322e-01	6.876480e+01	
1  343.78	2.731431e+00	9.307773e-02	-1.021317e+00	-4.393934e-01	7.460493e-01	6.885321e+01	
2  345.333	2.728563e+00	9.226585e-02	-9.929326e-01	-3.725093e-01	7.494769e-01	6.908020e+01	
2  345.806	2.721364e+00	9.147164e-02	-1.001019e+00	-3.623858e-01	7.520377e-01	6.918400e+01	
1  347.104	2.709534e+00	9.339335e-02	-9.276656e-01	-3.578063e-01	7.437848e-01	6.857577e+01	
1  346.32	2.692873e+00	9.241437e-02	-9.728376e-01	-3.748571e-01	7.364798e-01	6.729638e+01	
2  346.751	2.702150e+00	8.868167e-02	-9.202720e-01	-3.567941e-01	7.459741e-01	6.748910e+01	
5  346.281	2.701899e+00	8.837048e-02	-9.517797e-01	-3.006146e-01	7.495011e-01	6.787037e+01	
1  345.649	2.723042e+00	9.168053e-02	-9.403600e-01	-2.869143e-01	7.380624e-01	6.737705e+01	
6  344.743	2.725931e+00	9.250644e-02	-9.671678e-01	-2.614347e-01	7.385908e-01	6.768710e+01	
2  345.452	2.712219e+00	9.380853e-02	-9.602422e-01	-2.702215e-01	7.332484e-01	6.733095e+01	
3  345.333	2.715348e+00	9.316433e-02	-9.703387e-01	-2.981858e-01	7.353868e-01	6.743094e+01	
2  343.46	2.739795e+00	9.403663e-02	-1.011656e+00	-3.595057e-01	7.410959e-01	6.848599e+01	
5  345.405	2.743512e+00	9.724183e-02	-1.051196e+00	-3.575819e-01	7.309540e-01	6.807377e+01	
1  343.511	2.776398e+00	9.813954e-02	-1.044015e+00	-3.655607e-01	7.326649e-01	6.862636e+01	
3  344.46	2.780445e+00	1.003892e-01	-1.030594e+00	-3.406301e-01	7.352426e-01	6.958396e+01	
4  343.215	2.787102e+00	1.012982e-01	-1.035820e+00	-3.445489e-01	7.267238e-01	6.875094e+01	
2  343.806	2.790574e+00	1.002857e-01	-1.030716e+00	-3.173000e-01	7.251615e-01	6.829530e+01	
4  343.775	2.800597e+00	1.012118e-01	-1.006079e+00	-3.369110e-01	7.302000e-01	6.920544e+01	
5  343.056	2.775903e+00	1.005330e-01	-9.812336e-01	-3.296203e-01	7.266759e-01	6.851108e+01	
1  343.733	2.784341e+00	1.040912e-01	-9.903056e-01	-2.867736e-01	7.148418e-01	6.801997e+01	
2  343.62	2.775749e+00	1.040351e-01	-1.019825e+00	-3.219143e-01	7.178186e-01	6.834100e+01	
4  343.341	2.763451e+00	1.025107e-01	-1.028083e+00	-3.592666e-01	7.228742e-01	6.852920e+01	
10  343.063	2.788222e+00	1.026067e-01	-1.006753e+00	-3.422559e-01	7.227172e-01	6.860018e+01	
5  343.893	2.779236e+00	1.031799e-01	-1.009351e+00	-3.738926e-01	7.182557e-01	6.818080e+01	
6  343.285	2.788068e+00	1.023106e-01	-9.574588e-01	-4.057876e-01	7.190438e-01	6.807248e+01	
1  344.328	2.790208e+00	1.012228e-01	-9.710293e-01	-3.922926e-01	7.295000e-01	6.909098e+01	
3  344.81	2.770640e+00	1.009890e-01	-9.877251e-01	-4.099518e-01	7.325689e-01	6.937062e+01	
9  343.417	2.746506e+00	1.016692e-01	-1.050817e+00	-4.311492e-01	7.295154e-01	6.909545e+01	
1  343.45	2.754112e+00	1.014410e-01	-1.016737e+00	-4.183501e-01	7.305725e-01	6.919009e+01	
2  343.77	2.762096e+00	1.018984e-01	-1.026896e+00	-4.310214e-01	7.234928e-01	6.844065e+01	
1  343.264	2.751504e+00	1.016170e-01	-1.004093e+00	-4.338917e-01	7.236415e-01	6.835661e+01	
1  343.1	2.750969e+00	1.000144e-01	-9.919714e-01	-4.236366e-01	7.265658e-01	6.829198e+01	
1  343.446	2.750871e+00	9.819164e-02	-1.002557e+00	-4.183284e-01	7.361937e-01	6.902806e+01	
1  343.05	2.762918e+00	9.913059e-02	-9.892332e-01	-4.240566e-01	7.317276e-01	6.873892e+01	
1  343.409	2.778759e+00	9.728574e-02	-1.002548e+00	-5.134630e-01	7.380299e-01	6.909657e+01	
3  343.251	2.782721e+00	9.705108e-02	-9.901505e-01	-5.629343e-01	7.371666e-01	6.892919e+01	
1  345.409	2.799066e+00	9.934305e-02	-9.991347e-01	-5.213493e-01	7.382031e-01	6.974120e+01	
3  343.226	2.787539e+00	1.017208e-01	-9.891259e-01	-5.073427e-01	7.236964e-01	6.848617e+01	
1  343.298	2.790825e+00	1.018733e-01	-1.004477e+00	-4.425196e-01	7.234718e-01	6.850730e+01	
1  343.461	2.807596e+00	1.024800e-01	-9.697476e-01	-4.730548e-01	7.191403e-01	6.817947e+01	
2  343.204	2.797109e+00	1.032504e-01	-9.911731e-01	-4.401723e-01	7.226462e-01	6.878369e+01	
2  344.432	2.798820e+00	1.013647e-01	-9.895237e-01	-4.529317e-01	7.197860e-01	6.794276e+01	
5  343.395	2.818056e+00	1.023743e-01	-9.865956e-01	-4.509470e-01	7.208649e-01	6.838949e+01	
2  343.493	2.845395e+00	1.014377e-01	-9.710125e-01	-3.879418e-01	7.201692e-01	6.813070e+01	
1  343.747	2.851705e+00	9.971600e-02	-9.708924e-01	-4.444798e-01	7.230136e-01	6.804101e+01	
3  343.261	2.834561e+00	9.868556e-02	-1.001137e+00	-4.526582e-01	7.336243e-01	6.905703e+01	
2  343.228	2.865426e+00	9.790793e-02	-9.870154e-01	-4.391812e-01	7.339721e-01	6.897447e+01	
5  343.683	2.869099e+00	9.786557e-02	-1.028916e+00	-4.679577e-01	7.337797e-01	6.894802e+01	
1  343.655	2.872193e+00	1.005447e-01	-9.972216e-01	-4.441495e-01	7.299675e-01	6.918871e+01	
5  343.44	2.878211e+00	1.018489e-01	-9.715808e-01	-4.063773e-01	7.206212e-01	6.837957e+01	
2  343.72	2.880055e+00	1.018194e-01	-9.223084e-01	-3.781199e-01	7.176420e-01	6.801499e+01	
1  345.281	2.887150e+00	1.037467e-01	-9.238418e-01	-3.749971e-01	7.200147e-01	6.882306e+01	
1  345.164	2.914908e+00	1.049192e-01	-9.596379e-01	-3.867144e-01	7.197543e-01	6.916613e+01	
1  344.261	2.916873e+00	1.054950e-01	-9.655987e-01	-3.826292e-01	7.140476e-01	6.862439e+01	
2  344.165	2.881317e+00	1.049507e-01	-9.643073e-01	-4.045607e-01	7.181242e-01	6.888752e+01	
2  343.784	2.855302e+00	1.044861e-01	-9.844299e-01	-4.184250e-01	7.200828e-01	6.894058e+01	
3  346.384	2.837226e+00	1.047699e-01	-9.876621e-01	-4.538701e-01	7.265049e-01	6.977229e+01	
6  345.237	2.844176e+00	1.048378e-01	-9.847993e-01	-4.242797e-01	7.238934e-01	6.947737e+01	
2  344.371	2.816398e+00	1.029269e-01	-1.032690e+00	-4.048080e-01	7.204850e-01	6.848314e+01	
2  344.077	2.809178e+00	1.045005e-01	-1.038373e+00	-4.479225e-01	7.207983e-01	6.891284e+01	
4  344.387	2.833627e+00	1.050821e-01	-1.024494e+00	-4.466069e-01	7.233657e-01	6.944721e+01	
4  344.468	2.831877e+00	1.058440e-01	-1.044429e+00	-4.412501e-01	7.200836e-01	6.923118e+01	
3  344.073	2.837082e+00	1.047703e-01	-1.003422e+00	-4.800150e-01	7.171576e-01	6.860943e+01	
6  344.157	2.828356e+00	1.060827e-01	-1.008688e+00	-4.106917e-01	7.195968e-01	6.922352e+01	
6  344.39	2.845313e+00	1.066859e-01	-1.007519e+00	-3.916988e-01	7.180335e-01	6.922957e+01	
3  345.096	2.851534e+00	1.057548e-01	-1.027827e+00	-3.945021e-01	7.232932e-01	6.965942e+01	
1  344.646	2.857807e+00	1.050867e-01	-1.059137e+00	-3.791985e-01	7.220112e-01	6.934176e+01	
2  345.061	2.875081e+00	1.059408e-01	-1.022508e+00	-3.828530e-01	7.216691e-01	6.956481e+01	
5  344.874	2.862632e+00	1.041721e-01	-9.841982e-01	-3.835715e-01	7.126059e-01	6.797631e+01	
1  347.363	2.869469e+00	1.058010e-01	-1.054875e+00	-3.711673e-01	7.119996e-01	6.833728e+01	
1  347.525	2.860507e+00	1.077398e-01	-1.096995e+00	-3.907040e-01	7.141268e-01	6.906098e+01	
3  346.799	2.850804e+00	1.073916e-01	-1.095460e+00	-4.023828e-01	7.163143e-01	6.921344e+01	
3  346.247	2.877520e+00	1.093323e-01	-1.040013e+00	-3.834331e-01	7.162236e-01	6.976226e+01	
5  346.763	2.856770e+00	1.092330e-01	-9.527523e-01	-3.699731e-01	7.129758e-01	6.928933e+01	
6  345.187	2.889316e+00	1.093386e-01	-9.917826e-01	-3.378253e-01	7.055878e-01	6.852137e+01	
2  344.847	2.864951e+00	1.098107e-01	-9.803923e-01	-3.015967e-01	7.062655e-01	6.865703e+01	
3  344.385	2.867686e+00	1.077562e-01	-9.836716e-01	-2.783744e-01	7.109494e-01	6.870256e+01	
2  343.935	2.855445e+00	1.045031e-01	-9.656684e-01	-3.039617e-01	7.128255e-01	6.806859e+01	
1  344.366	2.856546e+00	1.061534e-01	-9.382081e-01	-3.120286e-01	7.081034e-01	6.793595e+01	
4  346.443	2.846859e+00	1.063571e-01	-8.731870e-01	-2.936498e-01	7.003930e-01	6.708266e+01	
1  345.942	2.831775e+00	1.079937e-01	-8.854718e-01	-3.025679e-01	6.994674e-01	6.734733e+01	
5  345.395	2.852179e+00	1.067475e-01	-8.962629e-01	-3.072298e-01	7.030576e-01	6.749373e+01	
2  344.952	2.834333e+00	1.061461e-01	-9.028744e-01	-3.101136e-01	7.057926e-01	6.761098e+01	
2  346.042	2.826956e+00	1.064623e-01	-8.936129e-01	-3.184668e-01	7.110687e-01	6.828696e+01	
3  343.991	2.824066e+00	1.063700e-01	-9.441380e-01	-3.496248e-01	7.095859e-01	6.808177e+01	
2  344.065	2.835087e+00	1.040208e-01	-9.755859e-01	-3.926311e-01	7.141544e-01	6.805056e+01	
1  344.385	2.818432e+00	1.022024e-01	-9.043462e-01	-3.675034e-01	7.137305e-01	6.748840e+01	
2  344.518	2.804127e+00	1.015433e-01	-8.875133e-01	-3.958906e-01	7.185139e-01	6.784974e+01	
1  345.007	2.796408e+00	1.022356e-01	-8.821829e-01	-3.843451e-01	7.177616e-01	6.791989e+01	
2  348.065	2.805147e+00	1.016110e-01	-8.427044e-01	-3.953397e-01	7.203062e-01	6.808723e+01	
2  346.149	2.789170e+00	1.015970e-01	-8.435353e-01	-4.306969e-01	7.168376e-01	6.762357e+01	
6  344.798	2.800542e+00	9.993700e-02	-8.804634e-01	-4.488339e-01	7.167916e-01	6.721314e+01	
1  343.991	2.803665e+00	9.769728e-02	-9.110299e-01	-4.330331e-01	7.298055e-01	6.821627e+01	
1  345.66	2.805757e+00	1.002289e-01	-9.526227e-01	-4.051644e-01	7.323259e-01	6.922887e+01	
1  346.612	2.782812e+00	1.007936e-01	-9.407471e-01	-4.085278e-01	7.316250e-01	6.922869e+01	
1  344.241	2.780420e+00	9.971240e-02	-9.769072e-01	-3.782426e-01	7.219080e-01	6.771566e+01	
8  343.377	2.792086e+00	9.766072e-02	-1.002826e+00	-4.092489e-01	7.367119e-01	6.906331e+01	
2  343.264	2.780162e+00	9.752934e-02	-9.983768e-01	-4.251813e-01	7.313696e-01	6.830485e+01	
2  343.064	2.779109e+00	9.754112e-02	-1.007893e+00	-3.940562e-01	7.356070e-01	6.885039e+01	
1  343.431	2.743549e+00	9.628887e-02	-9.609902e-01	-4.225175e-01	7.325992e-01	6.802152e+01	
4  343.279	2.730253e+00	9.576549e-02	-1.006610e+00	-4.439203e-01	7.384448e-01	6.859476e+01	
1  343.476	2.732318e+00	9.605707e-02	-9.866810e-01	-5.220342e-01	7.396374e-01	6.883883e+01	
2  343.969	2.731915e+00	9.814853e-02	-9.985864e-01	-5.353393e-01	7.384309e-01	6.925844e+01	
1  345.661	2.738282e+00	9.932260e-02	-1.024781e+00	-5.260588e-01	7.406282e-01	6.989340e+01	
1  343.622	2.724757e+00	9.845047e-02	-9.869069e-01	-4.469389e-01	7.354551e-01	6.893100e+01	
2  346.417	2.715537e+00	9.937223e-02	-1.065683e+00	-3.977023e-01	7.269001e-01	6.806625e+01	
1  343.018	2.712010e+00	9.900011e-02	-1.016359e+00	-3.709794e-01	7.318800e-01	6.858477e+01	
1  343.843	2.704990e+00	9.915426e-02	-1.035350e+00	-3.710970e-01	7.290978e-01	6.825439e+01	
1  343.535	2.704722e+00	1.003702e-01	-1.001121e+00	-4.829630e-01	7.258823e-01	6.817825e+01	
3  343.636	2.677566e+00	9.841635e-02	-9.688852e-01	-4.622692e-01	7.285121e-01	6.790677e+01	
2  343.256	2.685333e+00	9.970842e-02	-1.005679e+00	-4.684406e-01	7.289831e-01	6.833655e+01	
3  343.391	2.704564e+00	1.003384e-01	-1.043544e+00	-4.601103e-01	7.307632e-01	6.878445e+01	
1  343.99	2.712616e+00	1.000113e-01	-1.020810e+00	-4.752912e-01	7.269156e-01	6.823204e+01	
4  343.802	2.722968e+00	1.003527e-01	-1.058368e+00	-4.763122e-01	7.354128e-01	6.944019e+01	
2  344.392	2.720743e+00	1.009794e-01	-1.041534e+00	-4.944810e-01	7.358724e-01	6.966503e+01	
1  344.902	2.704487e+00	1.006614e-01	-1.033720e+00	-5.382249e-01	7.375803e-01	6.976022e+01	
8  344.668	2.691384e+00	9.982064e-02	-1.080340e+00	-5.625318e-01	7.392639e-01	6.971830e+01	
1  346.441	2.723313e+00	9.776731e-02	-1.133494e+00	-5.322024e-01	7.419178e-01	6.959479e+01	
2  348.575	2.709090e+00	9.955756e-02	-1.141278e+00	-5.303328e-01	7.479741e-01	7.088876e+01	
1  345.605	2.679177e+00	9.895942e-02	-1.104903e+00	-4.691249e-01	7.442349e-01	7.011896e+01	
3  344.337	2.715952e+00	9.758270e-02	-1.100188e+00	-4.080220e-01	7.405378e-01	6.933774e+01	
1  344.941	2.721305e+00	9.954406e-02	-1.125316e+00	-4.062421e-01	7.387003e-01	6.964929e+01	
1  344.961	2.723563e+00	1.007867e-01	-1.123732e+00	-3.589759e-01	7.330282e-01	6.924848e+01	
4  343.504	2.685068e+00	1.029035e-01	-1.079285e+00	-3.806575e-01	7.290589e-01	6.920274e+01	
1  343.22	2.719288e+00	1.027635e-01	-1.035893e+00	-4.037300e-01	7.244588e-01	6.867609e+01	
3  343.202	2.730441e+00	1.023916e-01	-9.754126e-01	-4.166151e-01	7.203173e-01	6.809738e+01	
2  344.111	2.708448e+00	1.020533e-01	-9.999654e-01	-3.824526e-01	7.195085e-01	6.785264e+01	
2  343.979	2.685628e+00	1.013451e-01	-1.010237e+00	-3.042923e-01	7.215880e-01	6.785821e+01	
1  345.022	2.681837e+00	1.010327e-01	-1.055353e+00	-2.837732e-01	7.233144e-01	6.797650e+01	
3  344.651	2.659802e+00	9.926795e-02	-1.010511e+00	-2.704132e-01	7.249862e-01	6.765142e+01	
2  344.031	2.666427e+00	9.995569e-02	-1.025663e+00	-2.701760e-01	7.255768e-01	6.792673e+01	
4  343.793	2.662576e+00	1.025540e-01	-9.919156e-01	-2.713753e-01	7.260679e-01	6.867139e+01	
1  343.1	2.627105e+00	1.035742e-01	-1.016036e+00	-2.583666e-01	7.219933e-01	6.834163e+01	
4  343.19	2.642641e+00	1.019458e-01	-1.042291e+00	-1.686069e-01	7.248973e-01	6.831060e+01	
1  344.476	2.647670e+00	1.039536e-01	-1.051497e+00	-2.095547e-01	7.173453e-01	6.792992e+01	
5  343.167	2.648869e+00	1.034877e-01	-1.014439e+00	-2.191930e-01	7.228858e-01	6.848617e+01	
5  343.135	2.656162e+00	1.030783e-01	-1.042520e+00	-1.962694e-01	7.224356e-01	6.834197e+01	
3  343.533	2.663548e+00	1.049480e-01	-1.052774e+00	-2.247532e-01	7.253879e-01	6.922147e+01	
1  343.366	2.680522e+00	1.039130e-01	-1.001086e+00	-2.412827e-01	7.175191e-01	6.802577e+01	
4  343.122	2.653828e+00	1.072619e-01	-1.022688e+00	-2.175188e-01	7.152029e-01	6.854258e+01	
2  343.14	2.648123e+00	1.074431e-01	-1.023758e+00	-1.993312e-01	7.143003e-01	6.846600e+01	
3  343.656	2.640267e+00	1.085980e-01	-1.013657e+00	-1.386010e-01	7.130972e-01	6.859629e+01	
1  343.757	2.617598e+00	1.106386e-01	-1.035748e+00	-1.403846e-01	7.052972e-01	6.813560e+01	
1  344.564	2.628562e+00	1.115343e-01	-1.019171e+00	-1.672364e-01	7.105445e-01	6.900255e+01	
1  344.548	2.648827e+00	1.101052e-01	-9.970566e-01	-1.941832e-01	7.017305e-01	6.767224e+01	
1  345.723	2.635922e+00	1.110803e-01	-1.010014e+00	-1.596509e-01	6.979474e-01	6.745504e+01	
1  344.069	2.649083e+00	1.104858e-01	-9.981002e-01	-1.162531e-01	7.072040e-01	6.839757e+01	
8  343.649	2.678313e+00	1.098732e-01	-1.018573e+00	-1.595424e-01	7.070065e-01	6.829452e+01	
1  343.799	2.663993e+00	1.101477e-01	-1.020276e+00	-1.007850e-01	7.074512e-01	6.837924e+01	
5  345.201	2.680792e+00	1.111283e-01	-1.058146e+00	-9.962470e-02	7.028448e-01	6.813143e+01	
3  344.519	2.691609e+00	1.116056e-01	-1.024521e+00	-7.883852e-02	7.073705e-01	6.880180e+01	
1  345.774	2.690583e+00	1.095290e-01	-1.032128e+00	-6.901684e-02	7.036143e-01	6.784752e+01	
1  343.61	2.693108e+00	1.093427e-01	-1.047208e+00	-1.189068e-01	7.104903e-01	6.860798e+01	
3  343.546	2.693939e+00	1.084920e-01	-1.057284e+00	-1.374922e-01	7.120168e-01	6.857662e+01	
3  343.816	2.685100e+00	1.076620e-01	-1.025117e+00	-1.264007e-01	7.166761e-01	6.890338e+01	
3  343.452	2.684748e+00	1.079116e-01	-1.039661e+00	-1.330314e-01	7.158402e-01	6.886486e+01	
1  344.819	2.684423e+00	1.100207e-01	-1.035682e+00	-1.342839e-01	7.035102e-01	6.794244e+01	
2  344.641	2.679944e+00	1.073365e-01	-1.048059e+00	-1.141353e-01	7.216339e-01	6.941677e+01	
5  343.19	2.688610e+00	1.064315e-01	-1.046213e+00	-1.185454e-01	7.170540e-01	6.864233e+01	
5  343.872	2.686054e+00	1.048038e-01	-1.047149e+00	-1.382862e-01	7.253343e-01	6.923597e+01	
1  343.484	2.689246e+00	1.063053e-01	-1.005099e+00	-1.459270e-01	7.160339e-01	6.848812e+01	
1  343.373	2.691745e+00	1.060466e-01	-1.036344e+00	-1.711245e-01	7.148718e-01	6.828840e+01	
4  343.093	2.666162e+00	1.048249e-01	-1.029926e+00	-1.378107e-01	7.192493e-01	6.843532e+01	
1  343.35	2.661605e+00	1.054462e-01	-1.103086e+00	-1.133322e-01	7.223156e-01	6.896259e+01	
1  343.663	2.668578e+00	1.056213e-01	-1.063922e+00	-4.659608e-02	7.234098e-01	6.916288e+01	
9  343.315	2.682009e+00	1.044426e-01	-1.082524e+00	-6.497075e-02	7.242724e-01	6.899704e+01	
6  343.721	2.653240e+00	1.041840e-01	-1.115027e+00	-4.754710e-02	7.291145e-01	6.946598e+01	
1  346.177	2.649922e+00	1.042758e-01	-1.107782e+00	-3.488650e-02	7.200542e-01	6.834793e+01	
2  344.914	2.635154e+00	1.021938e-01	-1.119142e+00	-3.363211e-02	7.273674e-01	6.866561e+01	
4  345.628	2.641119e+00	1.030056e-01	-1.135746e+00	-2.998792e-02	7.381236e-01	7.029867e+01	
3  346.071	2.643214e+00	1.042297e-01	-1.125675e+00	-2.365913e-02	7.229831e-01	6.867857e+01	
1  344.14	2.641946e+00	1.047189e-01	-1.088953e+00	-3.798843e-02	7.216232e-01	6.863544e+01	
3  344.079	2.671396e+00	1.066453e-01	-1.118627e+00	-8.221754e-02	7.252621e-01	6.967106e+01	
3  344.029	2.660509e+00	1.082236e-01	-1.109895e+00	-5.907590e-02	7.198456e-01	6.937331e+01	
1  343.817	2.654565e+00	1.083473e-01	-1.076119e+00	-5.234828e-02	7.159996e-01	6.891838e+01	
4  346.56	2.657740e+00	1.083917e-01	-1.068818e+00	-2.111375e-02	7.108364e-01	6.831962e+01	
2  344.307	2.655839e+00	1.084837e-01	-1.085615e+00	-4.888981e-02	7.141806e-01	6.873672e+01	
4  346.564	2.647395e+00	1.088708e-01	-1.036985e+00	-2.212094e-02	7.076326e-01	6.803874e+01	
1  346.332	2.663738e+00	1.118033e-01	-1.029380e+00	-4.279260e-02	7.004164e-01	6.797869e+01	
1  346.328	2.651262e+00	1.098594e-01	-1.004712e+00	-3.182258e-02	7.033915e-01	6.780643e+01	
4  345.543	2.654802e+00	1.095108e-01	-1.067606e+00	-2.676666e-02	7.104436e-01	6.854832e+01	
5  345.066	2.621207e+00	1.114333e-01	-1.058115e+00	-2.358658e-02	7.100885e-01	6.890457e+01	
1  345.462	2.625719e+00	1.118812e-01	-1.064546e+00	-6.751194e-02	7.148863e-01	6.960624e+01	
1  343.992	2.639785e+00	1.115014e-01	-1.106420e+00	-1.017880e-01	7.104594e-01	6.901224e+01	
4  344.205	2.650101e+00	1.121668e-01	-1.086001e+00	-1.281685e-01	7.121120e-01	6.940264e+01	
3  344.86	2.637611e+00	1.123645e-01	-1.097284e+00	-1.521258e-01	7.148093e-01	6.974838e+01	
3  344.233	2.654979e+00	1.117896e-01	-1.085816e+00	-2.240772e-01	7.137478e-01	6.951820e+01	
6  345.178	2.663393e+00	1.106525e-01	-1.152320e+00	-2.580061e-01	7.169521e-01	6.964401e+01	
5  344.765	2.668052e+00	1.101495e-01	-1.123867e+00	-2.667614e-01	7.196338e-01	6.985988e+01	
2  343.94	2.652393e+00	1.105640e-01	-1.095669e+00	-2.607487e-01	7.158821e-01	6.946250e+01	
3  344.48	2.646976e+00	1.081642e-01	-1.082307e+00	-2.297122e-01	7.117722e-01	6.834540e+01	
1  344.748	2.674559e+00	1.097016e-01	-1.054206e+00	-2.069004e-01	7.057396e-01	6.809518e+01	
1  344.179	2.669951e+00	1.089649e-01	-1.012631e+00	-2.158355e-01	7.055615e-01	6.787903e+01	
8  345.218	2.635716e+00	1.111792e-01	-9.456210e-01	-1.822585e-01	6.976815e-01	6.744914e+01	
5  343.968	2.666977e+00	1.095559e-01	-1.011214e+00	-1.923863e-01	7.051310e-01	6.796964e+01	
3  344.667	2.666495e+00	1.084168e-01	-9.702437e-01	-1.965030e-01	7.122401e-01	6.851460e+01	
3  344.351	2.661446e+00	1.105161e-01	-9.778115e-01	-1.750810e-01	7.065916e-01	6.836453e+01	
2  344.784	2.655686e+00	1.101853e-01	-9.556623e-01	-1.810497e-01	7.006572e-01	6.758757e+01	
1  345.04	2.660468e+00	1.096115e-01	-9.339481e-01	-2.036287e-01	7.035634e-01	6.778733e+01	
10  344.441	2.652818e+00	1.109286e-01	-9.735267e-01	-1.551430e-01	7.044825e-01	6.820113e+01	
3  344.587	2.638998e+00	1.100515e-01	-9.700226e-01	-1.209139e-01	7.026951e-01	6.774421e+01	
1  346.145	2.634031e+00	1.074807e-01	-9.435127e-01	-1.207083e-01	7.022712e-01	6.704273e+01	
1  347.261	2.598428e+00	1.075191e-01	-9.048892e-01	-1.197367e-01	7.012379e-01	6.684722e+01	
1  347.329	2.618078e+00	1.065616e-01	-9.248981e-01	-1.371338e-01	7.017034e-01	6.670842e+01	
3  345.877	2.607938e+00	1.114643e-01	-9.864248e-01	-1.208739e-01	6.961703e-01	6.728296e+01	
1  344.903	2.578504e+00	1.124359e-01	-9.765488e-01	-1.128175e-01	7.032824e-01	6.825197e+01	
1  344.697	2.570821e+00	1.092619e-01	-1.006562e+00	-1.421167e-01	7.039691e-01	6.752278e+01	
2  343.398	2.551856e+00	1.090119e-01	-1.034551e+00	-6.378186e-02	7.122746e-01	6.837875e+01	
2  343.823	2.540996e+00	1.075087e-01	-1.047975e+00	-7.463054e-02	7.124760e-01	6.799171e+01	
1  344.461	2.566422e+00	1.067736e-01	-1.014829e+00	-3.810583e-02	7.217142e-01	6.898592e+01	
8  343.897	2.568873e+00	1.054972e-01	-1.065046e+00	-1.824798e-02	7.209667e-01	6.856708e+01	
1  344.76	2.566233e+00	1.056841e-01	-1.021026e+00	-5.128928e-02	7.249035e-01	6.909817e+01	
1  346.643	2.573424e+00	1.079859e-01	-1.030981e+00	-9.051499e-02	7.231610e-01	6.950000e+01	
8  346.624	2.569445e+00	1.077502e-01	-1.053089e+00	-1.081887e-01	7.253745e-01	6.970760e+01	
1  344.48	2.581878e+00	1.103593e-01	-1.033094e+00	-1.110955e-01	7.144204e-01	6.905419e+01	
1  343.56	2.566806e+00	1.103870e-01	-1.049276e+00	-9.905441e-02	7.075911e-01	6.821221e+01	
5  343.645	2.549779e+00	1.097267e-01	-1.017580e+00	-8.269120e-02	7.088137e-01	6.814629e+01	
1  344.494	2.551286e+00	1.102979e-01	-1.024826e+00	-8.942688e-02	7.139820e-01	6.890812e+01	
3  343.586	2.545634e+00	1.116044e-01	-1.049292e+00	-1.019088e-01	7.106311e-01	6.882253e+01	
8  343.966	2.570527e+00	1.124860e-01	-1.055114e+00	-6.867985e-02	7.096803e-01	6.899251e+01	
3  344.142	2.564611e+00	1.117534e-01	-1.087053e+00	-3.611205e-02	7.131657e-01	6.921132e+01	
1  346.252	2.544716e+00	1.133376e-01	-1.000429e+00	-3.304496e-02	7.090193e-01	6.906193e+01	
5  345.591	2.521537e+00	1.126511e-01	-9.921847e-01	-1.143160e-02	7.056415e-01	6.843701e+01	
1  343.827	2.531270e+00	1.097130e-01	-1.023626e+00	-7.036902e-02	7.077674e-01	6.797418e+01	
1  344.116	2.539189e+00	1.086269e-01	-1.043276e+00	-4.808899e-02	7.192701e-01	6.909370e+01	
1  343.874	2.559504e+00	1.055190e-01	-1.050586e+00	-5.921674e-02	7.255683e-01	6.912061e+01	
1  344.388	2.520685e+00	1.049620e-01	-1.055067e+00	-6.432671e-02	7.282664e-01	6.921206e+01	
1  344.808	2.514999e+00	1.041142e-01	-1.060562e+00	-6.643222e-02	7.311136e-01	6.933535e+01	
1  344.387	2.488393e+00	1.076423e-01	-1.023063e+00	-1.021412e-01	7.187572e-01	6.864522e+01	
1  345.218	2.471674e+00	1.069974e-01	-1.025995e+00	-1.125495e-01	7.100606e-01	6.740041e+01	
2  345.215	2.479166e+00	1.065284e-01	-1.006051e+00	-1.212805e-01	7.104869e-01	6.734905e+01	
1  345.869	2.476675e+00	1.066310e-01	-1.033076e+00	-1.630648e-01	7.248492e-01	6.910487e+01	
3  343.32	2.492457e+00	1.076876e-01	-1.061267e+00	-1.829382e-01	7.195790e-01	6.876800e+01	
3  343.02	2.487005e+00	1.102805e-01	-1.095956e+00	-1.824775e-01	7.138546e-01	6.872512e+01	
5  343.098	2.481250e+00	1.101316e-01	-1.097519e+00	-1.914278e-01	7.136302e-01	6.864570e+01	
1  343.114	2.503293e+00	1.082080e-01	-1.113827e+00	-1.796798e-01	7.199973e-01	6.898232e+01	
1  343.459	2.485533e+00	1.067787e-01	-1.126791e+00	-1.570147e-01	7.218042e-01	6.878738e+01	
2  343.721	2.495320e+00	1.082302e-01	-1.078887e+00	-1.975170e-01	7.134540e-01	6.817544e+01	
1  343.171	2.493524e+00	1.095935e-01	-1.048314e+00	-1.881775e-01	7.118909e-01	6.833278e+01	
1  343.959	2.496429e+00	1.085543e-01	-1.067044e+00	-2.027223e-01	7.210678e-01	6.918651e+01	
3  343.148	2.496484e+00	1.082729e-01	-1.094901e+00	-3.098249e-01	7.189651e-01	6.885469e+01	
4  343.838	2.495768e+00	1.061418e-01	-1.087620e+00	-3.117021e-01	7.196956e-01	6.838890e+01	
3  343.572	2.480652e+00	1.057068e-01	-1.107577e+00	-2.812663e-01	7.237091e-01	6.872966e+01	
2  346.269	2.470284e+00	1.054955e-01	-1.100462e+00	-3.168308e-01	7.342336e-01	6.999267e+01	
1  346.762	2.457452e+00	1.059279e-01	-1.081812e+00	-3.050686e-01	7.328562e-01	6.989349e+01	
9  343.797	2.431611e+00	1.054931e-01	-1.076480e+00	-3.519452e-01	7.275031e-01	6.901952e+01	
1  343.728	2.431744e+00	1.050834e-01	-1.063878e+00	-3.585897e-01	7.267412e-01	6.881474e+01	
1  348.699	2.437485e+00	1.062594e-01	-1.079043e+00	-3.272974e-01	7.345070e-01	7.014586e+01	
2  347.359	2.449282e+00	1.062149e-01	-1.126623e+00	-3.258863e-01	7.359158e-01	7.035247e+01	
3  347.654	2.459742e+00	1.054642e-01	-1.150059e+00	-3.013848e-01	7.385525e-01	7.053138e+01	
1  348	2.445363e+00	1.033976e-01	-1.118189e+00	-2.727070e-01	7.408309e-01	7.023617e+01	
1  347.329	2.477502e+00	1.048871e-01	-1.136956e+00	-2.587634e-01	7.382693e-01	7.038485e+01	
1  347.967	2.450809e+00	1.033832e-01	-1.149791e+00	-2.605269e-01	7.423919e-01	7.045969e+01	
1  345.332	2.450282e+00	1.016067e-01	-1.103160e+00	-1.816770e-01	7.279102e-01	6.807973e+01	
1  343.956	2.464056e+00	1.015718e-01	-1.087210e+00	-1.179475e-01	7.324959e-01	6.868876e+01	
1  343.623	2.453936e+00	1.008715e-01	-1.140194e+00	-2.191760e-02	7.379913e-01	6.918464e+01	
7  343.695	2.478341e+00	1.024519e-01	-1.143215e+00	-1.146195e-02	7.362787e-01	6.945943e+01	
3  344.071	2.468544e+00	1.008872e-01	-1.152642e+00	-4.916980e-03	7.385987e-01	6.930965e+01	
2  344.747	2.453660e+00	1.000341e-01	-1.077908e+00	-5.507914e-02	7.397357e-01	6.918321e+01	
2  345.563	2.427481e+00	9.774144e-02	-1.124008e+00	-7.739728e-02	7.462435e-01	6.934262e+01	
2  344.94	2.432186e+00	9.695007e-02	-1.102981e+00	-6.731357e-02	7.418126e-01	6.853503e+01	
1  344.941	2.440317e+00	9.725691e-02	-1.116015e+00	-5.051040e-02	7.401195e-01	6.842065e+01	
3  344.834	2.459328e+00	9.792090e-02	-1.103565e+00	-4.807761e-02	7.454227e-01	6.937186e+01	
2  344.22	2.477190e+00	9.628449e-02	-1.087307e+00	-5.090359e-02	7.434668e-01	6.869452e+01	
1  344.156	2.487569e+00	9.579350e-02	-1.078126e+00	-4.686363e-02	7.444684e-01	6.871885e+01	
4  343.471	2.506510e+00	9.649808e-02	-1.058136e+00	-1.757173e-02	7.399288e-01	6.836832e+01	
1  343.578	2.495828e+00	9.591295e-02	-1.038506e+00	-1.961498e-02	7.402384e-01	6.821408e+01	
10  343.384	2.537353e+00	9.705901e-02	-1.054014e+00	4.484556e-03	7.449530e-01	6.928485e+01	
8  343.905	2.536079e+00	9.717196e-02	-1.026214e+00	1.544197e-02	7.423039e-01	6.895602e+01	
3  343.393	2.532932e+00	9.747770e-02	-1.107344e+00	-2.627052e-02	7.426674e-01	6.908189e+01	
2  346.769	2.533938e+00	9.768081e-02	-1.162114e+00	-2.074419e-02	7.528753e-01	7.055537e+01	
1  345.556	2.522995e+00	9.763638e-02	-1.153329e+00	1.227807e-02	7.515779e-01	7.032688e+01	
12  345.83	2.491661e+00	9.690414e-02	-1.202086e+00	-3.795520e-03	7.534040e-01	7.028580e+01	
6  344.895	2.475016e+00	9.537119e-02	-1.128706e+00	2.009819e-02	7.555082e-01	7.009353e+01	
1  346.157	2.483809e+00	9.440423e-02	-1.183461e+00	-4.138618e-03	7.590524e-01	7.034835e+01	
1  344.508	2.476852e+00	9.447261e-02	-1.105481e+00	-4.100895e-02	7.491159e-01	6.894082e+01	
3  345.275	2.496882e+00	9.546339e-02	-1.133788e+00	-5.691556e-02	7.512243e-01	6.957726e+01	
2  344.571	2.491708e+00	9.496063e-02	-1.150446e+00	-2.046454e-02	7.524631e-01	6.959038e+01	
2  344.31	2.493029e+00	9.581605e-02	-1.124568e+00	-4.031067e-02	7.483460e-01	6.926838e+01	
5  344.414	2.475457e+00	9.791855e-02	-1.128462e+00	-3.677684e-02	7.463493e-01	6.954353e+01	
1  346.936	2.477643e+00	9.785528e-02	-1.240202e+00	-4.459712e-02	7.525477e-01	7.039724e+01	
1  346.104	2.464155e+00	9.782420e-02	-1.226920e+00	-2.225219e-02	7.485911e-01	6.979382e+01	
5  346.4	2.447401e+00	9.676542e-02	-1.209940e+00	-7.876148e-02	7.513429e-01	6.982670e+01	
1  346.27	2.447446e+00	9.591748e-02	-1.207022e+00	-5.753120e-02	7.523978e-01	6.973028e+01	
1  345.993	2.432542e+00	9.658418e-02	-1.205647e+00	-4.601983e-02	7.511396e-01	6.970317e+01	
5  346.206	2.432559e+00	9.606025e-02	-1.157133e+00	-5.022297e-02	7.529374e-01	6.980462e+01	
2  346.086	2.444417e+00	9.718044e-02	-1.204899e+00	-7.084853e-02	7.473755e-01	6.938618e+01	
2  345.039	2.437670e+00	9.528856e-02	-1.124983e+00	-4.935264e-02	7.473236e-01	6.881795e+01	
2  345.441	2.442648e+00	9.452955e-02	-1.141505e+00	-2.795924e-02	7.547676e-01	6.964730e+01	
5  346.413	2.455630e+00	9.589644e-02	-1.208882e+00	-5.959974e-02	7.533781e-01	6.988638e+01	
2  345.711	2.459474e+00	9.761207e-02	-1.161938e+00	-5.485738e-02	7.408408e-01	6.866958e+01	
1  344.476	2.450725e+00	9.886678e-02	-1.111027e+00	-8.800072e-02	7.400074e-01	6.888607e+01	
1  344.226	2.443401e+00	1.004074e-01	-1.140889e+00	-7.228426e-02	7.370180e-01	6.889952e+01	
2  344.796	2.454245e+00	1.000289e-01	-1.074317e+00	-1.307726e-01	7.365873e-01	6.876869e+01	
2  344.557	2.441634e+00	1.024229e-01	-1.092483e+00	-1.489763e-01	7.340756e-01	6.906337e+01	
1  346.558	2.434277e+00	1.008295e-01	-1.063531e+00	-1.335092e-01	7.382942e-01	6.915879e+01	
2  343.997	2.451501e+00	1.019230e-01	-1.075514e+00	-1.025113e-01	7.310744e-01	6.856821e+01	
2  344.58	2.466154e+00	1.005859e-01	-1.111939e+00	-9.892721e-02	7.390916e-01	6.928517e+01	
2  344.073	2.487581e+00	1.010735e-01	-1.143837e+00	-1.089734e-01	7.374726e-01	6.926448e+01	
3  344.213	2.485185e+00	1.006033e-01	-1.100936e+00	-1.272654e-01	7.369483e-01	6.905953e+01	
1  345.717	2.484773e+00	1.000144e-01	-1.093447e+00	-1.581187e-01	7.293785e-01	6.792571e+01	
1  345.478	2.478313e+00	1.018138e-01	-1.093781e+00	-1.683894e-01	7.378133e-01	6.948743e+01	
3  344.943	2.496383e+00	1.013808e-01	-1.063046e+00	-1.682712e-01	7.351967e-01	6.907435e+01	
4  344.917	2.485229e+00	1.016977e-01	-1.098734e+00	-1.604144e-01	7.271961e-01	6.810920e+01	
3  344.274	2.480618e+00	1.023894e-01	-1.034809e+00	-1.599612e-01	7.273667e-01	6.830406e+01	
8  343.568	2.483645e+00	1.037072e-01	-1.072952e+00	-1.878484e-01	7.257518e-01	6.846260e+01	
2  343.701	2.479045e+00	1.028949e-01	-1.093980e+00	-2.011941e-01	7.289264e-01	6.863204e+01	
3  343.933	2.475701e+00	1.029705e-01	-1.123096e+00	-2.395791e-01	7.308712e-01	6.889094e+01	
2  343.86	2.499421e+00	1.041406e-01	-1.092080e+00	-2.072877e-01	7.235917e-01	6.835121e+01	
1  343.762	2.486107e+00	1.034970e-01	-1.072503e+00	-1.667219e-01	7.245850e-01	6.826810e+01	
1  344.147	2.483272e+00	1.033087e-01	-1.113539e+00	-1.623865e-01	7.264361e-01	6.844085e+01	
3  345.137	2.482451e+00	1.038229e-01	-1.039753e+00	-2.010246e-01	7.295613e-01	6.897094e+01	
1  344.64	2.466939e+00	9.966974e-02	-1.133597e+00	-1.831544e-01	7.398179e-01	6.912979e+01	
1  345.306	2.479009e+00	9.994252e-02	-1.128747e+00	-2.279859e-01	7.426067e-01	6.961316e+01	
1  344.522	2.467563e+00	1.004892e-01	-1.134041e+00	-2.021785e-01	7.363876e-01	6.890620e+01	
4  344.601	2.491499e+00	1.021906e-01	-1.119286e+00	-1.916259e-01	7.370814e-01	6.952992e+01	
3  344.234	2.492240e+00	1.014737e-01	-1.111128e+00	-1.911564e-01	7.365596e-01	6.926689e+01	
1  344.989	2.475226e+00	1.000457e-01	-1.085251e+00	-1.991208e-01	7.389183e-01	6.913780e+01	
9  346.117	2.451418e+00	9.791612e-02	-1.050175e+00	-1.705644e-01	7.332783e-01	6.775093e+01	
2  345.832	2.451582e+00	9.863372e-02	-1.020742e+00	-2.410316e-01	7.358010e-01	6.827329e+01	
5  347.472	2.459237e+00	9.736333e-02	-9.820729e-01	-2.776434e-01	7.379843e-01	6.822403e+01	
1  347.131	2.442222e+00	9.838409e-02	-1.054989e+00	-2.466548e-01	7.431301e-01	6.914388e+01	
12  344.512	2.467620e+00	1.003042e-01	-1.045686e+00	-2.816611e-01	7.315822e-01	6.823627e+01	
1  343.846	2.484293e+00	1.028510e-01	-1.039438e+00	-2.705006e-01	7.272175e-01	6.841901e+01	
3  343.684	2.473689e+00	1.031638e-01	-1.078743e+00	-2.436725e-01	7.278996e-01	6.856016e+01	
1  343.811	2.483259e+00	1.033670e-01	-1.079005e+00	-2.969039e-01	7.261812e-01	6.842451e+01	
3  343.843	2.478359e+00	1.019981e-01	-1.075784e+00	-2.637964e-01	7.307672e-01	6.862213e+01	
2  345.246	2.470782e+00	1.033642e-01	-1.114425e+00	-2.651695e-01	7.250526e-01	6.824993e+01	
1  344.737	2.455766e+00	1.038790e-01	-1.144967e+00	-2.832799e-01	7.357776e-01	6.972037e+01	
1  344.731	2.463050e+00	1.046545e-01	-1.151155e+00	-2.652542e-01	7.346993e-01	6.980796e+01	
2  344.252	2.456127e+00	1.029016e-01	-1.145404e+00	-2.336542e-01	7.344194e-01	6.927773e+01	
1  344.296	2.442851e+00	1.019132e-01	-1.065681e+00	-2.214235e-01	7.298092e-01	6.838143e+01	
1  344.49	2.444781e+00	1.009344e-01	-1.072929e+00	-3.023719e-01	7.319310e-01	6.839033e+01	
2  344.929	2.458662e+00	1.007197e-01	-1.014952e+00	-3.274363e-01	7.319477e-01	6.837176e+01	
1  344.799	2.481819e+00	9.979461e-02	-1.053882e+00	-2.754528e-01	7.308909e-01	6.804827e+01	
1  344.624	2.506173e+00	9.963567e-02	-1.026976e+00	-2.995475e-01	7.299199e-01	6.794889e+01	
1  344.864	2.483756e+00	1.007494e-01	-9.930580e-01	-3.302798e-01	7.292897e-01	6.811141e+01	
2  343.56	2.496244e+00	1.028655e-01	-1.056604e+00	-3.412009e-01	7.277311e-01	6.851944e+01	
2  344.284	2.496526e+00	1.026121e-01	-1.066269e+00	-3.713087e-01	7.338978e-01	6.924088e+01	
1  344.634	2.493384e+00	1.034424e-01	-1.134528e+00	-4.454096e-01	7.347871e-01	6.957368e+01	
2  344.516	2.490597e+00	1.033481e-01	-1.113481e+00	-4.769019e-01	7.351190e-01	6.958412e+01	
3  344.454	2.471215e+00	1.019430e-01	-1.084962e+00	-4.411577e-01	7.364143e-01	6.931872e+01	
1  344.763	2.473869e+00	1.005495e-01	-1.108716e+00	-4.371009e-01	7.361016e-01	6.890277e+01	
2  344.865	2.501377e+00	9.997694e-02	-1.107921e+00	-5.124652e-01	7.394162e-01	6.925724e+01	
1  346.358	2.519531e+00	1.019018e-01	-1.089041e+00	-4.935077e-01	7.411078e-01	7.006616e+01	
1  344.944	2.530561e+00	1.020255e-01	-1.125961e+00	-5.115207e-01	7.350773e-01	6.932783e+01	
1  344.832	2.546699e+00	1.018891e-01	-1.084089e+00	-5.599633e-01	7.301284e-01	6.869597e+01	
1  344.744	2.541159e+00	1.025233e-01	-1.005093e+00	-6.110868e-01	7.334886e-01	6.928459e+01	
3  344.31	2.532369e+00	1.048818e-01	-9.838675e-01	-5.945050e-01	7.159311e-01	6.770220e+01	
2  344.114	2.534131e+00	1.051296e-01	-9.495785e-01	-5.753601e-01	7.219654e-01	6.850265e+01	
1  344.079	2.516409e+00	1.083379e-01	-9.555574e-01	-5.713552e-01	7.164203e-01	6.861297e+01	
4  345.221	2.499810e+00	1.084275e-01	-9.827821e-01	-5.809858e-01	7.214331e-01	6.920777e+01	
1  344.155	2.495167e+00	1.088300e-01	-9.315996e-01	-5.658986e-01	7.120733e-01	6.816436e+01	
6  344.81	2.515164e+00	1.082879e-01	-9.062264e-01	-6.331050e-01	7.042627e-01	6.717215e+01	
1  345.351	2.518819e+00	1.108116e-01	-8.815904e-01	-6.508877e-01	6.969324e-01	6.698837e+01	
5  345.378	2.549360e+00	1.097584e-01	-8.481492e-01	-6.636810e-01	7.015274e-01	6.731621e+01	
2  345.861	2.549990e+00	1.086485e-01	-8.306004e-01	-6.968785e-01	7.016418e-01	6.705387e+01	
3  346.102	2.523629e+00	1.088343e-01	-8.345741e-01	-7.135673e-01	6.997474e-01	6.682260e+01	
1  344.71	2.526051e+00	1.078886e-01	-8.728393e-01	-6.712379e-01	7.077579e-01	6.749907e+01	
1  344.444	2.548735e+00	1.086521e-01	-8.931793e-01	-6.802435e-01	7.037161e-01	6.728592e+01	
3  344.294	2.549621e+00	1.087987e-01	-9.013069e-01	-7.189310e-01	7.039053e-01	6.734642e+01	
1  343.325	2.542787e+00	1.110409e-01	-9.288416e-01	-7.313895e-01	7.045888e-01	6.796779e+01	
2  343.299	2.541855e+00	1.121715e-01	-9.347866e-01	-7.566572e-01	7.053660e-01	6.833641e+01	
2  343.379	2.533925e+00	1.103065e-01	-9.162801e-01	-7.888641e-01	7.055628e-01	6.787452e+01	
11  343.314	2.547428e+00	1.085909e-01	-9.914923e-01	-7.730402e-01	7.139932e-01	6.846519e+01	
5  343.4	2.553346e+00	1.074510e-01	-9.602160e-01	-7.574605e-01	7.189115e-01	6.878265e+01	
4  344.54	2.559638e+00	1.090638e-01	-9.498448e-01	-7.176481e-01	7.049240e-01	6.755424e+01	
1  344.165	2.552543e+00	1.107900e-01	-9.602538e-01	-6.924641e-01	7.136745e-01	6.899894e+01	
1  343.104	2.536888e+00	1.092720e-01	-9.900078e-01	-6.690310e-01	7.152848e-01	6.876748e+01	
2  343.3	2.519405e+00	1.082948e-01	-9.609625e-01	-6.700181e-01	7.158975e-01	6.854644e+01	
2  343.237	2.497714e+00	1.079535e-01	-9.444349e-01	-7.375595e-01	7.128673e-01	6.804108e+01	
1  343.72	2.499407e+00	1.067517e-01	-1.031716e+00	-6.952344e-01	7.191737e-01	6.849350e+01	
7  343.184	2.501995e+00	1.058673e-01	-9.950161e-01	-7.011925e-01	7.210351e-01	6.849736e+01	
1  343.684	2.526912e+00	1.047648e-01	-1.018898e+00	-7.316553e-01	7.279326e-01	6.913374e+01	
3  343.83	2.536437e+00	1.058954e-01	-1.047280e+00	-7.076305e-01	7.267258e-01	6.930529e+01	
1  344.465	2.565510e+00	1.065332e-01	-1.031674e+00	-7.498452e-01	7.182218e-01	6.849248e+01	
6  343.98	2.548921e+00	1.086497e-01	-1.046459e+00	-7.443826e-01	7.214525e-01	6.939493e+01	
1  344.032	2.557075e+00	1.100257e-01	-1.040030e+00	-7.479139e-01	7.140222e-01	6.885859e+01	
1  344.443	2.534173e+00	1.104447e-01	-1.039412e+00	-7.489806e-01	7.111571e-01	6.856418e+01	
2  346.07	2.517600e+00	1.116701e-01	-9.990486e-01	-7.344123e-01	7.010091e-01	6.765303e+01	
1  343.106	2.513038e+00	1.114909e-01	-9.954389e-01	-6.988766e-01	7.085219e-01	6.846305e+01	
8  344.142	2.512421e+00	1.121300e-01	-1.028773e+00	-6.882579e-01	7.156049e-01	6.947071e+01	
6  344.21	2.539913e+00	1.140812e-01	-1.037864e+00	-7.267629e-01	7.106337e-01	6.942765e+01	
2  344.222	2.511297e+00	1.155203e-01	-1.054757e+00	-7.399871e-01	7.063284e-01	6.920111e+01	
1  344.558	2.522630e+00	1.144909e-01	-1.053492e+00	-7.471133e-01	7.053618e-01	6.886213e+01	
6  344.14	2.484905e+00	1.157387e-01	-1.037784e+00	-7.290547e-01	7.084162e-01	6.943716e+01	
4  343.795	2.500147e+00	1.172352e-01	-1.003255e+00	-7.900972e-01	6.984328e-01	6.867739e+01	
1  345.611	2.509247e+00	1.183725e-01	-1.039665e+00	-7.820224e-01	7.056471e-01	6.981341e+01	
3  344.003	2.496142e+00	1.184824e-01	-1.011440e+00	-7.949322e-01	6.978093e-01	6.889700e+01	
3  344.471	2.508146e+00	1.209574e-01	-9.821823e-01	-7.675637e-01	6.876972e-01	6.838271e+01	
