2  352.657	2.198492e+00	1.216703e-01	-9.276449e-01	-2.839706e-01	6.919020e-01	
1  347.437	2.218498e+00	1.216705e-01	-9.634985e-01	-2.783747e-01	6.889310e-01	
1  347.265	2.207260e+00	1.222709e-01	-9.515469e-01	-3.366695e-01	6.866515e-01	
3  346.649	2.217058e+00	1.216717e-01	-1.009094e+00	-3.505753e-01	6.787551e-01	
1  344.736	2.204986e+00	1.235370e-01	-1.006502e+00	-3.968107e-01	6.795999e-01	
2  343.585	2.217383e+00	1.233025e-01	-1.051445e+00	-4.273193e-01	6.919611e-01	
6  343.46	2.197678e+00	1.233622e-01	-1.046220e+00	-3.862243e-01	6.885030e-01	
4  343.779	2.215858e+00	1.249714e-01	-1.114727e+00	-3.507516e-01	6.939151e-01	
2  343.928	2.221738e+00	1.269283e-01	-1.115455e+00	-3.509019e-01	6.804580e-01	
4  344.331	2.238938e+00	1.275458e-01	-1.105907e+00	-3.804299e-01	6.777837e-01	
5  344.344	2.255046e+00	1.270461e-01	-1.088334e+00	-3.819269e-01	6.773467e-01	
1  343.924	2.268311e+00	1.291479e-01	-1.126439e+00	-3.613762e-01	6.810798e-01	
6  344.688	2.279718e+00	1.305127e-01	-1.137441e+00	-3.284656e-01	6.757852e-01	
1  345.345	2.291813e+00	1.308098e-01	-1.134308e+00	-2.816853e-01	6.722382e-01	
2  345.827	2.284245e+00	1.335420e-01	-1.103033e+00	-3.071080e-01	6.641114e-01	
7  345.93	2.311301e+00	1.353912e-01	-1.093224e+00	-3.111648e-01	6.682668e-01	
3  346.355	2.315079e+00	1.350979e-01	-1.089160e+00	-2.576272e-01	6.699736e-01	
1  345.375	2.301543e+00	1.339843e-01	-1.072974e+00	-2.724145e-01	6.681659e-01	
1  345.518	2.301322e+00	1.348781e-01	-1.057916e+00	-3.335719e-01	6.632896e-01	
1  345.954	2.293046e+00	1.339314e-01	-1.010434e+00	-3.145801e-01	6.596767e-01	
3  345.845	2.301339e+00	1.350923e-01	-1.040355e+00	-3.338910e-01	6.597180e-01	
2  345.471	2.318119e+00	1.343568e-01	-1.076324e+00	-3.781062e-01	6.670799e-01	
2  345.234	2.326862e+00	1.315784e-01	-1.026112e+00	-3.932817e-01	6.711511e-01	
1  345.019	2.337511e+00	1.308221e-01	-1.027617e+00	-3.519339e-01	6.696000e-01	
2  345.689	2.340890e+00	1.318903e-01	-1.050824e+00	-3.680749e-01	6.741758e-01	
1  345.802	2.368574e+00	1.321094e-01	-1.058555e+00	-3.875206e-01	6.735054e-01	
4  346.744	2.355120e+00	1.298457e-01	-1.113490e+00	-4.216144e-01	6.869789e-01	
2  346.942	2.342208e+00	1.305358e-01	-1.114626e+00	-4.091983e-01	6.860674e-01	
3  345.476	2.345387e+00	1.286780e-01	-1.159887e+00	-4.149135e-01	6.837610e-01	
1  347.283	2.356156e+00	1.297868e-01	-1.194536e+00	-4.079441e-01	6.899903e-01	
2  347.499	2.366493e+00	1.292931e-01	-1.194520e+00	-3.567163e-01	6.918244e-01	
1  347.837	2.369104e+00	1.276213e-01	-1.220665e+00	-3.135993e-01	6.848186e-01	
6  346.887	2.368862e+00	1.288150e-01	-1.210319e+00	-3.360326e-01	6.860210e-01	
1  350.524	2.384974e+00	1.298106e-01	-1.193306e+00	-3.286755e-01	6.955826e-01	
2  347.227	2.379337e+00	1.301933e-01	-1.183243e+00	-3.435828e-01	6.878856e-01	
4  345.74	2.375352e+00	1.294726e-01	-1.137612e+00	-3.114681e-01	6.848021e-01	
1  345.442	2.351428e+00	1.275139e-01	-1.153489e+00	-3.199334e-01	6.814349e-01	
6  345.532	2.358079e+00	1.266677e-01	-1.168649e+00	-2.928182e-01	6.840748e-01	
1  345.761	2.371141e+00	1.266886e-01	-1.188722e+00	-3.446637e-01	6.896113e-01	
2  346.427	2.365347e+00	1.268189e-01	-1.213730e+00	-3.277951e-01	6.901559e-01	
2  346.731	2.367155e+00	1.280188e-01	-1.211220e+00	-3.639906e-01	6.902400e-01	
2  346.054	2.367326e+00	1.278884e-01	-1.161203e+00	-3.904687e-01	6.910686e-01	
1  346.254	2.363009e+00	1.291676e-01	-1.176241e+00	-4.149709e-01	6.841505e-01	
2  345.755	2.366304e+00	1.285022e-01	-1.171647e+00	-3.640031e-01	6.849994e-01	
3  345.64	2.383326e+00	1.284784e-01	-1.164646e+00	-2.849784e-01	6.826112e-01	
1  346.812	2.399527e+00	1.282052e-01	-1.218776e+00	-2.187897e-01	6.877454e-01	
2  346.921	2.407881e+00	1.302502e-01	-1.185357e+00	-2.463077e-01	6.796952e-01	
1  346.806	2.383966e+00	1.292926e-01	-1.216763e+00	-2.256119e-01	6.854310e-01	
7  346.908	2.376959e+00	1.296010e-01	-1.230897e+00	-1.468861e-01	6.870081e-01	
3  347.863	2.361686e+00	1.300861e-01	-1.253515e+00	-1.447131e-01	6.832502e-01	
2  347.335	2.368218e+00	1.310796e-01	-1.234395e+00	-1.522051e-01	6.852655e-01	
1  349.486	2.352879e+00	1.295228e-01	-1.198518e+00	-1.970875e-01	6.953529e-01	
3  345.372	2.336974e+00	1.281166e-01	-1.203539e+00	-2.154664e-01	6.872690e-01	
1  344.359	2.328631e+00	1.276660e-01	-1.159532e+00	-1.945882e-01	6.856069e-01	
4  344.206	2.314936e+00	1.268274e-01	-1.170188e+00	-2.025025e-01	6.874810e-01	
3  344.54	2.327851e+00	1.276292e-01	-1.167815e+00	-2.108429e-01	6.876361e-01	
1  344.669	2.332624e+00	1.279330e-01	-1.174920e+00	-1.606617e-01	6.845867e-01	
1  344.28	2.314642e+00	1.268843e-01	-1.097124e+00	-1.690774e-01	6.781087e-01	
7  344.443	2.319512e+00	1.285742e-01	-1.076794e+00	-1.535092e-01	6.769268e-01	
1  344.437	2.345045e+00	1.274369e-01	-1.099499e+00	-1.162380e-01	6.817040e-01	
2  344.634	2.342718e+00	1.283534e-01	-1.086258e+00	-1.491792e-01	6.797933e-01	
3  344.818	2.335733e+00	1.274456e-01	-1.036722e+00	-2.068597e-01	6.782766e-01	
1  344.117	2.321996e+00	1.254855e-01	-1.043269e+00	-2.559200e-01	6.789790e-01	
2  343.356	2.300708e+00	1.235490e-01	-1.099367e+00	-2.052092e-01	6.901803e-01	
1  343.597	2.313782e+00	1.242681e-01	-1.092798e+00	-2.174259e-01	6.849100e-01	
2  344.239	2.350418e+00	1.238788e-01	-1.121635e+00	-1.980694e-01	6.943530e-01	
1  344.355	2.332254e+00	1.256748e-01	-1.176611e+00	-2.201857e-01	6.919268e-01	
1  344.546	2.318688e+00	1.265232e-01	-1.172349e+00	-2.231886e-01	6.918634e-01	
2  344.576	2.313285e+00	1.265310e-01	-1.188672e+00	-2.067839e-01	6.877928e-01	
2  345.378	2.318550e+00	1.264016e-01	-1.198155e+00	-1.949360e-01	6.858444e-01	
3  346.401	2.322057e+00	1.272773e-01	-1.223872e+00	-1.994921e-01	6.853752e-01	
2  349.284	2.329281e+00	1.265506e-01	-1.235042e+00	-1.435091e-01	6.817729e-01	
1  346.309	2.336219e+00	1.270456e-01	-1.227838e+00	-1.050451e-01	6.862665e-01	
1  344.866	2.321530e+00	1.267307e-01	-1.202332e+00	-1.756173e-01	6.921013e-01	
5  344.471	2.305463e+00	1.256992e-01	-1.196859e+00	-2.020332e-01	6.903479e-01	
1  344.465	2.302565e+00	1.274189e-01	-1.181493e+00	-1.832432e-01	6.852163e-01	
8  344.801	2.289924e+00	1.261150e-01	-1.220082e+00	-1.920118e-01	6.915005e-01	
1  345.063	2.282084e+00	1.278190e-01	-1.205533e+00	-1.751405e-01	6.844055e-01	
1  344.535	2.289768e+00	1.275880e-01	-1.137059e+00	-1.972696e-01	6.886715e-01	
1  344.062	2.317275e+00	1.276141e-01	-1.131823e+00	-2.107866e-01	6.847584e-01	
1  344.045	2.303899e+00	1.274598e-01	-1.100259e+00	-1.514193e-01	6.790421e-01	
7  344.653	2.273219e+00	1.255648e-01	-1.072495e+00	-1.721683e-01	6.772026e-01	
7  344.603	2.269866e+00	1.283987e-01	-1.041309e+00	-1.935003e-01	6.734914e-01	
8  344.531	2.285269e+00	1.274996e-01	-1.048895e+00	-2.034112e-01	6.797125e-01	
1  344.129	2.276615e+00	1.282607e-01	-1.085399e+00	-1.653763e-01	6.799374e-01	
3  343.695	2.277813e+00	1.273876e-01	-1.127030e+00	-1.648615e-01	6.830825e-01	
1  343.635	2.261645e+00	1.260625e-01	-1.124527e+00	-9.430157e-02	6.857471e-01	
3  344.736	2.257333e+00	1.269812e-01	-1.158757e+00	-8.806441e-02	6.808290e-01	
2  344.152	2.287232e+00	1.249716e-01	-1.158308e+00	-8.787909e-02	6.940424e-01	
8  344.254	2.263635e+00	1.231489e-01	-1.210281e+00	-1.283692e-01	7.014230e-01	
2  344.563	2.251531e+00	1.209414e-01	-1.209609e+00	-1.197788e-01	6.972466e-01	
1  343.436	2.224262e+00	1.170067e-01	-1.151112e+00	-1.581430e-01	7.042869e-01	
5  343.572	2.243388e+00	1.195262e-01	-1.102686e+00	-1.768218e-01	7.008033e-01	
1  343.608	2.243277e+00	1.190392e-01	-1.129107e+00	-1.725144e-01	6.967372e-01	
7  343.241	2.227202e+00	1.173401e-01	-1.133381e+00	-1.859915e-01	7.047990e-01	
8  343.406	2.227519e+00	1.187648e-01	-1.113639e+00	-1.118759e-01	7.017138e-01	
2  343.585	2.233676e+00	1.196094e-01	-1.153712e+00	-9.852157e-02	6.973838e-01	
1  346.244	2.241677e+00	1.187755e-01	-1.161815e+00	-5.620921e-02	6.942210e-01	
3  344.57	2.258645e+00	1.209865e-01	-1.116187e+00	-6.917702e-02	6.892625e-01	
1  345.729	2.280362e+00	1.206512e-01	-1.110905e+00	-2.522122e-02	6.893395e-01	
5  343.451	2.265280e+00	1.218789e-01	-1.116021e+00	-5.775766e-02	6.926577e-01	
1  343.297	2.260381e+00	1.193000e-01	-1.139232e+00	-3.407473e-02	7.014420e-01	
1  343.387	2.260964e+00	1.205313e-01	-1.102883e+00	-8.998292e-02	6.969487e-01	
2  343.709	2.276351e+00	1.216120e-01	-1.169704e+00	-9.605890e-02	6.946983e-01	
2  344.272	2.289981e+00	1.219423e-01	-1.196101e+00	-4.963657e-02	6.970126e-01	
6  344.245	2.297790e+00	1.222272e-01	-1.124353e+00	-2.376844e-02	6.929682e-01	
1  343.643	2.282515e+00	1.227177e-01	-1.089561e+00	-7.767786e-02	6.889464e-01	
5  346.219	2.286381e+00	1.201307e-01	-1.039875e+00	-9.275762e-03	7.014802e-01	
3  345.057	2.288816e+00	1.196822e-01	-1.043415e+00	-4.690327e-03	6.992147e-01	
1  343.781	2.295529e+00	1.203533e-01	-1.092808e+00	-5.941909e-02	6.920869e-01	
4  343.722	2.292504e+00	1.199488e-01	-1.090744e+00	-3.172642e-02	6.953782e-01	
1  344.184	2.280265e+00	1.179197e-01	-1.115093e+00	-5.896561e-02	6.964216e-01	
1  344.648	2.289972e+00	1.167153e-01	-1.140030e+00	5.559786e-03	7.124139e-01	
2  343.51	2.300089e+00	1.145732e-01	-1.174134e+00	-3.520594e-02	7.118314e-01	
1  343.276	2.304068e+00	1.142425e-01	-1.153657e+00	-6.266739e-02	7.103166e-01	
1  343.241	2.289583e+00	1.141181e-01	-1.119972e+00	-8.874448e-02	7.087135e-01	
2  345.439	2.307482e+00	1.134155e-01	-1.084018e+00	-8.832093e-02	7.008042e-01	
1  344.573	2.301867e+00	1.111246e-01	-1.060719e+00	-1.090608e-01	7.077800e-01	
1  343.66	2.341189e+00	1.152233e-01	-1.096299e+00	-1.254860e-01	7.090003e-01	
2  343.165	2.333181e+00	1.133515e-01	-1.112976e+00	-1.826376e-01	7.110186e-01	
2  344.299	2.324928e+00	1.111156e-01	-1.039504e+00	-1.859823e-01	7.092741e-01	
6  343.861	2.337086e+00	1.116302e-01	-1.052792e+00	-1.848036e-01	7.101064e-01	
2  343.506	2.377179e+00	1.120964e-01	-1.056635e+00	-1.667447e-01	7.090901e-01	
5  343.566	2.399651e+00	1.099369e-01	-1.052816e+00	-1.820313e-01	7.132314e-01	
1  343.43	2.405640e+00	1.088327e-01	-1.095743e+00	-1.952694e-01	7.202477e-01	
1  344.679	2.391609e+00	1.078854e-01	-1.120324e+00	-1.577843e-01	7.162137e-01	
11  343.658	2.426500e+00	1.071844e-01	-1.082935e+00	-1.602110e-01	7.177999e-01	
3  344.448	2.413511e+00	1.051579e-01	-1.097467e+00	-1.798099e-01	7.215918e-01	
2  343.82	2.401428e+00	1.056420e-01	-1.111739e+00	-1.442405e-01	7.239519e-01	
2  343.691	2.375251e+00	1.074798e-01	-1.139236e+00	-1.534035e-01	7.231894e-01	
1  344.368	2.372827e+00	1.083958e-01	-1.120620e+00	-8.905335e-02	7.157341e-01	
1  343.606	2.384885e+00	1.090322e-01	-1.097845e+00	-1.178622e-01	7.151114e-01	
5  343.759	2.351163e+00	1.104475e-01	-1.084920e+00	-1.408289e-01	7.167214e-01	
2  345.023	2.342113e+00	1.084649e-01	-1.071890e+00	-9.818540e-02	7.226828e-01	
3  343.764	2.334984e+00	1.093929e-01	-1.057388e+00	-5.352210e-02	7.134447e-01	
2  344.654	2.349235e+00	1.125941e-01	-1.053107e+00	-9.292258e-02	7.125344e-01	
5  343.814	2.330028e+00	1.147182e-01	-1.041988e+00	-2.788398e-02	7.062020e-01	
1  344.803	2.337178e+00	1.145456e-01	-1.119229e+00	-1.732174e-02	7.166841e-01	
4  343.288	2.316710e+00	1.130453e-01	-1.139231e+00	-1.998028e-02	7.159603e-01	
1  344.282	2.329079e+00	1.129390e-01	-1.128425e+00	9.477754e-03	7.162707e-01	
1  346.543	2.346549e+00	1.102153e-01	-1.132457e+00	1.440760e-02	7.153775e-01	
1  343.789	2.374585e+00	1.093720e-01	-1.158345e+00	-1.392309e-02	7.256514e-01	
2  343.391	2.380658e+00	1.061942e-01	-1.133321e+00	-3.321542e-02	7.290876e-01	
6  343.767	2.413534e+00	1.086730e-01	-1.124235e+00	-5.379363e-02	7.248925e-01	
1  344.146	2.415240e+00	1.111075e-01	-1.200095e+00	-5.233137e-02	7.215610e-01	
1  344.686	2.416221e+00	1.092809e-01	-1.221311e+00	-8.522652e-02	7.272095e-01	
3  344.848	2.420430e+00	1.083201e-01	-1.219980e+00	-1.447968e-01	7.265585e-01	
1  344.659	2.429705e+00	1.095088e-01	-1.214520e+00	-1.249452e-01	7.265069e-01	
2  344.925	2.419148e+00	1.073640e-01	-1.217802e+00	-1.619848e-01	7.287522e-01	
1  344.573	2.439143e+00	1.065362e-01	-1.162288e+00	-1.667246e-01	7.229787e-01	
4  343.446	2.468490e+00	1.099647e-01	-1.131103e+00	-1.930499e-01	7.205065e-01	
2  343.569	2.461208e+00	1.100396e-01	-1.145942e+00	-1.478020e-01	7.213059e-01	
3  344.382	2.448706e+00	1.095546e-01	-1.176139e+00	-9.801947e-02	7.259938e-01	
2  343.603	2.466420e+00	1.098410e-01	-1.166725e+00	-8.090679e-02	7.202290e-01	
3  345.358	2.466795e+00	1.112482e-01	-1.166697e+00	-9.763719e-02	7.243713e-01	
3  345.032	2.479796e+00	1.113980e-01	-1.165350e+00	-9.392655e-02	7.231805e-01	
2  344.967	2.476490e+00	1.133486e-01	-1.215461e+00	-8.900880e-02	7.182986e-01	
1  344.345	2.497795e+00	1.132135e-01	-1.182432e+00	-8.792492e-02	7.163539e-01	
1  345.478	2.470804e+00	1.141923e-01	-1.181869e+00	-9.542136e-02	7.066965e-01	
3  344.343	2.458362e+00	1.162423e-01	-1.176096e+00	-1.208604e-01	7.112754e-01	
5  343.757	2.449115e+00	1.175399e-01	-1.139737e+00	-1.505550e-01	7.056127e-01	
8  343.912	2.414954e+00	1.174041e-01	-1.153797e+00	-8.530342e-02	7.076735e-01	
1  343.991	2.403787e+00	1.151770e-01	-1.190739e+00	-1.381309e-01	7.136120e-01	
1  344.171	2.423976e+00	1.181722e-01	-1.173353e+00	-1.278633e-01	7.019084e-01	
1  344.176	2.397712e+00	1.181140e-01	-1.156127e+00	-1.229953e-01	7.078690e-01	
2  345.03	2.376417e+00	1.161484e-01	-1.237454e+00	-7.328203e-02	7.154149e-01	
2  344.133	2.367896e+00	1.138492e-01	-1.212068e+00	-7.198469e-02	7.157795e-01	
6  344.445	2.373998e+00	1.142120e-01	-1.208724e+00	-1.305036e-01	7.183423e-01	
1  344.636	2.364743e+00	1.130272e-01	-1.167886e+00	-1.923352e-01	7.206370e-01	
5  343.609	2.370543e+00	1.119565e-01	-1.162269e+00	-2.188504e-01	7.185721e-01	
8  344.003	2.354329e+00	1.109224e-01	-1.159205e+00	-2.343692e-01	7.223581e-01	
2  346.033	2.360404e+00	1.134055e-01	-1.185500e+00	-2.052772e-01	7.234036e-01	
1  345.29	2.355100e+00	1.143877e-01	-1.233400e+00	-1.986883e-01	7.205392e-01	
2  345.362	2.373338e+00	1.150642e-01	-1.213718e+00	-1.766759e-01	7.089270e-01	
6  344.802	2.343570e+00	1.141841e-01	-1.242003e+00	-1.329029e-01	7.174740e-01	
5  345.986	2.318827e+00	1.135835e-01	-1.263414e+00	-1.136626e-01	7.162938e-01	
1  346.236	2.312610e+00	1.156642e-01	-1.291547e+00	-1.070242e-01	7.164797e-01	
1  348.204	2.323976e+00	1.158049e-01	-1.296635e+00	-9.506715e-02	7.252546e-01	
3  347.584	2.325854e+00	1.153447e-01	-1.250748e+00	-1.005736e-01	7.245179e-01	
6  345.651	2.349250e+00	1.134629e-01	-1.270747e+00	-7.463989e-02	7.219974e-01	
3  346.434	2.340993e+00	1.120515e-01	-1.286032e+00	-2.921859e-02	7.267721e-01	
12  346.562	2.329311e+00	1.131955e-01	-1.247819e+00	-1.455475e-02	7.159483e-01	
7  346.041	2.346196e+00	1.133877e-01	-1.264174e+00	-2.490670e-02	7.191311e-01	
1  346.354	2.331100e+00	1.119197e-01	-1.256916e+00	-1.384523e-02	7.203400e-01	
4  346.276	2.316861e+00	1.118645e-01	-1.288328e+00	-3.237695e-02	7.255298e-01	
1  345.569	2.323370e+00	1.111103e-01	-1.262403e+00	-2.232780e-02	7.267057e-01	
1  345.075	2.346921e+00	1.110020e-01	-1.246280e+00	-3.496898e-02	7.251311e-01	
1  344.814	2.337174e+00	1.094793e-01	-1.229509e+00	-5.176238e-02	7.244235e-01	
3  345.737	2.319192e+00	1.076649e-01	-1.192373e+00	-4.194365e-02	7.217314e-01	
2  346.193	2.318465e+00	1.058193e-01	-1.160346e+00	-7.117014e-02	7.222363e-01	
1  344.773	2.333796e+00	1.080514e-01	-1.170427e+00	-6.077917e-02	7.306288e-01	
2  344.412	2.349979e+00	1.078752e-01	-1.123896e+00	1.859430e-03	7.307580e-01	
4  344.465	2.387370e+00	1.068502e-01	-1.102995e+00	-3.076186e-02	7.299520e-01	
1  343.559	2.398058e+00	1.068222e-01	-1.110426e+00	-3.435142e-02	7.278375e-01	
3  343.073	2.413040e+00	1.078083e-01	-1.111711e+00	-3.469350e-02	7.218527e-01	
1  344.665	2.402666e+00	1.081771e-01	-1.138519e+00	-6.005836e-02	7.286420e-01	
1  343.977	2.393957e+00	1.096838e-01	-1.143840e+00	-7.646476e-02	7.241694e-01	
2  344.217	2.381273e+00	1.100209e-01	-1.131207e+00	-9.192864e-02	7.130594e-01	
7  344.098	2.366643e+00	1.114124e-01	-1.130101e+00	-1.227796e-01	7.202094e-01	
2  345.531	2.391424e+00	1.124322e-01	-1.100370e+00	-1.520492e-01	7.190757e-01	
4  343.03	2.406695e+00	1.128217e-01	-1.103937e+00	-1.560500e-01	7.109122e-01	
5  343.244	2.412223e+00	1.108917e-01	-1.144217e+00	-1.418533e-01	7.170419e-01	
4  344.354	2.391984e+00	1.105895e-01	-1.175061e+00	-1.046230e-01	7.155551e-01	
1  346.655	2.400022e+00	1.089909e-01	-1.226148e+00	-9.194112e-02	7.197619e-01	
1  347.652	2.386815e+00	1.098746e-01	-1.234498e+00	-5.475031e-02	7.340730e-01	
4  347.33	2.403537e+00	1.097989e-01	-1.274374e+00	-1.967817e-04	7.307982e-01	
10  345.106	2.393407e+00	1.084350e-01	-1.235910e+00	-4.717674e-02	7.305382e-01	
1  347.391	2.420824e+00	1.086944e-01	-1.209933e+00	-5.702632e-02	7.348479e-01	
1  346.595	2.409192e+00	1.094527e-01	-1.268556e+00	-4.412801e-02	7.322959e-01	
12  346.419	2.392412e+00	1.081732e-01	-1.245438e+00	-1.295130e-02	7.352413e-01	
1  345.963	2.371553e+00	1.077990e-01	-1.229993e+00	-2.955037e-02	7.354395e-01	
4  345.557	2.356349e+00	1.052505e-01	-1.234084e+00	-2.630843e-03	7.352088e-01	
2  343.971	2.325820e+00	1.053135e-01	-1.160622e+00	-5.165992e-02	7.306314e-01	
3  344.36	2.336723e+00	1.033824e-01	-1.149138e+00	-5.824958e-02	7.352116e-01	
1  344.318	2.326723e+00	1.046636e-01	-1.059808e+00	-5.393180e-02	7.248054e-01	
1  343.108	2.301802e+00	1.076724e-01	-1.077481e+00	-1.354182e-02	7.226697e-01	
8  343.058	2.286376e+00	1.068404e-01	-1.079938e+00	6.238869e-03	7.267069e-01	
4  344.196	2.293646e+00	1.077536e-01	-1.062176e+00	1.816852e-02	7.286105e-01	
3  346.984	2.293250e+00	1.077505e-01	-1.055424e+00	3.419259e-03	7.126688e-01	
3  343.101	2.289495e+00	1.060280e-01	-1.049466e+00	6.674396e-03	7.263761e-01	
4  343.8	2.284204e+00	1.075303e-01	-1.055238e+00	-1.289965e-02	7.251316e-01	
8  343.466	2.277422e+00	1.095879e-01	-1.054179e+00	-2.174145e-02	7.159092e-01	
1  344.734	2.269214e+00	1.074100e-01	-1.068712e+00	-3.486927e-02	7.165563e-01	
7  343.731	2.274480e+00	1.067106e-01	-1.048438e+00	-1.739765e-02	7.205543e-01	
5  344.231	2.260438e+00	1.075323e-01	-1.076049e+00	-2.315960e-02	7.179892e-01	
8  344.061	2.276190e+00	1.072986e-01	-1.062987e+00	-4.044723e-02	7.218389e-01	
6  343.531	2.289225e+00	1.053477e-01	-1.086939e+00	-2.369910e-02	7.276571e-01	
5  343.765	2.274530e+00	1.048817e-01	-1.113647e+00	-3.827020e-03	7.348599e-01	
3  343.896	2.273483e+00	1.042235e-01	-1.075177e+00	-9.853309e-04	7.349917e-01	
2  343.814	2.279287e+00	1.060069e-01	-1.116219e+00	-1.520272e-02	7.247921e-01	
6  344.441	2.290792e+00	1.030770e-01	-1.070922e+00	3.615410e-03	7.274932e-01	
4  343.234	2.322416e+00	1.021348e-01	-1.031263e+00	8.024507e-03	7.313901e-01	
3  344.384	2.335126e+00	1.031702e-01	-9.482526e-01	4.489348e-03	7.280434e-01	
2  343.999	2.312525e+00	1.033424e-01	-9.949897e-01	-5.135606e-03	7.297494e-01	
3  344.755	2.305730e+00	1.038708e-01	-1.010197e+00	-2.236638e-02	7.286737e-01	
1  344.824	2.343003e+00	1.024483e-01	-1.048246e+00	-2.149762e-02	7.252780e-01	
2  343.474	2.354065e+00	1.018665e-01	-1.069012e+00	-2.033895e-02	7.328789e-01	
9  343.293	2.342323e+00	1.013252e-01	-1.074978e+00	-5.880943e-03	7.373362e-01	
2  344.982	2.360781e+00	1.010845e-01	-1.065202e+00	5.168029e-03	7.299158e-01	
4  344.294	2.374476e+00	1.014732e-01	-1.023810e+00	-3.066846e-02	7.281946e-01	
2  345.262	2.388456e+00	1.017409e-01	-1.000202e+00	-1.642555e-02	7.232007e-01	
1  345.496	2.405977e+00	1.008439e-01	-9.527183e-01	-1.499664e-02	7.234656e-01	
1  345.27	2.416712e+00	1.032442e-01	-9.537644e-01	-3.349419e-02	7.200477e-01	
1  347.352	2.429327e+00	1.043558e-01	-1.008829e+00	-2.489074e-02	7.134928e-01	
1  344.997	2.424827e+00	1.057891e-01	-1.037336e+00	-4.711245e-02	7.148440e-01	
3  346.444	2.423509e+00	1.051207e-01	-9.411644e-01	-6.139344e-02	7.143800e-01	
2  346.814	2.408814e+00	1.069766e-01	-9.732933e-01	-7.738392e-02	7.073502e-01	
1  351.771	2.385640e+00	1.084765e-01	-8.692417e-01	-8.286548e-02	7.067308e-01	
1  351.465	2.380675e+00	1.096541e-01	-9.225600e-01	-7.545314e-02	7.139313e-01	
2  348.853	2.375359e+00	1.077674e-01	-9.233450e-01	-1.429591e-01	7.094241e-01	
1  348.178	2.386926e+00	1.077732e-01	-9.109245e-01	-6.443760e-02	7.057388e-01	
1  351.326	2.377995e+00	1.053333e-01	-8.732385e-01	-8.192917e-02	7.091184e-01	
3  347.576	2.368943e+00	1.061409e-01	-9.277412e-01	-4.878121e-02	7.093834e-01	
1  346.796	2.370686e+00	1.066973e-01	-1.001341e+00	-3.935624e-02	7.093143e-01	
6  346.389	2.375585e+00	1.073750e-01	-9.607402e-01	-5.040981e-02	7.167796e-01	
1  344.714	2.367191e+00	1.082941e-01	-1.009477e+00	-4.588855e-02	7.107184e-01	
1  343.543	2.380315e+00	1.082432e-01	-1.042206e+00	-2.796467e-02	7.198736e-01	
3  343.97	2.385307e+00	1.067226e-01	-1.059352e+00	-1.324653e-02	7.180287e-01	
5  343.613	2.383862e+00	1.040416e-01	-1.087240e+00	-3.916031e-02	7.308349e-01	
4  343.228	2.398843e+00	1.042809e-01	-1.082293e+00	-3.488131e-02	7.276706e-01	
1  343.69	2.403703e+00	1.041023e-01	-1.111553e+00	-5.174630e-02	7.269179e-01	
1  343.34	2.411245e+00	1.065753e-01	-1.127985e+00	-6.074398e-02	7.265843e-01	
4  343.797	2.424395e+00	1.046974e-01	-1.156473e+00	-4.768923e-02	7.290555e-01	
1  344.077	2.435996e+00	1.037828e-01	-1.112852e+00	-3.491461e-02	7.350294e-01	
4  343.858	2.443877e+00	1.045425e-01	-1.119495e+00	-1.111667e-02	7.342566e-01	
6  343.39	2.451091e+00	1.049575e-01	-1.087007e+00	-5.662916e-02	7.232186e-01	
2  343.455	2.454460e+00	1.072461e-01	-1.050916e+00	-9.299078e-02	7.172655e-01	
2  343.96	2.467915e+00	1.080895e-01	-1.026850e+00	-8.687185e-02	7.114444e-01	
3  343.807	2.479753e+00	1.088800e-01	-1.017983e+00	-1.253064e-01	7.117513e-01	
2  343.553	2.470954e+00	1.072431e-01	-1.043251e+00	-1.359796e-01	7.159722e-01	
2  343.576	2.487864e+00	1.075933e-01	-1.059946e+00	-1.659860e-01	7.142926e-01	
5  343.463	2.496858e+00	1.061764e-01	-1.096368e+00	-1.698028e-01	7.257334e-01	
2  343.516	2.515894e+00	1.047560e-01	-1.082367e+00	-1.826272e-01	7.275611e-01	
3  343.296	2.496681e+00	1.052521e-01	-1.100650e+00	-1.752648e-01	7.262784e-01	
1  343.549	2.496730e+00	1.055384e-01	-1.136049e+00	-1.901708e-01	7.263958e-01	
1  345.15	2.490873e+00	1.039320e-01	-1.108048e+00	-2.195539e-01	7.224831e-01	
1  349.977	2.503323e+00	1.061690e-01	-1.176782e+00	-2.360500e-01	7.403734e-01	
2  346.779	2.488533e+00	1.062049e-01	-1.219013e+00	-2.249411e-01	7.372741e-01	
2  345.753	2.502446e+00	1.058426e-01	-1.215394e+00	-1.720521e-01	7.354881e-01	
1  345.706	2.499101e+00	1.051624e-01	-1.210741e+00	-1.812039e-01	7.293809e-01	
1  344.692	2.491472e+00	1.075580e-01	-1.202868e+00	-1.683824e-01	7.283918e-01	
5  343.984	2.496720e+00	1.080131e-01	-1.143204e+00	-2.297364e-01	7.262945e-01	
3  343.311	2.502758e+00	1.076535e-01	-1.123220e+00	-2.066746e-01	7.209645e-01	
1  343.178	2.505986e+00	1.067937e-01	-1.091305e+00	-2.099326e-01	7.231351e-01	
2  344.599	2.483488e+00	1.065183e-01	-1.048364e+00	-2.598475e-01	7.137476e-01	
1  343.555	2.498820e+00	1.055489e-01	-1.056938e+00	-2.793311e-01	7.193681e-01	
1  343.574	2.503373e+00	1.030188e-01	-1.079454e+00	-2.516414e-01	7.273695e-01	
2  343.659	2.509389e+00	1.027644e-01	-1.089316e+00	-2.674740e-01	7.283451e-01	
3  344.927	2.495748e+00	1.004586e-01	-1.053668e+00	-2.799697e-01	7.280906e-01	
1  344.334	2.511280e+00	1.000643e-01	-1.073166e+00	-2.923198e-01	7.318237e-01	
1  343.465	2.534631e+00	1.035377e-01	-1.084032e+00	-2.488106e-01	7.299624e-01	
1  343.477	2.550048e+00	1.025441e-01	-1.061839e+00	-2.618975e-01	7.303840e-01	
3  344.598	2.543378e+00	1.002076e-01	-1.089260e+00	-1.908669e-01	7.298718e-01	
6  344.163	2.536930e+00	1.003341e-01	-1.101141e+00	-2.121329e-01	7.322586e-01	
5  343.997	2.520544e+00	9.984605e-02	-1.066206e+00	-2.034503e-01	7.330115e-01	
1  345.481	2.530797e+00	1.000446e-01	-1.004852e+00	-2.438685e-01	7.244142e-01	
1  344.193	2.524712e+00	1.023839e-01	-1.005063e+00	-2.339727e-01	7.232067e-01	
4  344.703	2.532407e+00	1.028111e-01	-1.020377e+00	-3.070732e-01	7.199931e-01	
1  343.861	2.544357e+00	1.014690e-01	-1.033449e+00	-2.666850e-01	7.309240e-01	
2  344.115	2.553112e+00	1.009307e-01	-1.081997e+00	-2.528941e-01	7.292297e-01	
2  344.826	2.534182e+00	1.042063e-01	-1.133388e+00	-3.667171e-01	7.270213e-01	
1  344.475	2.559135e+00	1.037719e-01	-1.067943e+00	-3.705111e-01	7.216763e-01	
3  344.542	2.546817e+00	1.022271e-01	-1.001823e+00	-3.492103e-01	7.300773e-01	
11  343.804	2.562511e+00	1.004696e-01	-1.020510e+00	-3.184621e-01	7.319119e-01	
2  344.478	2.566365e+00	9.975491e-02	-1.035001e+00	-2.727149e-01	7.278271e-01	
4  343.501	2.566682e+00	1.016991e-01	-1.068400e+00	-2.233337e-01	7.279230e-01	
1  343.612	2.568347e+00	1.003333e-01	-1.074452e+00	-1.440738e-01	7.346004e-01	
1  344.348	2.557489e+00	1.016709e-01	-1.064801e+00	-1.150879e-01	7.243825e-01	
3  343.436	2.562578e+00	1.013095e-01	-1.078308e+00	-6.325759e-02	7.286591e-01	
3  343.201	2.580872e+00	1.039895e-01	-1.050323e+00	-8.231542e-02	7.254322e-01	
2  345.813	2.580623e+00	1.039125e-01	-1.002991e+00	-9.614571e-02	7.273468e-01	
1  343.844	2.583645e+00	1.032208e-01	-1.023526e+00	-1.240000e-01	7.198147e-01	
4  343.404	2.600349e+00	1.020927e-01	-1.014237e+00	-5.334282e-02	7.238788e-01	
3  344.033	2.587201e+00	1.023354e-01	-9.648004e-01	-2.594080e-02	7.247058e-01	
1  344.706	2.599737e+00	1.057867e-01	-1.002573e+00	-3.066810e-02	7.232158e-01	
6  344.382	2.599871e+00	1.065461e-01	-9.847431e-01	-4.320263e-02	7.117541e-01	
2  343.951	2.615707e+00	1.071564e-01	-9.853286e-01	-1.138734e-01	7.120432e-01	
1  344.396	2.596693e+00	1.085908e-01	-9.917938e-01	-8.679964e-02	7.063314e-01	
3  344.718	2.620085e+00	1.081891e-01	-9.609576e-01	-8.907169e-02	7.094559e-01	
4  344.816	2.643081e+00	1.092916e-01	-9.689772e-01	-1.097704e-01	7.090980e-01	
4  344.111	2.653212e+00	1.091573e-01	-9.867176e-01	-1.307803e-01	7.094200e-01	
1  345.045	2.672920e+00	1.083312e-01	-9.967469e-01	-1.351325e-01	7.157530e-01	
2  345.12	2.679826e+00	1.073285e-01	-9.526810e-01	-1.409969e-01	7.045535e-01	
4  345.232	2.686117e+00	1.077704e-01	-9.427548e-01	-9.462984e-02	7.047457e-01	
5  343.598	2.700315e+00	1.070444e-01	-1.028995e+00	-7.524723e-02	7.150397e-01	
1  343.801	2.719178e+00	1.052767e-01	-1.024078e+00	-6.544826e-02	7.160071e-01	
3  343.811	2.683940e+00	1.043713e-01	-1.052420e+00	-4.664001e-02	7.262847e-01	
5  344.496	2.668791e+00	1.033805e-01	-9.883610e-01	-1.313750e-02	7.235884e-01	
2  343.533	2.668439e+00	1.023811e-01	-9.948817e-01	-7.233857e-02	7.237123e-01	
1  343.238	2.665588e+00	1.019508e-01	-1.015717e+00	-9.353236e-02	7.252636e-01	
2  344.04	2.653303e+00	1.021813e-01	-1.006649e+00	-5.575770e-02	7.202024e-01	
1  343.496	2.673275e+00	1.045037e-01	-1.010262e+00	-6.400013e-02	7.181900e-01	
1  345.088	2.666254e+00	1.018185e-01	-1.059633e+00	-7.294665e-02	7.211299e-01	
2  343.04	2.709433e+00	1.021384e-01	-1.069387e+00	-9.073757e-02	7.276835e-01	
2  342.989	2.702410e+00	1.026734e-01	-1.063770e+00	-1.269402e-01	7.266669e-01	
3  344.095	2.733527e+00	1.007316e-01	-1.127652e+00	-8.836812e-02	7.318099e-01	
2  343.373	2.720064e+00	1.006445e-01	-1.102536e+00	-7.175653e-02	7.329727e-01	
9  343.315	2.702674e+00	1.009935e-01	-1.049086e+00	-8.881720e-02	7.258432e-01	
5  343.158	2.700186e+00	9.948472e-02	-1.080351e+00	-5.083273e-02	7.339800e-01	
4  343.806	2.716093e+00	9.912651e-02	-1.095035e+00	-3.186445e-02	7.390856e-01	
6  343.869	2.733848e+00	9.799468e-02	-1.130258e+00	-7.627699e-02	7.391615e-01	
3  344.107	2.722964e+00	9.777501e-02	-1.140822e+00	-7.419753e-02	7.427768e-01	
2  343.721	2.685119e+00	9.634611e-02	-1.118099e+00	-1.069295e-01	7.437105e-01	
2  343.914	2.683278e+00	9.709825e-02	-1.116303e+00	-1.308482e-01	7.388634e-01	
2  343.12	2.675732e+00	9.988791e-02	-1.074458e+00	-1.554568e-01	7.338188e-01	
3  343.221	2.679137e+00	1.012487e-01	-1.096628e+00	-1.753781e-01	7.319935e-01	
2  343.515	2.676178e+00	9.995058e-02	-1.116723e+00	-1.616442e-01	7.357749e-01	
2  345.042	2.677953e+00	1.017132e-01	-1.148728e+00	-1.629539e-01	7.389064e-01	
3  345.303	2.665960e+00	1.014614e-01	-1.187285e+00	-1.523876e-01	7.395740e-01	
2  343.82	2.700617e+00	1.009921e-01	-1.130997e+00	-1.449099e-01	7.330922e-01	
1  344.159	2.702470e+00	1.004383e-01	-1.099155e+00	-1.258725e-01	7.285482e-01	
1  344.223	2.683652e+00	1.003499e-01	-1.044476e+00	-1.092268e-01	7.349609e-01	
1  344.117	2.691009e+00	1.023442e-01	-9.993189e-01	-1.037601e-01	7.265304e-01	
1  343.286	2.690231e+00	1.050447e-01	-1.049712e+00	-7.314120e-02	7.218685e-01	
2  344.376	2.694584e+00	1.035546e-01	-1.006486e+00	-2.184929e-02	7.255410e-01	
5  344.004	2.679947e+00	1.042241e-01	-9.768754e-01	-4.790804e-02	7.190665e-01	
4  344.667	2.678844e+00	1.046639e-01	-1.001193e+00	-9.187149e-02	7.123917e-01	
5  343.354	2.687443e+00	1.056163e-01	-1.027376e+00	-8.275139e-02	7.188393e-01	
1  343.28	2.701194e+00	1.056535e-01	-1.031266e+00	-1.462702e-01	7.159180e-01	
6  344.639	2.698384e+00	1.046846e-01	-9.817964e-01	-1.358872e-01	7.209232e-01	
3  343.264	2.698912e+00	1.041138e-01	-1.033969e+00	-1.294186e-01	7.233651e-01	
1  343.056	2.668857e+00	1.044295e-01	-1.066017e+00	-1.087026e-01	7.240697e-01	
2  343.761	2.685801e+00	1.053445e-01	-1.066638e+00	-1.513080e-01	7.169589e-01	
4  343.486	2.680905e+00	1.097022e-01	-1.035426e+00	-2.451861e-01	7.089175e-01	
3  343.661	2.695771e+00	1.086776e-01	-1.031466e+00	-1.846652e-01	7.146987e-01	
1  343.832	2.705547e+00	1.078666e-01	-1.011322e+00	-2.169376e-01	7.157753e-01	
2  345.085	2.726022e+00	1.061495e-01	-1.017016e+00	-2.271308e-01	7.229928e-01	
8  345.016	2.732241e+00	1.082417e-01	-1.027644e+00	-2.748813e-01	7.194429e-01	
4  343.979	2.722127e+00	1.060471e-01	-1.048144e+00	-3.006767e-01	7.150539e-01	
3  344.504	2.751369e+00	1.066896e-01	-1.057455e+00	-3.639239e-01	7.148971e-01	
2  344.58	2.739760e+00	1.065246e-01	-1.033746e+00	-3.515791e-01	7.121369e-01	
2  343.863	2.734426e+00	1.070183e-01	-1.072010e+00	-3.371701e-01	7.204601e-01	
1  345.497	2.738983e+00	1.064098e-01	-1.071863e+00	-3.329199e-01	7.139589e-01	
1  344.636	2.742603e+00	1.081931e-01	-1.068908e+00	-3.342955e-01	7.207780e-01	
7  344.446	2.757895e+00	1.092368e-01	-1.063936e+00	-3.406225e-01	7.163217e-01	
2  344.895	2.763237e+00	1.090204e-01	-1.062720e+00	-3.443014e-01	7.106709e-01	
3  344.322	2.760553e+00	1.101648e-01	-1.046964e+00	-3.534912e-01	7.103737e-01	
3  344.87	2.743912e+00	1.101665e-01	-1.036844e+00	-3.631537e-01	7.059253e-01	
3  345.619	2.733595e+00	1.120993e-01	-1.053180e+00	-4.415827e-01	7.136336e-01	
2  344.706	2.750029e+00	1.129098e-01	-1.004430e+00	-4.729824e-01	7.024337e-01	
1  344.324	2.717767e+00	1.122051e-01	-1.026758e+00	-4.306929e-01	7.050942e-01	
2  344.564	2.727323e+00	1.118294e-01	-9.518551e-01	-4.556178e-01	7.052142e-01	
1  343.806	2.747961e+00	1.086741e-01	-9.677487e-01	-4.377339e-01	7.070707e-01	
1  343.813	2.728539e+00	1.096872e-01	-9.948791e-01	-3.924759e-01	7.066695e-01	
3  343.754	2.735775e+00	1.073018e-01	-9.835262e-01	-4.096644e-01	7.096915e-01	
3  345.571	2.735860e+00	1.065063e-01	-9.366934e-01	-4.478085e-01	7.041061e-01	
1  345.44	2.707088e+00	1.087577e-01	-9.076508e-01	-4.163393e-01	7.095505e-01	
1  344.178	2.709842e+00	1.080252e-01	-9.239854e-01	-4.366903e-01	7.047487e-01	
1  343.779	2.717067e+00	1.075605e-01	-9.587526e-01	-3.938596e-01	7.077364e-01	
1  345.176	2.698506e+00	1.086908e-01	-9.389105e-01	-4.361846e-01	7.009111e-01	
4  345.546	2.686166e+00	1.098567e-01	-9.106732e-01	-4.486402e-01	6.969385e-01	
4  344.897	2.695594e+00	1.107993e-01	-8.903242e-01	-5.053529e-01	7.021178e-01	
1  345.127	2.700012e+00	1.093550e-01	-8.798099e-01	-4.944185e-01	7.045336e-01	
1  345.651	2.727506e+00	1.100803e-01	-8.787494e-01	-4.712537e-01	7.036181e-01	
2  344.706	2.718983e+00	1.094745e-01	-9.308747e-01	-4.707336e-01	7.005331e-01	
1  344.574	2.735691e+00	1.106263e-01	-9.310916e-01	-4.734722e-01	6.993953e-01	
2  344.468	2.735903e+00	1.118091e-01	-9.921551e-01	-4.626360e-01	7.080854e-01	
1  346.002	2.721714e+00	1.120057e-01	-9.567399e-01	-4.785168e-01	7.094075e-01	
1  343.619	2.709778e+00	1.085794e-01	-9.366294e-01	-5.071915e-01	7.085538e-01	
10  343.875	2.719195e+00	1.069435e-01	-9.149117e-01	-5.091459e-01	7.078314e-01	
2  344.696	2.727997e+00	1.050861e-01	-9.449647e-01	-4.397998e-01	7.090589e-01	
2  343.344	2.706967e+00	1.052818e-01	-9.509924e-01	-4.277787e-01	7.160546e-01	
1  343.784	2.725269e+00	1.045100e-01	-9.256675e-01	-3.987227e-01	7.135871e-01	
5  343.585	2.747450e+00	1.037555e-01	-9.251562e-01	-4.445221e-01	7.171245e-01	
1  343.423	2.756123e+00	1.032723e-01	-9.304004e-01	-5.268837e-01	7.162790e-01	
6  343.328	2.745797e+00	1.045615e-01	-9.468611e-01	-5.061931e-01	7.150279e-01	
5  343.202	2.742891e+00	1.049498e-01	-9.535051e-01	-4.905333e-01	7.167743e-01	
1  343.35	2.760252e+00	1.050424e-01	-9.914692e-01	-4.524301e-01	7.165691e-01	
5  343.179	2.747109e+00	1.045385e-01	-9.961710e-01	-4.313242e-01	7.183002e-01	
2  343.775	2.753326e+00	1.057173e-01	-9.421104e-01	-4.283313e-01	7.104484e-01	
2  343.85	2.752363e+00	1.036752e-01	-9.759307e-01	-3.835817e-01	7.238040e-01	
1  343.413	2.737767e+00	1.048551e-01	-9.631313e-01	-3.871262e-01	7.183080e-01	
1  343.4	2.728663e+00	1.054014e-01	-9.748335e-01	-4.014004e-01	7.187017e-01	
1  343.353	2.743447e+00	1.056408e-01	-1.021510e+00	-4.015618e-01	7.176577e-01	
1  343.657	2.730192e+00	1.059827e-01	-1.017080e+00	-4.367745e-01	7.217243e-01	
1  343.756	2.717341e+00	1.091434e-01	-1.017120e+00	-4.444145e-01	7.143608e-01	
2  345.575	2.740661e+00	1.100346e-01	-1.017257e+00	-4.556308e-01	7.038722e-01	
5  344.571	2.725697e+00	1.081655e-01	-9.999617e-01	-4.357877e-01	7.183411e-01	
4  345.398	2.717611e+00	1.070064e-01	-1.018348e+00	-4.656736e-01	7.240855e-01	
3  344.95	2.698255e+00	1.063644e-01	-1.063487e+00	-4.979437e-01	7.270049e-01	
6  345.834	2.705179e+00	1.041362e-01	-1.100812e+00	-5.247996e-01	7.246118e-01	
4  346.014	2.699460e+00	1.064890e-01	-1.111262e+00	-5.496508e-01	7.289337e-01	
8  344.962	2.725200e+00	1.066641e-01	-1.082348e+00	-5.217880e-01	7.249471e-01	
1  344.536	2.722349e+00	1.067031e-01	-1.072539e+00	-5.084868e-01	7.236001e-01	
3  344.69	2.710446e+00	1.082629e-01	-1.060929e+00	-5.414266e-01	7.210474e-01	
6  343.635	2.699732e+00	1.084815e-01	-1.018327e+00	-5.284196e-01	7.160816e-01	
7  343.36	2.685797e+00	1.082113e-01	-9.611539e-01	-5.258896e-01	7.125617e-01	
1  343.512	2.680228e+00	1.071362e-01	-9.811836e-01	-5.642172e-01	7.183323e-01	
2  343.145	2.668824e+00	1.054315e-01	-9.821490e-01	-5.720328e-01	7.208286e-01	
1  343.221	2.671039e+00	1.073750e-01	-1.013792e+00	-5.198097e-01	7.161607e-01	
2  343.673	2.655376e+00	1.073073e-01	-1.036809e+00	-4.760029e-01	7.215132e-01	
2  345.09	2.660547e+00	1.078329e-01	-1.008997e+00	-4.897290e-01	7.222558e-01	
3  343.251	2.652003e+00	1.059890e-01	-9.829407e-01	-4.901700e-01	7.144486e-01	
5  343.117	2.672575e+00	1.065441e-01	-1.003478e+00	-4.812707e-01	7.186331e-01	
3  343.187	2.680925e+00	1.067556e-01	-1.015509e+00	-4.948068e-01	7.184630e-01	
1  343.978	2.688760e+00	1.052027e-01	-1.024260e+00	-5.294818e-01	7.176543e-01	
2  343.337	2.685850e+00	1.067212e-01	-9.800737e-01	-5.673514e-01	7.135647e-01	
1  343.383	2.689925e+00	1.077342e-01	-9.968034e-01	-5.838571e-01	7.163934e-01	
3  343.747	2.689585e+00	1.070554e-01	-1.014536e+00	-5.693658e-01	7.148507e-01	
2  343.489	2.679118e+00	1.060915e-01	-1.038162e+00	-5.330178e-01	7.203499e-01	
4  343.666	2.692875e+00	1.069412e-01	-9.785387e-01	-5.057023e-01	7.184067e-01	
6  343.586	2.714521e+00	1.054776e-01	-9.603513e-01	-4.898062e-01	7.126029e-01	
3  344.613	2.721002e+00	1.087549e-01	-9.889221e-01	-4.979906e-01	7.059954e-01	
1  344.153	2.732510e+00	1.092299e-01	-1.016999e+00	-4.671571e-01	7.154066e-01	
1  344.001	2.742978e+00	1.089458e-01	-9.931467e-01	-4.902040e-01	7.082961e-01	
1  343.917	2.754976e+00	1.089308e-01	-9.338898e-01	-5.510491e-01	7.088790e-01	
1  344.062	2.789965e+00	1.086404e-01	-9.289018e-01	-5.059528e-01	7.064700e-01	
2  345.892	2.796741e+00	1.089595e-01	-9.232105e-01	-4.754863e-01	6.985021e-01	
3  344.365	2.800977e+00	1.084774e-01	-9.069733e-01	-4.999479e-01	7.047458e-01	
4  345.42	2.811239e+00	1.103260e-01	-8.966363e-01	-5.118922e-01	7.043368e-01	
2  345.197	2.794149e+00	1.096111e-01	-9.390802e-01	-4.477632e-01	7.099103e-01	
7  344.596	2.777838e+00	1.100967e-01	-9.404819e-01	-4.155120e-01	7.008707e-01	
2  344.575	2.767612e+00	1.110439e-01	-9.493947e-01	-4.010016e-01	7.048136e-01	
4  344.458	2.752698e+00	1.092813e-01	-9.499379e-01	-3.796124e-01	7.095352e-01	
1  344.67	2.762646e+00	1.102188e-01	-9.848903e-01	-4.162980e-01	7.027375e-01	
7  344.414	2.768185e+00	1.115511e-01	-9.841565e-01	-3.941552e-01	7.056238e-01	
2  344.141	2.768786e+00	1.100921e-01	-9.823766e-01	-5.033536e-01	7.068174e-01	
3  344.411	2.763166e+00	1.101503e-01	-1.000133e+00	-4.876484e-01	7.118956e-01	
1  346.693	2.775207e+00	1.111679e-01	-9.633223e-01	-5.325838e-01	6.964867e-01	
1  344.805	2.746562e+00	1.134778e-01	-9.788701e-01	-5.428226e-01	6.996794e-01	
2  344.223	2.728151e+00	1.112301e-01	-9.506377e-01	-5.926228e-01	7.070215e-01	
1  343.991	2.736665e+00	1.107682e-01	-9.624371e-01	-6.029134e-01	7.061324e-01	
1  343.832	2.710235e+00	1.100411e-01	-9.543826e-01	-6.001578e-01	7.096438e-01	
1  343.603	2.709665e+00	1.086253e-01	-9.620483e-01	-6.230571e-01	7.131486e-01	
2  343.76	2.688430e+00	1.096054e-01	-9.699891e-01	-6.640593e-01	7.127667e-01	
6  343.901	2.713108e+00	1.076768e-01	-9.111193e-01	-6.742655e-01	7.128599e-01	
2  343.899	2.713761e+00	1.076928e-01	-9.927595e-01	-6.710831e-01	7.182263e-01	
1  344.12	2.720206e+00	1.088597e-01	-9.451585e-01	-6.791147e-01	7.136953e-01	
1  343.518	2.727597e+00	1.069789e-01	-9.732775e-01	-6.821716e-01	7.153576e-01	
1  344.491	2.703319e+00	1.072076e-01	-9.931306e-01	-7.039415e-01	7.125541e-01	
1  344.196	2.709807e+00	1.073221e-01	-1.011508e+00	-7.421643e-01	7.193939e-01	
1  344.858	2.721218e+00	1.081404e-01	-9.901232e-01	-7.426396e-01	7.200568e-01	
8  343.998	2.709002e+00	1.082068e-01	-9.293521e-01	-8.006638e-01	7.078449e-01	
3  343.56	2.714357e+00	1.071063e-01	-9.256097e-01	-8.684896e-01	7.149778e-01	
3  344.033	2.727616e+00	1.053986e-01	-9.783551e-01	-8.491651e-01	7.223497e-01	
1  344.547	2.713737e+00	1.071095e-01	-1.012551e+00	-7.384264e-01	7.161080e-01	
1  343.619	2.731839e+00	1.063148e-01	-9.425202e-01	-7.613264e-01	7.179721e-01	
1  344.137	2.730919e+00	1.063404e-01	-9.390344e-01	-7.240490e-01	7.194778e-01	
3  343.509	2.730890e+00	1.072760e-01	-9.503866e-01	-7.277096e-01	7.137049e-01	
2  343.546	2.729725e+00	1.080601e-01	-9.386968e-01	-7.088847e-01	7.109445e-01	
1  343.475	2.729120e+00	1.074043e-01	-9.357493e-01	-7.286449e-01	7.131420e-01	
1  344.522	2.753470e+00	1.056054e-01	-9.237172e-01	-7.535817e-01	7.208497e-01	
3  343.369	2.730041e+00	1.050429e-01	-9.114025e-01	-7.230123e-01	7.170469e-01	
1  344.565	2.741100e+00	1.069886e-01	-9.118104e-01	-6.903033e-01	7.163680e-01	
1  345.889	2.744889e+00	1.075556e-01	-9.720022e-01	-6.695782e-01	7.218309e-01	
3  343.889	2.721042e+00	1.068254e-01	-1.010994e+00	-6.702842e-01	7.187770e-01	
1  344.951	2.730137e+00	1.066479e-01	-9.841094e-01	-6.338926e-01	7.229050e-01	
1  345.374	2.763598e+00	1.084081e-01	-9.624157e-01	-7.327978e-01	7.182780e-01	
1  343.995	2.764550e+00	1.083294e-01	-9.118537e-01	-7.078202e-01	7.063476e-01	
4  343.543	2.757156e+00	1.068920e-01	-9.237706e-01	-7.155813e-01	7.122124e-01	
3  344.15	2.741284e+00	1.095182e-01	-9.490316e-01	-7.621657e-01	7.115925e-01	
2  344.193	2.741704e+00	1.104726e-01	-9.365063e-01	-7.546575e-01	7.082124e-01	
2  344.363	2.759391e+00	1.094865e-01	-8.995594e-01	-7.220250e-01	7.024245e-01	
2  343.767	2.746772e+00	1.082552e-01	-9.153471e-01	-7.150179e-01	7.103836e-01	
4  343.971	2.737792e+00	1.071041e-01	-9.408197e-01	-6.485224e-01	7.088735e-01	
2  345.082	2.735821e+00	1.065382e-01	-9.648674e-01	-6.175078e-01	7.085960e-01	
1  344.716	2.718324e+00	1.073948e-01	-1.027575e+00	-6.006516e-01	7.226249e-01	
3  344.035	2.719195e+00	1.058111e-01	-1.049661e+00	-5.600652e-01	7.221009e-01	
4  344.078	2.715580e+00	1.068731e-01	-9.614545e-01	-5.391879e-01	7.184008e-01	
5  343.654	2.721412e+00	1.058507e-01	-9.816657e-01	-5.384705e-01	7.208434e-01	
2  343.256	2.749174e+00	1.032698e-01	-9.509714e-01	-5.580813e-01	7.181510e-01	
3  343.05	2.749090e+00	1.028482e-01	-9.523265e-01	-5.978109e-01	7.213796e-01	
2  343.408	2.749248e+00	1.033531e-01	-9.427547e-01	-5.785962e-01	7.169620e-01	
3  343.658	2.739295e+00	1.024117e-01	-9.496905e-01	-6.045488e-01	7.185686e-01	
4  343.159	2.736496e+00	1.026338e-01	-9.462764e-01	-5.461185e-01	7.227869e-01	
1  343.048	2.733947e+00	1.026256e-01	-9.656525e-01	-5.362004e-01	7.238487e-01	
2  343.047	2.749848e+00	1.028663e-01	-9.914663e-01	-5.081791e-01	7.235996e-01	
6  343.76	2.753040e+00	1.026910e-01	-9.601624e-01	-5.239540e-01	7.260088e-01	
4  343.727	2.764505e+00	1.017098e-01	-9.847377e-01	-5.343155e-01	7.215566e-01	
3  343.405	2.752470e+00	1.005396e-01	-9.492429e-01	-5.266623e-01	7.284213e-01	
1  345.857	2.751452e+00	1.006429e-01	-9.477348e-01	-5.125338e-01	7.166645e-01	
3  345.746	2.774519e+00	1.054029e-01	-9.563369e-01	-5.040137e-01	7.233620e-01	
1  344.833	2.787305e+00	1.030279e-01	-8.653144e-01	-5.119396e-01	7.162325e-01	
2  344.29	2.789010e+00	1.057103e-01	-8.872736e-01	-5.427449e-01	7.076910e-01	
5  344.278	2.784582e+00	1.071714e-01	-8.865057e-01	-6.142194e-01	7.054620e-01	
1  344.04	2.792653e+00	1.078103e-01	-9.183466e-01	-5.432224e-01	7.066670e-01	
1  344.913	2.809092e+00	1.080090e-01	-8.894634e-01	-5.376160e-01	7.085581e-01	
1  347.438	2.804507e+00	1.088486e-01	-8.657566e-01	-4.881147e-01	6.931752e-01	
2  345.495	2.801486e+00	1.065844e-01	-8.992384e-01	-4.532440e-01	7.023072e-01	
2  344.671	2.768599e+00	1.080894e-01	-9.225994e-01	-4.132105e-01	7.027183e-01	
3  344.814	2.759999e+00	1.070033e-01	-9.203168e-01	-3.885675e-01	7.039730e-01	
3  343.838	2.765512e+00	1.069468e-01	-9.278430e-01	-4.338309e-01	7.094566e-01	
5  344.372	2.756881e+00	1.081549e-01	-9.114298e-01	-4.143216e-01	7.064484e-01	
2  344.535	2.745535e+00	1.064742e-01	-9.506591e-01	-4.243121e-01	7.069484e-01	
4  344.849	2.771380e+00	1.060563e-01	-9.514086e-01	-4.062441e-01	7.068782e-01	
2  347.732	2.744630e+00	1.081846e-01	-9.640636e-01	-3.848649e-01	6.987064e-01	
3  348.342	2.725562e+00	1.068683e-01	-9.283435e-01	-3.988932e-01	6.984719e-01	
4  344.586	2.739927e+00	1.067425e-01	-9.112407e-01	-3.628681e-01	7.057447e-01	
4  345.373	2.730042e+00	1.062335e-01	-8.859624e-01	-3.869743e-01	7.040591e-01	
3  344.7	2.733546e+00	1.077754e-01	-9.090533e-01	-3.417721e-01	7.046369e-01	
3  344.588	2.748011e+00	1.080913e-01	-9.153201e-01	-3.403471e-01	7.061212e-01	
1  345.161	2.759952e+00	1.083215e-01	-9.219068e-01	-3.405448e-01	7.095715e-01	
3  344.157	2.762833e+00	1.073141e-01	-9.311370e-01	-3.550010e-01	7.066546e-01	
3  345.499	2.767993e+00	1.107533e-01	-9.559785e-01	-3.745527e-01	7.089882e-01	
3  344.241	2.765918e+00	1.108587e-01	-9.645066e-01	-4.144461e-01	7.029816e-01	
1  343.832	2.763304e+00	1.088797e-01	-1.002590e+00	-3.799637e-01	7.092369e-01	
2  344.709	2.784775e+00	1.094666e-01	-1.020491e+00	-3.975598e-01	7.072811e-01	
2  344.669	2.794446e+00	1.095355e-01	-9.750142e-01	-4.059350e-01	7.112852e-01	
1  344.473	2.803473e+00	1.097689e-01	-1.002193e+00	-3.943516e-01	7.066903e-01	
2  344.741	2.786080e+00	1.119416e-01	-1.022262e+00	-3.416312e-01	7.064843e-01	
1  345.068	2.822433e+00	1.108255e-01	-1.032207e+00	-3.003567e-01	7.102334e-01	
1  344.832	2.808430e+00	1.104925e-01	-1.033391e+00	-3.051002e-01	7.111105e-01	
5  344.727	2.796155e+00	1.113648e-01	-1.036173e+00	-2.982058e-01	7.070637e-01	
2  344.835	2.803382e+00	1.118137e-01	-1.025441e+00	-2.896606e-01	7.058923e-01	
1  346.266	2.799842e+00	1.144909e-01	-1.027725e+00	-3.278388e-01	6.963601e-01	
8  345.326	2.787272e+00	1.132563e-01	-1.037515e+00	-3.021414e-01	7.014289e-01	
2  347.283	2.790779e+00	1.111663e-01	-1.058497e+00	-3.071011e-01	7.013616e-01	
1  347.184	2.818942e+00	1.132074e-01	-1.044949e+00	-3.464949e-01	6.983084e-01	
1  346.617	2.810989e+00	1.136700e-01	-1.042284e+00	-3.324114e-01	6.983518e-01	
2  347.927	2.799262e+00	1.156839e-01	-1.050362e+00	-3.383258e-01	7.066886e-01	
1  345.677	2.787331e+00	1.149314e-01	-1.033584e+00	-3.131287e-01	7.010230e-01	
1  346.295	2.804537e+00	1.144277e-01	-1.035917e+00	-3.668170e-01	6.983716e-01	
4  345.681	2.802023e+00	1.134101e-01	-1.050143e+00	-3.051674e-01	7.059944e-01	
1  345.581	2.763340e+00	1.124566e-01	-9.957656e-01	-2.447684e-01	7.068912e-01	
1  346.086	2.756324e+00	1.115218e-01	-9.650248e-01	-2.281712e-01	7.072163e-01	
2  345.222	2.737282e+00	1.111272e-01	-9.450342e-01	-2.054714e-01	6.972306e-01	
1  345.211	2.739066e+00	1.127683e-01	-9.577015e-01	-1.703914e-01	6.977305e-01	
1  346.59	2.750164e+00	1.112831e-01	-9.873650e-01	-1.289187e-01	6.951496e-01	
1  348.247	2.752327e+00	1.118895e-01	-1.036979e+00	-1.514597e-01	6.947368e-01	
2  345.609	2.763416e+00	1.115364e-01	-1.056409e+00	-1.420525e-01	7.126930e-01	
2  345.033	2.765383e+00	1.098619e-01	-1.012210e+00	-1.651836e-01	7.125012e-01	
1  344.776	2.779197e+00	1.060780e-01	-9.997129e-01	-1.537470e-01	7.085291e-01	
2  344.847	2.767522e+00	1.086886e-01	-1.014229e+00	-1.802519e-01	7.047720e-01	
3  345.731	2.775443e+00	1.090945e-01	-1.045689e+00	-2.045181e-01	7.185366e-01	
2  343.518	2.763267e+00	1.069239e-01	-1.047830e+00	-1.874354e-01	7.156184e-01	
1  345.484	2.784472e+00	1.077108e-01	-1.087401e+00	-1.933505e-01	7.118639e-01	
5  345.396	2.824588e+00	1.112160e-01	-1.075028e+00	-2.019723e-01	7.098788e-01	
1  344.955	2.805660e+00	1.111579e-01	-1.064249e+00	-1.658703e-01	7.085998e-01	
2  346.351	2.795156e+00	1.131255e-01	-1.050828e+00	-1.142968e-01	7.083570e-01	
3  346.302	2.807400e+00	1.122831e-01	-1.043816e+00	-9.969528e-02	6.999160e-01	
1  344.891	2.801466e+00	1.107232e-01	-9.998139e-01	-1.219821e-01	7.033890e-01	
3  345.851	2.811629e+00	1.112522e-01	-9.419178e-01	-1.427153e-01	6.972119e-01	
2  345.95	2.830402e+00	1.098798e-01	-9.256555e-01	-1.989512e-01	6.970973e-01	
1  347.007	2.865145e+00	1.103803e-01	-9.042494e-01	-2.213323e-01	7.019868e-01	
3  346.848	2.850569e+00	1.065691e-01	-9.385285e-01	-2.234885e-01	7.004108e-01	
1  346.891	2.858728e+00	1.070281e-01	-9.302961e-01	-2.496837e-01	6.992071e-01	
2  345.434	2.886360e+00	1.059322e-01	-9.353659e-01	-2.415506e-01	7.045631e-01	
3  344.659	2.897103e+00	1.074475e-01	-9.724364e-01	-2.432342e-01	7.077996e-01	
3  344.588	2.902882e+00	1.063369e-01	-9.426044e-01	-2.710187e-01	7.089157e-01	
2  346.112	2.954448e+00	1.073093e-01	-9.285272e-01	-2.755669e-01	7.101955e-01	
1  346.08	2.938117e+00	1.094508e-01	-9.477164e-01	-2.673520e-01	6.997083e-01	
2  346.177	2.908078e+00	1.103733e-01	-9.688536e-01	-2.405699e-01	6.985422e-01	
3  346.923	2.907088e+00	1.106973e-01	-9.960779e-01	-1.709461e-01	7.093362e-01	
1  347.168	2.924660e+00	1.103668e-01	-9.633447e-01	-1.670011e-01	7.072098e-01	
3  345.768	2.925289e+00	1.094740e-01	-9.687516e-01	-1.569934e-01	7.029517e-01	
2  345.913	2.908310e+00	1.075800e-01	-1.043749e+00	-1.361714e-01	7.179357e-01	
4  346.028	2.911877e+00	1.083261e-01	-1.021142e+00	-1.502512e-01	7.149864e-01	
1  346.487	2.910077e+00	1.062598e-01	-1.055600e+00	-1.495425e-01	7.104998e-01	
3  345.18	2.896190e+00	1.073564e-01	-1.064197e+00	-1.448361e-01	7.167761e-01	
1  346.757	2.905619e+00	1.074006e-01	-1.089890e+00	-1.526116e-01	7.120859e-01	
2  346.541	2.913999e+00	1.051985e-01	-1.123078e+00	-1.579907e-01	7.207890e-01	
5  346.574	2.911329e+00	1.054840e-01	-1.105103e+00	-8.615437e-02	7.183218e-01	
1  344.872	2.924001e+00	1.040826e-01	-1.038205e+00	-7.834456e-02	7.207443e-01	
1  345.464	2.923156e+00	1.043007e-01	-1.044521e+00	-7.736976e-02	7.237391e-01	
1  344.342	2.876458e+00	1.012530e-01	-1.034597e+00	-6.132006e-02	7.235279e-01	
6  343.995	2.891497e+00	1.002898e-01	-1.020739e+00	-7.687458e-02	7.297989e-01	
2  344.077	2.898720e+00	9.991570e-02	-1.043237e+00	-1.093708e-01	7.326054e-01	
3  344.812	2.899200e+00	1.027133e-01	-1.034932e+00	-1.049929e-01	7.180561e-01	
2  344.166	2.902416e+00	1.009342e-01	-9.760091e-01	-1.208947e-01	7.252197e-01	
1  344.042	2.923923e+00	1.010014e-01	-9.840918e-01	-9.732952e-02	7.242056e-01	
2  343.619	2.910767e+00	1.010552e-01	-1.000873e+00	-1.960835e-01	7.259755e-01	
2  344.436	2.927270e+00	1.018860e-01	-9.763662e-01	-1.719235e-01	7.239226e-01	
2  343.632	2.919173e+00	1.013070e-01	-9.780459e-01	-1.732338e-01	7.207294e-01	
3  343.654	2.937317e+00	9.825895e-02	-9.692193e-01	-1.849992e-01	7.240715e-01	
1  347.027	2.943285e+00	9.689448e-02	-9.297675e-01	-1.847330e-01	7.350332e-01	
1  343.742	2.960468e+00	9.827538e-02	-9.334026e-01	-2.273867e-01	7.237183e-01	
2  345.374	2.947914e+00	9.577424e-02	-9.482356e-01	-2.768653e-01	7.239419e-01	
3  343.188	2.948338e+00	9.441806e-02	-9.452024e-01	-3.147483e-01	7.326285e-01	
12  343.429	2.979649e+00	9.325875e-02	-9.321265e-01	-3.062745e-01	7.329207e-01	
3  343.396	2.987454e+00	9.304262e-02	-9.535154e-01	-2.634523e-01	7.338696e-01	
1  343.688	3.013207e+00	9.270447e-02	-9.185684e-01	-2.306230e-01	7.328575e-01	
4  343.458	3.060788e+00	9.412117e-02	-9.562701e-01	-2.287095e-01	7.357328e-01	
5  343.353	3.077780e+00	9.068389e-02	-9.362500e-01	-2.451462e-01	7.412042e-01	
2  345.607	3.064167e+00	9.131522e-02	-9.455189e-01	-2.617011e-01	7.460448e-01	
3  346.024	3.045996e+00	8.959797e-02	-9.016443e-01	-2.127132e-01	7.453859e-01	
6  344.514	3.045830e+00	9.062428e-02	-8.766324e-01	-2.494091e-01	7.341982e-01	
2  345.448	3.040154e+00	9.048962e-02	-9.207221e-01	-2.440248e-01	7.322056e-01	
1  346.018	3.037290e+00	9.186839e-02	-9.131704e-01	-2.963126e-01	7.283509e-01	
2  343.978	3.033146e+00	9.020492e-02	-8.879340e-01	-3.740724e-01	7.410323e-01	
4  344.448	3.019447e+00	9.170067e-02	-8.770210e-01	-3.984690e-01	7.385319e-01	
1  344.103	3.037612e+00	9.103477e-02	-8.739526e-01	-4.116735e-01	7.386621e-01	
2  343.279	3.041373e+00	9.032535e-02	-9.188534e-01	-3.541671e-01	7.416065e-01	
1  343.608	3.080356e+00	9.136860e-02	-8.899218e-01	-3.793974e-01	7.373221e-01	
2  343.378	3.097222e+00	9.110045e-02	-8.906622e-01	-4.131842e-01	7.366479e-01	
2  343.792	3.068819e+00	9.009552e-02	-8.762168e-01	-4.851191e-01	7.356772e-01	
4  345.073	3.077200e+00	9.107083e-02	-9.254394e-01	-5.497077e-01	7.469501e-01	
2  344.253	3.066282e+00	9.043180e-02	-9.607279e-01	-5.893323e-01	7.411014e-01	
2  344.131	3.057420e+00	9.151414e-02	-9.496805e-01	-5.731097e-01	7.378576e-01	
2  343.252	3.060100e+00	9.194991e-02	-9.189999e-01	-5.484184e-01	7.370237e-01	
3  344.179	3.090963e+00	9.341205e-02	-9.570843e-01	-5.831028e-01	7.409291e-01	
10  344.363	3.104638e+00	9.652954e-02	-9.297444e-01	-5.631953e-01	7.321734e-01	
1  344.379	3.118506e+00	9.511608e-02	-9.596914e-01	-5.577776e-01	7.354590e-01	
1  344.461	3.117047e+00	9.373223e-02	-9.380375e-01	-5.533649e-01	7.320225e-01	
1  343.719	3.129918e+00	9.287993e-02	-9.359189e-01	-5.484088e-01	7.379771e-01	
1  343.981	3.156991e+00	9.268097e-02	-9.616147e-01	-4.777853e-01	7.387730e-01	
1  343.553	3.136895e+00	9.170788e-02	-9.416336e-01	-4.485051e-01	7.371702e-01	
1  344.56	3.111633e+00	9.497797e-02	-8.941526e-01	-4.659338e-01	7.335675e-01	
1  344.647	3.127714e+00	9.357451e-02	-8.517763e-01	-4.832396e-01	7.325733e-01	
1  343.874	3.122738e+00	9.253522e-02	-8.635071e-01	-4.727429e-01	7.334235e-01	
2  343.76	3.118348e+00	9.231151e-02	-8.790679e-01	-4.134930e-01	7.315566e-01	
7  343.426	3.101559e+00	9.120358e-02	-8.998079e-01	-4.140557e-01	7.387436e-01	
1  343.501	3.116143e+00	9.143362e-02	-9.032828e-01	-4.251618e-01	7.389264e-01	
1  343.931	3.131039e+00	9.308657e-02	-8.757864e-01	-4.047530e-01	7.323425e-01	
4  344.15	3.157401e+00	9.217075e-02	-8.690614e-01	-3.795251e-01	7.299287e-01	
1  344.149	3.147283e+00	9.284954e-02	-9.139059e-01	-3.960390e-01	7.303542e-01	
1  343.754	3.160982e+00	9.198200e-02	-8.996389e-01	-3.682117e-01	7.363796e-01	
5  345.223	3.143837e+00	9.358579e-02	-9.548207e-01	-3.850006e-01	7.411902e-01	
10  343.599	3.139773e+00	9.332866e-02	-9.374730e-01	-3.576411e-01	7.331042e-01	
3  343.977	3.146078e+00	9.099000e-02	-9.718224e-01	-3.806113e-01	7.450959e-01	
10  343.277	3.151099e+00	9.021266e-02	-9.547627e-01	-3.651541e-01	7.430883e-01	
1  343.504	3.148156e+00	9.255447e-02	-9.378334e-01	-3.190744e-01	7.369152e-01	
4  345.393	3.155477e+00	9.257023e-02	-9.293616e-01	-3.569877e-01	7.416528e-01	
6  343.5	3.173327e+00	9.140083e-02	-9.298409e-01	-3.281024e-01	7.387207e-01	
1  344.033	3.177084e+00	9.134219e-02	-8.984731e-01	-3.068128e-01	7.376460e-01	
2  343.661	3.182324e+00	9.035097e-02	-9.063663e-01	-2.799884e-01	7.388575e-01	
5  343.811	3.168083e+00	9.105203e-02	-9.738862e-01	-3.119864e-01	7.383443e-01	
2  344.163	3.178380e+00	9.293255e-02	-9.374323e-01	-3.508328e-01	7.316830e-01	
4  344.029	3.186265e+00	9.307525e-02	-9.527902e-01	-3.660311e-01	7.340132e-01	
2  344.459	3.162411e+00	9.307331e-02	-9.353693e-01	-3.436750e-01	7.301723e-01	
3  344.029	3.148072e+00	9.357635e-02	-9.597241e-01	-3.673108e-01	7.330407e-01	
2  344.457	3.144774e+00	9.382391e-02	-9.842610e-01	-3.785930e-01	7.399507e-01	
2  345.457	3.170829e+00	9.412035e-02	-9.686214e-01	-3.897084e-01	7.299063e-01	
1  344.723	3.199215e+00	9.413879e-02	-9.510959e-01	-3.815498e-01	7.368298e-01	
3  344.778	3.164891e+00	9.440983e-02	-9.694644e-01	-3.543017e-01	7.382440e-01	
1  345.296	3.154092e+00	9.504182e-02	-9.694277e-01	-4.202499e-01	7.384638e-01	
2  346.541	3.172094e+00	9.586855e-02	-9.793409e-01	-4.541891e-01	7.272934e-01	
4  345.965	3.174422e+00	9.612241e-02	-1.009851e+00	-4.531337e-01	7.361706e-01	
5  347.455	3.179507e+00	9.601445e-02	-1.043283e+00	-4.311424e-01	7.333946e-01	
4  347.876	3.180678e+00	9.391536e-02	-1.084132e+00	-4.151686e-01	7.446205e-01	
7  349.294	3.174225e+00	9.406518e-02	-1.102925e+00	-4.372513e-01	7.478692e-01	
1  349.136	3.166867e+00	9.482924e-02	-1.090132e+00	-4.359917e-01	7.468199e-01	
3  349.807	3.179607e+00	9.519752e-02	-1.095583e+00	-4.659211e-01	7.460405e-01	
1  349.654	3.207644e+00	9.361281e-02	-1.074403e+00	-4.457351e-01	7.380450e-01	
2  347.618	3.224812e+00	9.369238e-02	-1.036546e+00	-4.621882e-01	7.448331e-01	
6  347.363	3.208668e+00	9.436047e-02	-1.049823e+00	-4.597803e-01	7.405252e-01	
1  347.792	3.185258e+00	9.466861e-02	-1.046277e+00	-4.753713e-01	7.442128e-01	
1  348.885	3.189467e+00	9.708455e-02	-9.681644e-01	-4.654645e-01	7.385730e-01	
1  346.827	3.200157e+00	9.710381e-02	-9.205751e-01	-5.034933e-01	7.329692e-01	
10  344.889	3.189270e+00	9.687049e-02	-8.873560e-01	-5.141246e-01	7.231223e-01	
1  344.743	3.192696e+00	9.659267e-02	-8.953821e-01	-5.269959e-01	7.261624e-01	
2  347.15	3.206665e+00	1.003268e-01	-9.290049e-01	-5.378657e-01	7.252817e-01	
3  345.887	3.202478e+00	9.811932e-02	-9.471998e-01	-5.350633e-01	7.262437e-01	
2  346.46	3.201655e+00	9.881118e-02	-9.591903e-01	-5.523347e-01	7.254828e-01	
3  348.403	3.211312e+00	9.971586e-02	-9.611354e-01	-6.034802e-01	7.305266e-01	
3  347.806	3.207727e+00	9.894287e-02	-9.671959e-01	-5.780821e-01	7.316439e-01	
6  347.481	3.204036e+00	9.792878e-02	-9.980020e-01	-5.761600e-01	7.327391e-01	
3  346.084	3.206160e+00	9.620953e-02	-9.656698e-01	-5.923596e-01	7.316506e-01	
1  345.375	3.209459e+00	9.558870e-02	-9.017870e-01	-6.275098e-01	7.263177e-01	
3  345.046	3.201017e+00	9.601667e-02	-8.983991e-01	-5.886446e-01	7.257235e-01	
2  345.111	3.204082e+00	9.613272e-02	-9.156013e-01	-5.310294e-01	7.260895e-01	
1  344.365	3.207544e+00	9.387464e-02	-8.801177e-01	-5.558668e-01	7.324122e-01	
2  344.34	3.171769e+00	9.449159e-02	-9.036503e-01	-5.946331e-01	7.337028e-01	
1  346.046	3.158271e+00	9.576208e-02	-9.571791e-01	-5.562004e-01	7.277666e-01	
1  344.529	3.157898e+00	9.659561e-02	-9.202118e-01	-5.382586e-01	7.280804e-01	
2  344.192	3.144372e+00	9.561780e-02	-9.093865e-01	-5.210827e-01	7.278484e-01	
4  344.195	3.156047e+00	9.543549e-02	-8.878550e-01	-4.718411e-01	7.287732e-01	
2  346.705	3.171916e+00	9.389890e-02	-8.684841e-01	-4.279143e-01	7.361457e-01	
2  344.149	3.177157e+00	9.479349e-02	-9.142237e-01	-4.409717e-01	7.314956e-01	
7  343.975	3.200276e+00	9.328967e-02	-9.066548e-01	-3.838894e-01	7.312093e-01	
1  344.863	3.217175e+00	9.369043e-02	-9.428588e-01	-3.927910e-01	7.374589e-01	
5  344.382	3.209426e+00	9.497706e-02	-9.260666e-01	-3.693990e-01	7.295251e-01	
3  344.626	3.211154e+00	9.433953e-02	-9.042964e-01	-3.539992e-01	7.322004e-01	
10  344.66	3.209680e+00	9.551720e-02	-9.020038e-01	-3.131387e-01	7.276420e-01	
4  344.656	3.198354e+00	9.434892e-02	-8.937846e-01	-2.791086e-01	7.254422e-01	
6  345.199	3.194662e+00	9.444422e-02	-8.934790e-01	-2.890497e-01	7.234249e-01	
6  344.663	3.200430e+00	9.492261e-02	-9.073534e-01	-3.192376e-01	7.253540e-01	
1  344.421	3.192417e+00	9.360949e-02	-8.754321e-01	-3.149606e-01	7.290226e-01	
2  344.544	3.182218e+00	9.529810e-02	-9.632759e-01	-4.001829e-01	7.319907e-01	
1  344.218	3.187186e+00	9.442699e-02	-9.571669e-01	-3.279686e-01	7.316352e-01	
1  344.924	3.190060e+00	9.425595e-02	-9.589208e-01	-3.449478e-01	7.295414e-01	
4  345.194	3.186454e+00	9.496412e-02	-9.546632e-01	-3.466357e-01	7.273650e-01	
2  345.509	3.162513e+00	9.747965e-02	-9.074237e-01	-3.457323e-01	7.280452e-01	
6  345.098	3.164135e+00	9.836119e-02	-8.836766e-01	-3.628746e-01	7.190784e-01	
2  345.515	3.160465e+00	9.998454e-02	-9.043088e-01	-3.384258e-01	7.159448e-01	
2  345.77	3.167215e+00	1.002476e-01	-9.002038e-01	-2.756460e-01	7.145825e-01	
1  345.752	3.173393e+00	1.002345e-01	-9.000816e-01	-3.183546e-01	7.149801e-01	
1  346.097	3.185131e+00	1.005443e-01	-9.643237e-01	-3.048839e-01	7.232626e-01	
2  346.096	3.184995e+00	1.005042e-01	-9.614464e-01	-3.414375e-01	7.232783e-01	
1  347.384	3.191575e+00	1.018707e-01	-9.852408e-01	-3.143285e-01	7.238006e-01	
1  348.002	3.200601e+00	1.020843e-01	-1.006157e+00	-3.214914e-01	7.246913e-01	
4  347.328	3.182779e+00	1.002277e-01	-1.005706e+00	-2.960448e-01	7.197664e-01	
2  346.875	3.196831e+00	1.012861e-01	-9.714160e-01	-2.852347e-01	7.162037e-01	
1  346.653	3.188106e+00	1.012916e-01	-9.335808e-01	-3.381571e-01	7.135676e-01	
4  347.991	3.168061e+00	1.019803e-01	-9.529548e-01	-2.994331e-01	7.102809e-01	
1  346.176	3.167940e+00	1.000186e-01	-9.427833e-01	-2.299140e-01	7.153223e-01	
2  344.91	3.161118e+00	9.704916e-02	-9.323738e-01	-1.953145e-01	7.219914e-01	
8  345.21	3.174270e+00	9.698840e-02	-9.851329e-01	-2.100104e-01	7.322759e-01	
1  348.366	3.169379e+00	9.557727e-02	-1.043967e+00	-1.839809e-01	7.273217e-01	
9  345.651	3.177362e+00	9.601312e-02	-1.052419e+00	-1.907515e-01	7.348820e-01	
1  344.708	3.182526e+00	9.563714e-02	-9.619594e-01	-1.439464e-01	7.318082e-01	
1  346.516	3.190902e+00	9.558453e-02	-9.674004e-01	-1.086549e-01	7.237047e-01	
3  346.165	3.207314e+00	9.895206e-02	-1.003069e+00	-1.910481e-01	7.280619e-01	
2  345.587	3.193052e+00	9.917038e-02	-9.803085e-01	-1.739782e-01	7.238875e-01	
2  345.611	3.164875e+00	9.766940e-02	-1.005667e+00	-1.540054e-01	7.250833e-01	
5  345.188	3.163834e+00	9.751429e-02	-1.016873e+00	-1.700226e-01	7.313098e-01	
10  345.613	3.159857e+00	9.607282e-02	-1.053310e+00	-1.384990e-01	7.331041e-01	
2  345.533	3.202441e+00	9.405989e-02	-1.055957e+00	-1.287076e-01	7.391000e-01	
1  344.677	3.200243e+00	9.333160e-02	-1.028723e+00	-1.662104e-01	7.392996e-01	
1  347.466	3.215253e+00	9.364312e-02	-1.043225e+00	-1.863179e-01	7.323286e-01	
3  345.303	3.198187e+00	9.293317e-02	-1.058335e+00	-1.161730e-01	7.414491e-01	
5  346.102	3.185837e+00	9.061859e-02	-1.090983e+00	-6.811833e-02	7.482957e-01	
1  345.666	3.177576e+00	9.077453e-02	-1.068318e+00	-7.030052e-02	7.444392e-01	
3  347.628	3.190226e+00	9.403314e-02	-1.057517e+00	-4.167513e-02	7.433476e-01	
2  347.107	3.144118e+00	9.166698e-02	-1.094480e+00	-3.959021e-02	7.455825e-01	
