1  349.07	2.215191e+00	1.178193e-01	-9.049373e-01	-3.392064e-01	6.881755e-01	
1  349.584	2.225585e+00	1.181621e-01	-9.316973e-01	-3.688139e-01	6.974260e-01	
1  346.113	2.225107e+00	1.167901e-01	-9.635387e-01	-3.966075e-01	6.909736e-01	
3  345.156	2.211422e+00	1.172190e-01	-9.890360e-01	-3.722488e-01	6.968718e-01	
2  344.866	2.199994e+00	1.175265e-01	-1.022122e+00	-3.919649e-01	7.022966e-01	
3  344.968	2.192213e+00	1.192916e-01	-1.011985e+00	-3.639420e-01	6.969621e-01	
1  344.703	2.186977e+00	1.179189e-01	-1.015473e+00	-3.661884e-01	6.941899e-01	
3  345.183	2.180479e+00	1.157291e-01	-1.009388e+00	-3.799873e-01	7.024565e-01	
5  346.214	2.168740e+00	1.154008e-01	-1.019177e+00	-3.315034e-01	7.066228e-01	
3  345.277	2.181715e+00	1.138992e-01	-1.041887e+00	-3.143396e-01	7.092906e-01	
4  345.118	2.174185e+00	1.130124e-01	-1.033178e+00	-3.779577e-01	7.077966e-01	
1  345.744	2.182414e+00	1.119102e-01	-1.062375e+00	-3.872716e-01	7.072791e-01	
3  345.076	2.189823e+00	1.124648e-01	-1.034649e+00	-3.935642e-01	7.072869e-01	
2  344.437	2.196478e+00	1.146243e-01	-1.040001e+00	-4.082535e-01	7.078990e-01	
3  343.423	2.210317e+00	1.156956e-01	-1.091154e+00	-3.991419e-01	7.068688e-01	
4  343.799	2.207341e+00	1.144530e-01	-1.081800e+00	-4.253189e-01	7.069656e-01	
3  344.587	2.244846e+00	1.152097e-01	-1.159305e+00	-3.778265e-01	7.174691e-01	
1  345.39	2.248742e+00	1.149596e-01	-1.114389e+00	-3.341114e-01	7.167962e-01	
3  343.633	2.231561e+00	1.158601e-01	-1.111127e+00	-3.690607e-01	7.108131e-01	
1  343.624	2.216225e+00	1.156881e-01	-1.116005e+00	-3.500077e-01	7.057009e-01	
1  344.136	2.230590e+00	1.149565e-01	-1.109758e+00	-3.570524e-01	7.047586e-01	
4  344.131	2.234076e+00	1.148769e-01	-1.152439e+00	-3.622292e-01	7.163059e-01	
1  347.87	2.219008e+00	1.154774e-01	-1.111827e+00	-3.566553e-01	7.193839e-01	
2  348.541	2.240795e+00	1.107851e-01	-1.089087e+00	-3.573988e-01	7.052959e-01	
6  344.112	2.241178e+00	1.111369e-01	-1.094960e+00	-3.577852e-01	7.140957e-01	
2  344.011	2.234475e+00	1.130676e-01	-1.076920e+00	-3.988041e-01	7.140235e-01	
5  344.742	2.223752e+00	1.133911e-01	-1.046017e+00	-4.148414e-01	7.039251e-01	
2  345.921	2.233649e+00	1.129302e-01	-1.061633e+00	-4.102544e-01	7.027957e-01	
4  344.484	2.197005e+00	1.125627e-01	-1.056096e+00	-4.107414e-01	7.127505e-01	
1  344.217	2.209288e+00	1.140051e-01	-1.065711e+00	-3.396743e-01	7.056528e-01	
2  344.024	2.191816e+00	1.134674e-01	-1.094315e+00	-3.481908e-01	7.120799e-01	
1  343.812	2.200930e+00	1.138197e-01	-1.101576e+00	-3.530426e-01	7.106968e-01	
3  343.613	2.205365e+00	1.164067e-01	-1.141991e+00	-4.072057e-01	7.111337e-01	
8  343.416	2.208029e+00	1.162754e-01	-1.099955e+00	-3.678675e-01	7.072717e-01	
1  343.89	2.211487e+00	1.146082e-01	-1.130606e+00	-3.749433e-01	7.146237e-01	
2  343.962	2.211744e+00	1.135648e-01	-1.079376e+00	-3.954793e-01	7.083752e-01	
1  344.629	2.213785e+00	1.117292e-01	-1.153981e+00	-4.187153e-01	7.171233e-01	
2  348.739	2.224322e+00	1.147015e-01	-1.193965e+00	-4.422235e-01	7.270094e-01	
5  351.569	2.195385e+00	1.116864e-01	-1.142670e+00	-4.505028e-01	7.327172e-01	
3  351.657	2.205706e+00	1.131943e-01	-1.127074e+00	-4.374575e-01	7.290969e-01	
1  344.677	2.206150e+00	1.111750e-01	-1.152417e+00	-4.611099e-01	7.227624e-01	
1  344.433	2.213794e+00	1.112637e-01	-1.137539e+00	-5.079581e-01	7.206314e-01	
3  344.851	2.219289e+00	1.093182e-01	-1.130840e+00	-4.653696e-01	7.254369e-01	
3  347.413	2.221061e+00	1.073467e-01	-1.067586e+00	-5.043375e-01	7.157662e-01	
1  345.514	2.212397e+00	1.086530e-01	-1.054887e+00	-5.128264e-01	7.160096e-01	
5  345.89	2.196513e+00	1.081340e-01	-1.038359e+00	-5.201858e-01	7.166780e-01	
1  345.177	2.206210e+00	1.088452e-01	-1.070771e+00	-5.528590e-01	7.180271e-01	
2  345.074	2.197634e+00	1.084862e-01	-1.081754e+00	-5.273929e-01	7.211263e-01	
1  344.999	2.206894e+00	1.103414e-01	-1.081322e+00	-5.915699e-01	7.231337e-01	
4  344.308	2.219121e+00	1.111075e-01	-1.055745e+00	-5.537955e-01	7.174245e-01	
2  343.737	2.201926e+00	1.140676e-01	-1.088787e+00	-5.368530e-01	7.130156e-01	
2  344.042	2.176732e+00	1.137147e-01	-1.104434e+00	-4.750835e-01	7.146089e-01	
5  343.822	2.189428e+00	1.149537e-01	-1.106103e+00	-4.957894e-01	7.129682e-01	
2  348.76	2.171079e+00	1.160098e-01	-1.093146e+00	-5.155080e-01	7.196508e-01	
2  344.07	2.168627e+00	1.134354e-01	-1.097446e+00	-4.913686e-01	7.136899e-01	
3  344.15	2.174223e+00	1.129959e-01	-1.082713e+00	-4.918784e-01	7.137164e-01	
6  344.983	2.171195e+00	1.128543e-01	-1.034915e+00	-5.001868e-01	7.068169e-01	
1  344.689	2.178195e+00	1.140309e-01	-1.036166e+00	-5.027394e-01	7.108677e-01	
3  344.46	2.190544e+00	1.134360e-01	-1.027533e+00	-4.922203e-01	7.089371e-01	
1  345.991	2.198773e+00	1.128160e-01	-1.013440e+00	-4.951498e-01	7.140122e-01	
2  343.961	2.179027e+00	1.141636e-01	-1.072393e+00	-4.633062e-01	7.087675e-01	
2  343.929	2.188237e+00	1.163486e-01	-1.094848e+00	-4.782928e-01	7.106083e-01	
3  344.352	2.178414e+00	1.156418e-01	-1.145142e+00	-4.914414e-01	7.157134e-01	
4  343.622	2.190128e+00	1.163046e-01	-1.120528e+00	-5.059784e-01	7.073496e-01	
6  343.616	2.199709e+00	1.171944e-01	-1.057996e+00	-4.677970e-01	7.045628e-01	
3  344.068	2.193385e+00	1.161451e-01	-1.051881e+00	-4.820128e-01	7.004046e-01	
1  343.337	2.196799e+00	1.188807e-01	-1.102102e+00	-4.640377e-01	7.045164e-01	
2  343.368	2.193593e+00	1.170506e-01	-1.077322e+00	-4.840701e-01	7.052836e-01	
5  343.741	2.184187e+00	1.156938e-01	-1.082046e+00	-5.050100e-01	7.050747e-01	
2  343.822	2.185891e+00	1.162695e-01	-1.124747e+00	-5.071652e-01	7.068444e-01	
1  343.907	2.198640e+00	1.166584e-01	-1.092802e+00	-5.972150e-01	7.032256e-01	
1  343.716	2.178072e+00	1.173902e-01	-1.068512e+00	-5.898263e-01	7.004842e-01	
1  343.788	2.178294e+00	1.177047e-01	-1.037027e+00	-5.474522e-01	6.977064e-01	
1  343.318	2.187808e+00	1.188910e-01	-1.037242e+00	-6.113220e-01	7.002696e-01	
1  343.302	2.207146e+00	1.197618e-01	-1.031092e+00	-6.190465e-01	6.987408e-01	
8  343.101	2.194468e+00	1.213021e-01	-1.053906e+00	-5.780010e-01	6.927303e-01	
1  343.509	2.201449e+00	1.219597e-01	-1.001871e+00	-5.968847e-01	6.907495e-01	
1  343.939	2.179821e+00	1.229358e-01	-1.100392e+00	-5.858768e-01	7.001233e-01	
5  343.782	2.168221e+00	1.218965e-01	-1.098503e+00	-5.509620e-01	7.013434e-01	
9  343.213	2.182613e+00	1.214431e-01	-1.042003e+00	-5.447435e-01	6.942940e-01	
2  344.256	2.156093e+00	1.217550e-01	-1.015282e+00	-5.582485e-01	6.859339e-01	
7  342.952	2.176395e+00	1.226886e-01	-1.074105e+00	-5.652585e-01	6.929695e-01	
3  343.048	2.184688e+00	1.220890e-01	-1.068761e+00	-5.960662e-01	6.960257e-01	
2  343.728	2.197746e+00	1.230456e-01	-1.117992e+00	-6.009102e-01	6.998236e-01	
2  343.791	2.176353e+00	1.226816e-01	-1.153768e+00	-5.917426e-01	6.979568e-01	
3  343.973	2.166743e+00	1.237221e-01	-1.148030e+00	-6.077476e-01	7.003912e-01	
1  343.822	2.146657e+00	1.222889e-01	-1.129112e+00	-6.228834e-01	6.951356e-01	
3  344.423	2.160874e+00	1.199541e-01	-1.128520e+00	-6.753651e-01	7.087675e-01	
5  344.075	2.157360e+00	1.196336e-01	-1.136413e+00	-6.821428e-01	7.080631e-01	
4  344.016	2.129416e+00	1.189555e-01	-1.132283e+00	-6.575925e-01	7.089077e-01	
2  343.503	2.132164e+00	1.192450e-01	-1.116254e+00	-6.330174e-01	7.041994e-01	
2  344.717	2.103003e+00	1.167328e-01	-1.162884e+00	-6.287742e-01	7.145557e-01	
1  345.141	2.081396e+00	1.168363e-01	-1.146582e+00	-6.278543e-01	7.072255e-01	
1  343.935	2.065192e+00	1.186531e-01	-1.092303e+00	-5.974914e-01	7.048299e-01	
3  344.508	2.061775e+00	1.184663e-01	-1.048795e+00	-6.134284e-01	7.037623e-01	
2  343.946	2.061485e+00	1.205668e-01	-1.044252e+00	-6.590998e-01	6.946486e-01	
9  343.563	2.061537e+00	1.217721e-01	-1.091835e+00	-6.709533e-01	6.957316e-01	
1  343.951	2.052352e+00	1.192642e-01	-1.080648e+00	-6.114567e-01	7.007994e-01	
2  343.84	2.076283e+00	1.196719e-01	-1.055490e+00	-6.011721e-01	6.995999e-01	
3  344.546	2.076833e+00	1.191575e-01	-1.107344e+00	-5.927359e-01	6.987053e-01	
1  344.332	2.067062e+00	1.175774e-01	-1.057820e+00	-6.502097e-01	7.058256e-01	
1  344.961	2.045641e+00	1.171964e-01	-1.080915e+00	-6.290999e-01	7.101778e-01	
1  345.16	2.051307e+00	1.182510e-01	-1.089077e+00	-6.613095e-01	7.105378e-01	
1  344.514	2.072215e+00	1.155510e-01	-1.075548e+00	-6.622993e-01	7.089631e-01	
4  344.499	2.066057e+00	1.161756e-01	-1.055889e+00	-6.816619e-01	7.069551e-01	
1  344.645	2.120115e+00	1.155334e-01	-1.052455e+00	-6.567396e-01	7.035572e-01	
1  345.499	2.113771e+00	1.142606e-01	-1.027450e+00	-6.576989e-01	7.035767e-01	
8  345.975	2.094828e+00	1.141571e-01	-1.059323e+00	-6.234317e-01	7.047494e-01	
3  345.804	2.075431e+00	1.135171e-01	-1.035405e+00	-5.872098e-01	7.123735e-01	
2  347.293	2.077525e+00	1.126169e-01	-1.014155e+00	-5.937300e-01	7.156279e-01	
1  347.45	2.096547e+00	1.120537e-01	-1.004041e+00	-6.362853e-01	7.170642e-01	
2  346.052	2.108495e+00	1.109292e-01	-1.044156e+00	-5.830510e-01	7.128567e-01	
1  346.023	2.095675e+00	1.112857e-01	-1.036251e+00	-5.709786e-01	7.135314e-01	
2  346.044	2.088336e+00	1.141537e-01	-1.075670e+00	-5.768382e-01	7.054834e-01	
4  344.406	2.110956e+00	1.155013e-01	-1.047291e+00	-5.771071e-01	7.063443e-01	
1  345.15	2.099749e+00	1.173620e-01	-1.042932e+00	-5.528374e-01	6.969195e-01	
3  343.854	2.124588e+00	1.175771e-01	-1.048125e+00	-5.769407e-01	7.028215e-01	
2  345.125	2.110657e+00	1.198507e-01	-9.746205e-01	-6.052953e-01	6.895856e-01	
2  344.734	2.137677e+00	1.198414e-01	-1.002149e+00	-6.177232e-01	6.990870e-01	
6  343.53	2.159575e+00	1.215587e-01	-1.022294e+00	-5.891484e-01	6.939057e-01	
5  343.857	2.152986e+00	1.215423e-01	-9.987823e-01	-6.534971e-01	6.877899e-01	
1  344.766	2.153065e+00	1.242389e-01	-1.005991e+00	-6.326902e-01	6.787355e-01	
2  343.363	2.169271e+00	1.236636e-01	-1.006471e+00	-6.449370e-01	6.856430e-01	
1  344.51	2.186421e+00	1.229123e-01	-9.643965e-01	-6.070326e-01	6.873709e-01	
1  343.928	2.171754e+00	1.234229e-01	-9.786636e-01	-6.184603e-01	6.853355e-01	
1  344.655	2.201702e+00	1.231158e-01	-1.024618e+00	-6.248401e-01	6.817982e-01	
4  344.264	2.216304e+00	1.246484e-01	-9.933633e-01	-5.942349e-01	6.780053e-01	
3  343.982	2.219759e+00	1.255321e-01	-9.944129e-01	-5.790070e-01	6.843153e-01	
2  344.493	2.213664e+00	1.239697e-01	-9.536124e-01	-6.382674e-01	6.846015e-01	
6  344.829	2.234014e+00	1.228961e-01	-9.505439e-01	-6.091403e-01	6.789747e-01	
1  345.952	2.236521e+00	1.249344e-01	-9.688280e-01	-5.955484e-01	6.719859e-01	
4  344.279	2.253437e+00	1.253704e-01	-9.547833e-01	-6.179704e-01	6.768952e-01	
1  344.348	2.253231e+00	1.269768e-01	-9.691526e-01	-6.021493e-01	6.731739e-01	
3  344.149	2.248062e+00	1.285020e-01	-9.742654e-01	-6.222256e-01	6.740260e-01	
1  344.412	2.223993e+00	1.328701e-01	-1.003970e+00	-5.880812e-01	6.665879e-01	
2  345.174	2.221673e+00	1.319796e-01	-9.867665e-01	-6.400744e-01	6.730346e-01	
3  344.296	2.231598e+00	1.308677e-01	-9.923914e-01	-6.620848e-01	6.734136e-01	
5  344.534	2.253075e+00	1.273086e-01	-9.668082e-01	-6.691803e-01	6.801935e-01	
5  343.779	2.277644e+00	1.259221e-01	-1.000540e+00	-6.173043e-01	6.836311e-01	
3  344.844	2.284356e+00	1.242070e-01	-9.344826e-01	-6.011333e-01	6.763060e-01	
1  345.173	2.275590e+00	1.233417e-01	-9.347631e-01	-6.087116e-01	6.850113e-01	
16  344.384	2.247643e+00	1.244978e-01	-9.463597e-01	-6.250637e-01	6.784252e-01	
1  344.653	2.238996e+00	1.234947e-01	-9.393408e-01	-6.120030e-01	6.795986e-01	
6  347.068	2.229591e+00	1.224554e-01	-9.914259e-01	-6.667668e-01	6.768470e-01	
4  343.035	2.217955e+00	1.241750e-01	-1.055187e+00	-6.553513e-01	6.906334e-01	
5  343.056	2.215302e+00	1.208175e-01	-1.060156e+00	-6.506612e-01	6.984398e-01	
2  343.047	2.215558e+00	1.214465e-01	-1.064453e+00	-6.655590e-01	6.942867e-01	
1  343.494	2.209453e+00	1.209921e-01	-1.098203e+00	-5.835793e-01	7.020987e-01	
1  343.362	2.200353e+00	1.215654e-01	-1.096055e+00	-6.058203e-01	7.004616e-01	
5  343.194	2.208856e+00	1.216999e-01	-1.035197e+00	-5.865011e-01	6.901612e-01	
2  343.188	2.197858e+00	1.208985e-01	-1.080374e+00	-5.876027e-01	6.949777e-01	
2  343.149	2.179800e+00	1.232075e-01	-1.111177e+00	-5.647983e-01	6.934984e-01	
2  343.181	2.172266e+00	1.230910e-01	-1.040812e+00	-5.649967e-01	6.883138e-01	
2  343.069	2.180050e+00	1.206548e-01	-1.090077e+00	-5.873442e-01	6.995768e-01	
11  343.444	2.158334e+00	1.192035e-01	-1.089403e+00	-6.034689e-01	7.045223e-01	
8  343.242	2.170609e+00	1.187596e-01	-1.092725e+00	-6.041190e-01	7.026835e-01	
1  343.742	2.188478e+00	1.176324e-01	-1.019255e+00	-5.422351e-01	6.998190e-01	
1  343.179	2.202529e+00	1.180261e-01	-1.100825e+00	-4.944386e-01	7.033733e-01	
4  343.933	2.203627e+00	1.172411e-01	-1.136652e+00	-4.966287e-01	7.047228e-01	
1  346.587	2.200771e+00	1.167531e-01	-1.134962e+00	-4.444672e-01	7.177220e-01	
1  345.942	2.175896e+00	1.155234e-01	-1.130839e+00	-3.777056e-01	7.179865e-01	
3  346.265	2.199541e+00	1.147010e-01	-1.106085e+00	-3.779527e-01	7.183242e-01	
3  344.166	2.205101e+00	1.144192e-01	-1.166755e+00	-3.802721e-01	7.127944e-01	
2  343.426	2.201099e+00	1.184658e-01	-1.155598e+00	-3.353589e-01	7.039087e-01	
5  343.324	2.223054e+00	1.185120e-01	-1.138935e+00	-3.271704e-01	7.018474e-01	
2  343.353	2.203656e+00	1.192376e-01	-1.074100e+00	-3.361493e-01	6.983481e-01	
2  345.32	2.171656e+00	1.222405e-01	-1.079366e+00	-3.922584e-01	6.843471e-01	
1  345.702	2.165894e+00	1.209652e-01	-1.080971e+00	-3.551254e-01	6.863903e-01	
2  346.928	2.142746e+00	1.210014e-01	-1.121670e+00	-3.436837e-01	6.873254e-01	
3  343.449	2.118668e+00	1.217971e-01	-1.102021e+00	-3.355901e-01	6.933979e-01	
1  344.231	2.130061e+00	1.194085e-01	-1.069157e+00	-2.963765e-01	6.949873e-01	
7  346.206	2.116451e+00	1.192796e-01	-1.013882e+00	-2.869382e-01	6.961352e-01	
5  346.174	2.116293e+00	1.177000e-01	-1.046255e+00	-3.238389e-01	6.928510e-01	
2  346.974	2.114796e+00	1.164318e-01	-1.030145e+00	-2.920573e-01	6.942279e-01	
1  346.477	2.143384e+00	1.132279e-01	-1.052881e+00	-2.695695e-01	7.032886e-01	
5  348.355	2.156006e+00	1.116575e-01	-1.028560e+00	-2.609975e-01	7.023790e-01	
2  346.411	2.173609e+00	1.118124e-01	-1.055110e+00	-2.314587e-01	7.061345e-01	
6  345.557	2.180336e+00	1.135986e-01	-1.057532e+00	-2.090126e-01	7.035494e-01	
2  344.53	2.190329e+00	1.138112e-01	-1.094385e+00	-1.482094e-01	7.109079e-01	
11  344.691	2.193839e+00	1.123775e-01	-1.092681e+00	-1.612539e-01	7.105888e-01	
5  345.304	2.186066e+00	1.127928e-01	-1.113732e+00	-1.237212e-01	7.173828e-01	
1  344.419	2.182601e+00	1.118901e-01	-1.141782e+00	-1.776020e-01	7.160674e-01	
2  345.45	2.146030e+00	1.140374e-01	-1.162371e+00	-1.666691e-01	7.193085e-01	
2  345.517	2.145847e+00	1.145405e-01	-1.155972e+00	-2.073120e-01	7.185217e-01	
2  345.702	2.125780e+00	1.119507e-01	-1.157082e+00	-2.115254e-01	7.138756e-01	
1  345.428	2.097108e+00	1.149418e-01	-1.218856e+00	-2.114103e-01	7.126708e-01	
1  346.014	2.123020e+00	1.145872e-01	-1.207153e+00	-2.009353e-01	7.222425e-01	
3  345.206	2.143038e+00	1.129054e-01	-1.195319e+00	-1.757562e-01	7.221545e-01	
9  345.191	2.127759e+00	1.120445e-01	-1.180699e+00	-2.302298e-01	7.217905e-01	
4  346.607	2.117812e+00	1.109391e-01	-1.240583e+00	-1.555996e-01	7.296930e-01	
1  346.24	2.102678e+00	1.120079e-01	-1.251110e+00	-1.770537e-01	7.219015e-01	
3  346.65	2.079490e+00	1.132914e-01	-1.290872e+00	-1.297493e-01	7.221050e-01	
1  345.722	2.080035e+00	1.131484e-01	-1.256588e+00	-1.046140e-01	7.234391e-01	
1  346.552	2.070230e+00	1.147526e-01	-1.300657e+00	-1.335350e-01	7.241730e-01	
1  346.46	2.063796e+00	1.131172e-01	-1.234027e+00	-1.277927e-01	7.162703e-01	
1  346.498	2.068792e+00	1.147746e-01	-1.188555e+00	-1.956191e-01	7.210679e-01	
1  347.063	2.100673e+00	1.161213e-01	-1.186453e+00	-2.243098e-01	7.031260e-01	
1  345.2	2.082580e+00	1.144985e-01	-1.180185e+00	-2.344165e-01	7.119390e-01	
9  344.787	2.088203e+00	1.146912e-01	-1.135589e+00	-2.721589e-01	7.113950e-01	
2  345.217	2.105081e+00	1.149414e-01	-1.102599e+00	-3.076857e-01	7.126716e-01	
7  345.759	2.120036e+00	1.131889e-01	-1.132167e+00	-3.169699e-01	7.199458e-01	
1  346.118	2.134683e+00	1.150552e-01	-1.164824e+00	-3.624548e-01	7.064529e-01	
1  345.904	2.127888e+00	1.150103e-01	-1.235356e+00	-3.512195e-01	7.148461e-01	
5  345.62	2.129671e+00	1.176192e-01	-1.249427e+00	-3.161151e-01	7.102261e-01	
2  345.377	2.109980e+00	1.196786e-01	-1.210784e+00	-3.261201e-01	7.133972e-01	
5  344.09	2.099178e+00	1.195995e-01	-1.181089e+00	-3.188450e-01	7.021761e-01	
3  343.565	2.119838e+00	1.202334e-01	-1.148837e+00	-3.391608e-01	6.995186e-01	
1  343.927	2.118792e+00	1.178349e-01	-1.156083e+00	-4.019903e-01	7.098039e-01	
3  344.318	2.118868e+00	1.205072e-01	-1.146150e+00	-3.641149e-01	7.065491e-01	
3  345.618	2.138744e+00	1.189949e-01	-1.178608e+00	-3.720846e-01	7.139829e-01	
2  345.429	2.130421e+00	1.215278e-01	-1.216192e+00	-3.918098e-01	7.105376e-01	
1  345.675	2.145986e+00	1.179499e-01	-1.241156e+00	-3.853522e-01	7.095005e-01	
2  345.557	2.169909e+00	1.181153e-01	-1.227996e+00	-4.260917e-01	7.083706e-01	
1  345.013	2.141004e+00	1.179464e-01	-1.164336e+00	-4.074777e-01	7.140688e-01	
1  344.64	2.118931e+00	1.154692e-01	-1.146782e+00	-4.088568e-01	7.085023e-01	
3  344.026	2.117184e+00	1.166153e-01	-1.115784e+00	-4.554130e-01	7.099114e-01	
3  344.09	2.119530e+00	1.156869e-01	-1.128667e+00	-4.084656e-01	7.109692e-01	
7  343.821	2.125887e+00	1.182979e-01	-1.100910e+00	-4.187181e-01	7.003949e-01	
1  344.505	2.120257e+00	1.188600e-01	-1.079909e+00	-4.128355e-01	7.048800e-01	
1  344.731	2.099172e+00	1.220412e-01	-1.064882e+00	-4.272224e-01	6.983624e-01	
5  344.138	2.081918e+00	1.210125e-01	-1.040250e+00	-4.877096e-01	6.940678e-01	
2  345.301	2.064900e+00	1.213680e-01	-1.030690e+00	-4.383709e-01	6.873053e-01	
4  346.204	2.061518e+00	1.239426e-01	-9.883817e-01	-4.399088e-01	6.786153e-01	
1  347.776	2.050157e+00	1.251336e-01	-9.898455e-01	-4.199268e-01	6.882195e-01	
1  347.635	2.036908e+00	1.278838e-01	-9.364494e-01	-4.666059e-01	6.710959e-01	
1  346.916	2.060656e+00	1.285556e-01	-9.529065e-01	-4.304105e-01	6.712923e-01	
2  345.611	2.047978e+00	1.266154e-01	-9.999811e-01	-4.061355e-01	6.752976e-01	
4  346.234	2.032372e+00	1.258953e-01	-1.046764e+00	-3.790877e-01	6.904922e-01	
2  344.75	2.024570e+00	1.268993e-01	-1.054724e+00	-3.643942e-01	6.774394e-01	
2  345.324	2.015526e+00	1.252408e-01	-1.033684e+00	-3.954396e-01	6.799130e-01	
1  345.198	2.010324e+00	1.268450e-01	-1.038553e+00	-4.588687e-01	6.864979e-01	
3  343.989	2.005035e+00	1.284982e-01	-1.076656e+00	-4.054385e-01	6.832392e-01	
5  344.49	2.011281e+00	1.297439e-01	-1.043880e+00	-4.034350e-01	6.724461e-01	
1  344.513	2.015299e+00	1.288968e-01	-1.048343e+00	-3.753609e-01	6.790211e-01	
1  344.511	2.040423e+00	1.318694e-01	-1.069339e+00	-3.694746e-01	6.772651e-01	
1  343.248	2.039828e+00	1.295291e-01	-1.105921e+00	-3.807017e-01	6.811953e-01	
1  346.259	2.038758e+00	1.277784e-01	-1.120103e+00	-4.203739e-01	6.748696e-01	
1  343.355	2.047659e+00	1.274653e-01	-1.093762e+00	-3.859638e-01	6.840426e-01	
1  343.427	2.019925e+00	1.280583e-01	-1.109161e+00	-3.780615e-01	6.853787e-01	
3  343.083	2.033941e+00	1.295676e-01	-1.137530e+00	-4.879392e-01	6.822168e-01	
2  343.806	2.007930e+00	1.277564e-01	-1.137000e+00	-4.993046e-01	6.827673e-01	
1  343.026	2.041811e+00	1.278712e-01	-1.125998e+00	-4.900058e-01	6.865638e-01	
1  343.703	2.050491e+00	1.282676e-01	-1.172217e+00	-5.323426e-01	6.862057e-01	
1  343.959	2.042765e+00	1.287008e-01	-1.161338e+00	-5.668129e-01	6.834100e-01	
4  343.406	2.034579e+00	1.298779e-01	-1.174128e+00	-5.493574e-01	6.865448e-01	
1  343.111	2.011059e+00	1.294610e-01	-1.140050e+00	-5.923896e-01	6.860611e-01	
1  345.146	2.003827e+00	1.279554e-01	-1.150313e+00	-6.071164e-01	6.970288e-01	
4  344.369	2.029568e+00	1.249561e-01	-1.117254e+00	-6.243105e-01	6.989444e-01	
2  343.219	2.028318e+00	1.267176e-01	-1.129664e+00	-6.144529e-01	6.917238e-01	
1  343.289	2.022010e+00	1.253443e-01	-1.135516e+00	-5.940949e-01	6.932378e-01	
2  343.383	2.039581e+00	1.234013e-01	-1.126699e+00	-5.810577e-01	6.958577e-01	
2  343.88	2.017280e+00	1.220805e-01	-1.141659e+00	-6.464306e-01	6.997466e-01	
2  343.508	2.027073e+00	1.225496e-01	-1.106875e+00	-6.272911e-01	6.970970e-01	
4  343.926	2.023247e+00	1.236983e-01	-1.131007e+00	-6.556918e-01	6.933307e-01	
6  343.833	2.050520e+00	1.251973e-01	-1.102958e+00	-7.401224e-01	6.970539e-01	
1  343.137	2.051976e+00	1.258369e-01	-1.069243e+00	-6.689900e-01	6.892794e-01	
1  344.311	2.049385e+00	1.265322e-01	-1.052662e+00	-6.559750e-01	6.910950e-01	
4  343.222	2.043815e+00	1.280019e-01	-1.129741e+00	-6.281611e-01	6.896508e-01	
1  343.193	2.053307e+00	1.280706e-01	-1.117112e+00	-6.046839e-01	6.838654e-01	
1  344.256	2.035443e+00	1.287514e-01	-1.128585e+00	-5.966128e-01	6.794025e-01	
1  344.244	2.032048e+00	1.288044e-01	-1.118089e+00	-6.188155e-01	6.786478e-01	
1  343.507	2.001991e+00	1.290993e-01	-1.066294e+00	-6.480004e-01	6.843152e-01	
1  343.529	1.992704e+00	1.299291e-01	-1.033855e+00	-6.715498e-01	6.780075e-01	
2  344.842	1.983791e+00	1.267398e-01	-9.907041e-01	-6.549536e-01	6.806209e-01	
7  343.679	1.997958e+00	1.261534e-01	-1.043058e+00	-6.646685e-01	6.868058e-01	
2  343.385	1.989106e+00	1.276885e-01	-1.057402e+00	-6.581479e-01	6.826137e-01	
10  343.077	2.016480e+00	1.277226e-01	-1.091435e+00	-6.025960e-01	6.853160e-01	
2  343.323	2.020952e+00	1.290723e-01	-1.047981e+00	-6.229060e-01	6.795384e-01	
1  343.953	2.040161e+00	1.269568e-01	-1.059138e+00	-5.974120e-01	6.791966e-01	
2  343.477	2.036137e+00	1.289927e-01	-1.056643e+00	-5.716031e-01	6.819212e-01	
3  344.524	2.042852e+00	1.282213e-01	-9.908993e-01	-5.950394e-01	6.743142e-01	
1  344.774	2.044040e+00	1.294795e-01	-9.780425e-01	-5.991000e-01	6.713701e-01	
1  346.739	2.003209e+00	1.318769e-01	-9.536970e-01	-6.249291e-01	6.591539e-01	
2  345.573	1.997405e+00	1.343556e-01	-1.047738e+00	-6.388687e-01	6.592130e-01	
2  345.929	1.996008e+00	1.326798e-01	-1.051140e+00	-6.582277e-01	6.623417e-01	
1  343.635	1.964723e+00	1.347379e-01	-1.054912e+00	-5.940837e-01	6.700013e-01	
4  343.282	1.983735e+00	1.351571e-01	-1.086386e+00	-6.329784e-01	6.723757e-01	
1  343.665	1.964790e+00	1.347546e-01	-1.108648e+00	-6.169300e-01	6.771251e-01	
1  343.275	1.963637e+00	1.357736e-01	-1.121038e+00	-7.005935e-01	6.747305e-01	
5  343.317	1.937220e+00	1.336175e-01	-1.160566e+00	-7.167551e-01	6.796556e-01	
1  343.219	1.930116e+00	1.350137e-01	-1.148162e+00	-6.910013e-01	6.775238e-01	
2  344.726	1.920542e+00	1.344704e-01	-1.139282e+00	-6.722843e-01	6.836604e-01	
3  343.16	1.917848e+00	1.325302e-01	-1.155498e+00	-6.419125e-01	6.811352e-01	
1  344.213	1.914961e+00	1.312308e-01	-1.145241e+00	-6.126837e-01	6.765074e-01	
5  343.466	1.926256e+00	1.319090e-01	-1.161494e+00	-6.000237e-01	6.790988e-01	
2  344.14	1.947716e+00	1.330195e-01	-1.176036e+00	-6.486757e-01	6.763997e-01	
1  344.167	1.949448e+00	1.329788e-01	-1.222052e+00	-6.175912e-01	6.833685e-01	
1  343.648	1.966306e+00	1.319903e-01	-1.163715e+00	-6.599975e-01	6.793656e-01	
8  343.493	1.951788e+00	1.335156e-01	-1.134712e+00	-6.641568e-01	6.814251e-01	
1  343.762	1.926473e+00	1.337654e-01	-1.181357e+00	-6.810447e-01	6.838779e-01	
6  342.992	1.941020e+00	1.336419e-01	-1.113129e+00	-6.831609e-01	6.749082e-01	
3  342.999	1.930152e+00	1.354653e-01	-1.097804e+00	-7.369749e-01	6.723173e-01	
5  343.558	1.939626e+00	1.374206e-01	-1.114715e+00	-8.203199e-01	6.656986e-01	
2  344.537	1.931974e+00	1.365580e-01	-1.122089e+00	-7.977623e-01	6.787912e-01	
4  343.915	1.931224e+00	1.375218e-01	-1.182365e+00	-7.378892e-01	6.713987e-01	
3  344.941	1.967068e+00	1.362554e-01	-1.188630e+00	-6.848570e-01	6.822824e-01	
1  345.087	1.962945e+00	1.367702e-01	-1.223590e+00	-7.112322e-01	6.746805e-01	
6  343.703	1.975183e+00	1.363308e-01	-1.155899e+00	-6.652779e-01	6.765784e-01	
1  343.462	1.997095e+00	1.353566e-01	-1.091593e+00	-6.796358e-01	6.739541e-01	
3  342.977	2.021289e+00	1.319998e-01	-1.092661e+00	-6.807478e-01	6.774639e-01	
2  343.585	2.005466e+00	1.354087e-01	-1.124136e+00	-7.248981e-01	6.764650e-01	
3  344.054	1.981573e+00	1.378553e-01	-1.175911e+00	-7.231923e-01	6.731736e-01	
6  347.492	1.967287e+00	1.385178e-01	-1.200761e+00	-7.741983e-01	6.834067e-01	
4  347.002	1.969965e+00	1.360823e-01	-1.211337e+00	-8.138743e-01	6.709679e-01	
1  344.342	1.966794e+00	1.348412e-01	-1.177447e+00	-8.590597e-01	6.780991e-01	
2  344.121	1.972945e+00	1.326506e-01	-1.154936e+00	-8.483233e-01	6.789235e-01	
1  344.631	1.969053e+00	1.324199e-01	-1.188359e+00	-8.524821e-01	6.881565e-01	
1  345.611	1.957272e+00	1.315848e-01	-1.177250e+00	-8.627619e-01	6.934791e-01	
3  344.351	1.921889e+00	1.292157e-01	-1.155356e+00	-8.447750e-01	6.853887e-01	
3  344.888	1.932504e+00	1.305799e-01	-1.138289e+00	-8.906226e-01	6.793307e-01	
2  344.091	1.937000e+00	1.326969e-01	-1.128411e+00	-9.380233e-01	6.861722e-01	
3  343.48	1.922173e+00	1.333520e-01	-1.101969e+00	-9.543161e-01	6.817457e-01	
5  343.04	1.931132e+00	1.350522e-01	-1.083512e+00	-9.623295e-01	6.731360e-01	
3  343.336	1.933700e+00	1.370919e-01	-1.101368e+00	-9.799430e-01	6.722498e-01	
2  343.452	1.933656e+00	1.377763e-01	-1.099508e+00	-1.005110e+00	6.714193e-01	
4  343.267	1.911455e+00	1.367605e-01	-1.106407e+00	-9.842927e-01	6.732358e-01	
5  343.852	1.905348e+00	1.360057e-01	-1.081207e+00	-1.005268e+00	6.772339e-01	
2  343.463	1.887971e+00	1.375087e-01	-1.100026e+00	-9.235580e-01	6.733590e-01	
1  343.265	1.879608e+00	1.370485e-01	-1.080691e+00	-9.590910e-01	6.658679e-01	
4  343.229	1.864678e+00	1.350857e-01	-1.100691e+00	-9.770729e-01	6.728048e-01	
6  343.181	1.857375e+00	1.337095e-01	-1.093209e+00	-9.673902e-01	6.759296e-01	
2  343.686	1.865258e+00	1.318090e-01	-1.145006e+00	-9.456615e-01	6.847619e-01	
4  343.909	1.866137e+00	1.318261e-01	-1.108855e+00	-9.291791e-01	6.773150e-01	
1  344.127	1.883128e+00	1.307750e-01	-1.094866e+00	-8.976372e-01	6.771863e-01	
1  344.266	1.867352e+00	1.310989e-01	-1.120805e+00	-8.995030e-01	6.785997e-01	
1  346.751	1.859025e+00	1.293922e-01	-1.136199e+00	-8.622666e-01	6.782118e-01	
1  345.917	1.854286e+00	1.310905e-01	-1.076346e+00	-8.325489e-01	6.889754e-01	
2  344.366	1.843877e+00	1.309455e-01	-1.034545e+00	-8.019220e-01	6.740642e-01	
1  344.509	1.846435e+00	1.312398e-01	-1.056021e+00	-8.352071e-01	6.727050e-01	
1  344.089	1.838230e+00	1.302411e-01	-1.051854e+00	-8.527489e-01	6.777031e-01	
4  344.297	1.824716e+00	1.286347e-01	-1.088024e+00	-8.541246e-01	6.833995e-01	
1  344.604	1.828228e+00	1.284644e-01	-1.062860e+00	-8.240630e-01	6.874821e-01	
1  345.994	1.813613e+00	1.303849e-01	-1.038760e+00	-7.774469e-01	6.710687e-01	
1  344.975	1.804239e+00	1.323178e-01	-1.009345e+00	-8.143138e-01	6.721622e-01	
2  345.498	1.797377e+00	1.323745e-01	-1.002378e+00	-8.338783e-01	6.750236e-01	
2  346.8	1.780593e+00	1.344614e-01	-9.946953e-01	-7.710228e-01	6.721081e-01	
1  344.697	1.784265e+00	1.362870e-01	-1.013979e+00	-7.987743e-01	6.629558e-01	
1  344.005	1.791893e+00	1.363616e-01	-1.050723e+00	-7.765087e-01	6.684923e-01	
2  344.715	1.799275e+00	1.374168e-01	-1.065321e+00	-7.221382e-01	6.709238e-01	
3  343.838	1.796659e+00	1.384147e-01	-1.121135e+00	-6.362067e-01	6.710739e-01	
3  343.26	1.777066e+00	1.405660e-01	-1.129906e+00	-6.368865e-01	6.606346e-01	
2  343.609	1.779467e+00	1.396203e-01	-1.128107e+00	-6.079124e-01	6.677297e-01	
3  344.864	1.788635e+00	1.416796e-01	-1.116116e+00	-5.892740e-01	6.662472e-01	
1  343.727	1.793653e+00	1.434148e-01	-1.161389e+00	-5.994430e-01	6.538068e-01	
3  343.765	1.806514e+00	1.431753e-01	-1.146071e+00	-6.548636e-01	6.637155e-01	
1  346.24	1.814545e+00	1.410843e-01	-1.167075e+00	-6.966118e-01	6.758416e-01	
2  343.811	1.829853e+00	1.397205e-01	-1.199953e+00	-7.180362e-01	6.739862e-01	
3  345.187	1.834879e+00	1.384274e-01	-1.212404e+00	-7.233670e-01	6.668739e-01	
2  344.999	1.814436e+00	1.396231e-01	-1.268774e+00	-7.187637e-01	6.735457e-01	
3  344.556	1.831994e+00	1.389408e-01	-1.243994e+00	-7.107823e-01	6.724084e-01	
4  344.208	1.821342e+00	1.392130e-01	-1.240498e+00	-6.957013e-01	6.764450e-01	
1  344.796	1.807328e+00	1.385678e-01	-1.257480e+00	-7.205609e-01	6.804929e-01	
1  343.515	1.804999e+00	1.370400e-01	-1.195328e+00	-7.123655e-01	6.774108e-01	
1  343.652	1.796131e+00	1.365306e-01	-1.208773e+00	-6.793571e-01	6.757844e-01	
2  345.397	1.787581e+00	1.360353e-01	-1.177550e+00	-6.563944e-01	6.671513e-01	
5  344.77	1.801597e+00	1.381852e-01	-1.234614e+00	-6.702553e-01	6.701621e-01	
1  344.62	1.816859e+00	1.368318e-01	-1.264840e+00	-6.734548e-01	6.813582e-01	
11  345.19	1.812206e+00	1.380044e-01	-1.283172e+00	-6.804750e-01	6.778100e-01	
1  345.027	1.796923e+00	1.359190e-01	-1.249765e+00	-6.867998e-01	6.867546e-01	
2  345.501	1.788801e+00	1.352707e-01	-1.268272e+00	-6.700785e-01	6.895041e-01	
1  344.22	1.787527e+00	1.364035e-01	-1.213016e+00	-6.268353e-01	6.726214e-01	
3  344.106	1.786820e+00	1.386942e-01	-1.232506e+00	-6.120409e-01	6.783639e-01	
1  345.15	1.773890e+00	1.403324e-01	-1.209587e+00	-5.847422e-01	6.771545e-01	
3  343.238	1.778445e+00	1.408091e-01	-1.204531e+00	-6.053014e-01	6.673421e-01	
1  344.373	1.778716e+00	1.396231e-01	-1.233839e+00	-5.965880e-01	6.667560e-01	
2  344.692	1.783821e+00	1.380457e-01	-1.245538e+00	-6.311329e-01	6.713494e-01	
5  343.64	1.765207e+00	1.399408e-01	-1.233743e+00	-6.305909e-01	6.731437e-01	
1  343.663	1.752172e+00	1.389958e-01	-1.109177e+00	-6.235208e-01	6.626200e-01	
6  344.476	1.743960e+00	1.385918e-01	-1.106684e+00	-5.724871e-01	6.686488e-01	
12  343.624	1.756358e+00	1.366812e-01	-1.150244e+00	-5.306479e-01	6.701726e-01	
3  343.86	1.798208e+00	1.364772e-01	-1.184036e+00	-5.124177e-01	6.785348e-01	
3  343.571	1.788513e+00	1.350564e-01	-1.208654e+00	-4.390988e-01	6.793484e-01	
1  345.221	1.789490e+00	1.329856e-01	-1.192588e+00	-4.434049e-01	6.881278e-01	
1  344.488	1.782500e+00	1.312497e-01	-1.211499e+00	-4.441805e-01	6.826951e-01	
3  343.943	1.792536e+00	1.320264e-01	-1.211043e+00	-4.834644e-01	6.858742e-01	
1  343.645	1.798820e+00	1.339021e-01	-1.163926e+00	-4.757146e-01	6.784771e-01	
4  344.627	1.822135e+00	1.325426e-01	-1.194277e+00	-4.728180e-01	6.763691e-01	
2  345.717	1.818763e+00	1.318764e-01	-1.199329e+00	-4.251715e-01	6.753378e-01	
1  344.752	1.804676e+00	1.317354e-01	-1.164371e+00	-4.400491e-01	6.760875e-01	
1  345.648	1.810193e+00	1.319678e-01	-1.114854e+00	-4.605097e-01	6.704100e-01	
4  344.013	1.813460e+00	1.339661e-01	-1.178506e+00	-4.974288e-01	6.829826e-01	
4  343.892	1.817192e+00	1.361334e-01	-1.187943e+00	-4.383269e-01	6.788559e-01	
6  343.893	1.788382e+00	1.375229e-01	-1.216599e+00	-4.397517e-01	6.780726e-01	
4  343.98	1.837935e+00	1.363270e-01	-1.259625e+00	-4.270785e-01	6.765720e-01	
1  345.203	1.830755e+00	1.368869e-01	-1.187043e+00	-3.903297e-01	6.803864e-01	
2  345.543	1.830743e+00	1.372444e-01	-1.192989e+00	-3.487798e-01	6.803379e-01	
1  344.433	1.806735e+00	1.374303e-01	-1.304754e+00	-3.617982e-01	6.816059e-01	
2  345.684	1.796375e+00	1.366206e-01	-1.284649e+00	-3.042761e-01	6.712227e-01	
3  345.522	1.815413e+00	1.368586e-01	-1.324754e+00	-3.593440e-01	6.773216e-01	
1  344.811	1.854059e+00	1.373160e-01	-1.312686e+00	-3.788809e-01	6.818968e-01	
2  345.303	1.889606e+00	1.393939e-01	-1.311851e+00	-4.137446e-01	6.785294e-01	
2  345.534	1.880099e+00	1.411944e-01	-1.314315e+00	-4.051648e-01	6.698696e-01	
1  344.932	1.886155e+00	1.393611e-01	-1.302954e+00	-4.059657e-01	6.747534e-01	
1  344.768	1.903314e+00	1.394922e-01	-1.284183e+00	-4.152750e-01	6.720207e-01	
3  344.379	1.913204e+00	1.415384e-01	-1.261679e+00	-4.090982e-01	6.684605e-01	
1  344.476	1.907464e+00	1.409010e-01	-1.228677e+00	-4.126598e-01	6.618357e-01	
1  343.569	1.916664e+00	1.410731e-01	-1.208896e+00	-3.891292e-01	6.648075e-01	
2  344.284	1.946094e+00	1.418751e-01	-1.213322e+00	-3.707321e-01	6.595941e-01	
2  344.475	1.934795e+00	1.415557e-01	-1.209815e+00	-3.065990e-01	6.575952e-01	
1  344.14	1.959658e+00	1.409440e-01	-1.153787e+00	-2.890237e-01	6.637015e-01	
3  344.911	1.949320e+00	1.423073e-01	-1.175442e+00	-3.387109e-01	6.658845e-01	
1  344.805	1.937224e+00	1.430123e-01	-1.203365e+00	-3.851373e-01	6.664044e-01	
1  344.329	1.933650e+00	1.437148e-01	-1.234251e+00	-3.698628e-01	6.604836e-01	
1  345.146	1.923647e+00	1.461162e-01	-1.243741e+00	-4.065688e-01	6.611956e-01	
2  344.878	1.921452e+00	1.468645e-01	-1.244765e+00	-3.221234e-01	6.533573e-01	
3  345.098	1.894782e+00	1.455795e-01	-1.263169e+00	-3.486110e-01	6.642786e-01	
2  344.148	1.895428e+00	1.445008e-01	-1.242585e+00	-3.256070e-01	6.616750e-01	
1  344.067	1.902842e+00	1.438905e-01	-1.242626e+00	-2.904977e-01	6.594913e-01	
1  345.521	1.889758e+00	1.434886e-01	-1.237100e+00	-2.996020e-01	6.531166e-01	
1  344.19	1.902418e+00	1.445206e-01	-1.234839e+00	-2.696982e-01	6.560573e-01	
2  343.75	1.905840e+00	1.422413e-01	-1.231635e+00	-2.818247e-01	6.622221e-01	
6  344.566	1.942777e+00	1.443359e-01	-1.222646e+00	-2.804694e-01	6.546250e-01	
2  344.709	1.943003e+00	1.427518e-01	-1.229111e+00	-2.697395e-01	6.567228e-01	
1  344.068	1.926033e+00	1.439853e-01	-1.229802e+00	-2.209679e-01	6.596352e-01	
1  344.552	1.918292e+00	1.440563e-01	-1.245476e+00	-2.214917e-01	6.641511e-01	
1  344.878	1.903933e+00	1.438917e-01	-1.307375e+00	-1.853787e-01	6.662348e-01	
1  345.504	1.906555e+00	1.438169e-01	-1.246154e+00	-1.939946e-01	6.680248e-01	
2  344.92	1.913844e+00	1.434524e-01	-1.291794e+00	-2.116134e-01	6.681647e-01	
1  345.078	1.910874e+00	1.418388e-01	-1.317423e+00	-2.373561e-01	6.690282e-01	
5  345.03	1.913616e+00	1.413670e-01	-1.279620e+00	-2.168194e-01	6.625226e-01	
1  343.712	1.902779e+00	1.411036e-01	-1.242297e+00	-2.446584e-01	6.676323e-01	
1  343.862	1.897874e+00	1.405399e-01	-1.249687e+00	-2.079437e-01	6.644497e-01	
3  344.814	1.866821e+00	1.399582e-01	-1.263112e+00	-2.394169e-01	6.632872e-01	
1  344.416	1.876232e+00	1.425175e-01	-1.237431e+00	-2.368489e-01	6.683919e-01	
2  344.014	1.863952e+00	1.432977e-01	-1.200226e+00	-1.766518e-01	6.613896e-01	
2  344.412	1.844403e+00	1.445154e-01	-1.276352e+00	-1.173368e-01	6.564793e-01	
1  344.459	1.839173e+00	1.442636e-01	-1.299946e+00	-7.980636e-02	6.599385e-01	
3  343.976	1.825543e+00	1.455575e-01	-1.277028e+00	-1.093236e-01	6.575557e-01	
4  344.099	1.823882e+00	1.463431e-01	-1.284441e+00	-1.478928e-01	6.595515e-01	
1  343.776	1.834365e+00	1.444916e-01	-1.254924e+00	-1.269892e-01	6.607765e-01	
2  344.113	1.830774e+00	1.457590e-01	-1.218870e+00	-1.009435e-01	6.565260e-01	
1  345.104	1.829802e+00	1.479143e-01	-1.162294e+00	-1.183270e-01	6.485378e-01	
6  344.207	1.826952e+00	1.483135e-01	-1.202376e+00	-1.521938e-01	6.483262e-01	
1  344.325	1.791452e+00	1.481506e-01	-1.251798e+00	-1.658032e-01	6.473124e-01	
4  343.776	1.781453e+00	1.458130e-01	-1.233559e+00	-1.096964e-01	6.531279e-01	
2  343.979	1.783363e+00	1.460314e-01	-1.246574e+00	-8.718791e-02	6.584947e-01	
3  344.008	1.797262e+00	1.436316e-01	-1.273363e+00	-6.559643e-02	6.591313e-01	
5  344.085	1.810999e+00	1.440725e-01	-1.266521e+00	-6.956926e-02	6.646944e-01	
1  347.491	1.797949e+00	1.442957e-01	-1.325621e+00	-7.279279e-02	6.762157e-01	
13  344.022	1.785909e+00	1.430190e-01	-1.320195e+00	-7.183273e-02	6.674853e-01	
2  344.322	1.780763e+00	1.426958e-01	-1.302092e+00	-1.405245e-01	6.620665e-01	
1  346.465	1.824266e+00	1.419596e-01	-1.296710e+00	-1.680742e-01	6.578891e-01	
1  344.045	1.799946e+00	1.446532e-01	-1.215192e+00	-1.326088e-01	6.519444e-01	
1  343.531	1.791866e+00	1.435415e-01	-1.221380e+00	-1.836344e-01	6.576046e-01	
1  344.068	1.766060e+00	1.410134e-01	-1.192780e+00	-2.422330e-01	6.581699e-01	
2  344.096	1.743987e+00	1.416558e-01	-1.169160e+00	-2.288267e-01	6.598386e-01	
4  344.167	1.743242e+00	1.420654e-01	-1.193150e+00	-2.096304e-01	6.560991e-01	
5  344.224	1.754404e+00	1.410933e-01	-1.160751e+00	-2.193192e-01	6.588496e-01	
3  344.105	1.745014e+00	1.400669e-01	-1.192255e+00	-2.579930e-01	6.683513e-01	
1  344.419	1.735284e+00	1.403517e-01	-1.175351e+00	-2.303270e-01	6.588169e-01	
2  345.859	1.727074e+00	1.390252e-01	-1.171852e+00	-1.826321e-01	6.571776e-01	
1  346.002	1.726111e+00	1.369137e-01	-1.212669e+00	-1.718987e-01	6.637374e-01	
8  344.075	1.704087e+00	1.371600e-01	-1.261966e+00	-1.815684e-01	6.750762e-01	
1  344.204	1.693143e+00	1.398691e-01	-1.254999e+00	-2.139793e-01	6.735017e-01	
1  343.976	1.674258e+00	1.416377e-01	-1.274386e+00	-1.285467e-01	6.641656e-01	
1  343.658	1.669024e+00	1.452371e-01	-1.252544e+00	-1.684351e-01	6.571713e-01	
4  344.045	1.639962e+00	1.449895e-01	-1.237984e+00	-1.657093e-01	6.551416e-01	
2  344.042	1.624591e+00	1.438089e-01	-1.256797e+00	-1.906598e-01	6.593540e-01	
4  344.135	1.609503e+00	1.457335e-01	-1.231867e+00	-1.987268e-01	6.567431e-01	
3  344.096	1.634139e+00	1.450398e-01	-1.236943e+00	-2.179652e-01	6.543809e-01	
1  344.237	1.647907e+00	1.433192e-01	-1.211829e+00	-2.111597e-01	6.574043e-01	
4  345.076	1.657144e+00	1.417182e-01	-1.225025e+00	-2.459674e-01	6.571727e-01	
3  344.229	1.658575e+00	1.429701e-01	-1.192075e+00	-2.679425e-01	6.573242e-01	
1  345.819	1.676912e+00	1.439846e-01	-1.173211e+00	-1.973991e-01	6.612718e-01	
2  345.442	1.662149e+00	1.416881e-01	-1.172115e+00	-1.934046e-01	6.546338e-01	
4  344.379	1.656178e+00	1.427043e-01	-1.226831e+00	-1.316400e-01	6.579374e-01	
2  344.5	1.679213e+00	1.426926e-01	-1.185579e+00	-1.794996e-01	6.588466e-01	
1  344.015	1.691476e+00	1.427533e-01	-1.207268e+00	-1.814069e-01	6.588863e-01	
1  344.617	1.683867e+00	1.426839e-01	-1.208047e+00	-1.687340e-01	6.550398e-01	
6  345.744	1.684539e+00	1.408933e-01	-1.178450e+00	-1.304091e-01	6.547539e-01	
1  346.447	1.657333e+00	1.410101e-01	-1.180462e+00	-1.199629e-01	6.676244e-01	
2  345.521	1.657035e+00	1.385342e-01	-1.177179e+00	-8.140800e-02	6.642499e-01	
1  345.8	1.661826e+00	1.353427e-01	-1.206945e+00	-1.280368e-01	6.711128e-01	
1  346.315	1.683362e+00	1.347992e-01	-1.270159e+00	-7.124660e-02	6.725337e-01	
2  345.052	1.657095e+00	1.338945e-01	-1.287493e+00	-6.656376e-02	6.858481e-01	
1  344.613	1.671670e+00	1.349830e-01	-1.235247e+00	-4.288029e-02	6.800176e-01	
2  344.69	1.676326e+00	1.348376e-01	-1.225503e+00	-2.804872e-02	6.743487e-01	
2  344.037	1.656079e+00	1.345131e-01	-1.214694e+00	9.249793e-05	6.815577e-01	
2  344.995	1.668946e+00	1.329779e-01	-1.201874e+00	-8.671495e-03	6.860537e-01	
6  344.583	1.672723e+00	1.334943e-01	-1.178616e+00	7.896866e-04	6.752594e-01	
3  345.476	1.656001e+00	1.321115e-01	-1.178930e+00	-1.044909e-02	6.769589e-01	
10  343.783	1.671210e+00	1.326369e-01	-1.185759e+00	3.204845e-02	6.815977e-01	
1  343.482	1.672649e+00	1.351241e-01	-1.209195e+00	2.257709e-02	6.814285e-01	
1  345.124	1.678462e+00	1.331504e-01	-1.245560e+00	-1.314285e-03	6.908410e-01	
2  344.289	1.666138e+00	1.313225e-01	-1.283701e+00	5.438049e-03	6.928927e-01	
7  344.533	1.689076e+00	1.307726e-01	-1.303973e+00	3.851340e-02	6.989248e-01	
2  344.529	1.686760e+00	1.319350e-01	-1.316045e+00	3.861769e-02	6.939570e-01	
2  345.095	1.696431e+00	1.322298e-01	-1.301408e+00	1.665678e-02	6.969370e-01	
2  344.062	1.696462e+00	1.328080e-01	-1.289918e+00	7.263609e-03	6.860656e-01	
1  344.951	1.666449e+00	1.343947e-01	-1.269072e+00	4.681883e-02	6.838327e-01	
1  343.999	1.664924e+00	1.341865e-01	-1.251259e+00	2.404318e-02	6.804765e-01	
2  343.995	1.672653e+00	1.317744e-01	-1.278716e+00	2.527520e-02	6.886938e-01	
1  344.367	1.654167e+00	1.316854e-01	-1.294965e+00	4.432655e-03	6.898870e-01	
7  344.27	1.650861e+00	1.304314e-01	-1.277640e+00	1.118941e-02	6.918026e-01	
3  345.03	1.661215e+00	1.319838e-01	-1.247411e+00	5.689857e-02	6.947677e-01	
4  343.83	1.689978e+00	1.332599e-01	-1.270293e+00	3.436606e-03	6.845527e-01	
3  346.565	1.705391e+00	1.329336e-01	-1.240664e+00	-4.414068e-02	6.910214e-01	
1  344.869	1.707412e+00	1.346387e-01	-1.248962e+00	-1.373351e-01	6.828023e-01	
1  345.041	1.690689e+00	1.327725e-01	-1.270608e+00	-1.717732e-01	6.852355e-01	
6  345.054	1.677099e+00	1.354821e-01	-1.295102e+00	-1.751734e-01	6.776215e-01	
1  345.997	1.672159e+00	1.345714e-01	-1.304134e+00	-2.315569e-01	6.784106e-01	
1  346.568	1.671248e+00	1.356068e-01	-1.333144e+00	-2.609200e-01	6.917522e-01	
2  345.75	1.656192e+00	1.353666e-01	-1.346253e+00	-2.107424e-01	6.893637e-01	
1  345.914	1.681323e+00	1.343033e-01	-1.338842e+00	-2.401637e-01	6.919196e-01	
1  345.619	1.690728e+00	1.321221e-01	-1.328493e+00	-2.135893e-01	6.920760e-01	
1  346.013	1.684724e+00	1.336230e-01	-1.375923e+00	-1.586211e-01	6.924457e-01	
2  345.543	1.685020e+00	1.368291e-01	-1.349301e+00	-1.527549e-01	6.775363e-01	
1  345.608	1.667769e+00	1.394011e-01	-1.350024e+00	-1.150719e-01	6.707223e-01	
1  344.673	1.657760e+00	1.396033e-01	-1.361403e+00	-1.207196e-01	6.773988e-01	
11  343.94	1.671270e+00	1.426378e-01	-1.320200e+00	-1.104174e-01	6.699566e-01	
3  343.694	1.658044e+00	1.450476e-01	-1.304949e+00	-1.168162e-01	6.619145e-01	
2  343.835	1.664821e+00	1.491998e-01	-1.326271e+00	-1.376776e-01	6.549518e-01	
1  343.99	1.670206e+00	1.486322e-01	-1.278705e+00	-1.081533e-01	6.489376e-01	
1  344.651	1.688256e+00	1.495905e-01	-1.279166e+00	-1.269805e-01	6.444194e-01	
2  343.955	1.653766e+00	1.513834e-01	-1.252591e+00	-1.309585e-01	6.427979e-01	
2  345.42	1.651408e+00	1.543461e-01	-1.325716e+00	-1.335853e-01	6.372570e-01	
3  344.336	1.653120e+00	1.554247e-01	-1.303140e+00	-1.236052e-01	6.436630e-01	
9  344.248	1.643031e+00	1.541507e-01	-1.283088e+00	-1.466601e-01	6.379268e-01	
6  344.381	1.614253e+00	1.540800e-01	-1.330250e+00	-9.178420e-02	6.414652e-01	
2  344.408	1.627098e+00	1.541223e-01	-1.359556e+00	-6.670425e-02	6.469459e-01	
5  344.726	1.619345e+00	1.537000e-01	-1.377425e+00	-6.421989e-02	6.472311e-01	
1  345.25	1.643576e+00	1.556399e-01	-1.310751e+00	-4.843431e-02	6.349913e-01	
1  344.494	1.635284e+00	1.563523e-01	-1.337812e+00	-6.944059e-02	6.416094e-01	
2  346.112	1.643609e+00	1.561713e-01	-1.336161e+00	-1.649200e-01	6.332597e-01	
4  344.904	1.643765e+00	1.559256e-01	-1.321523e+00	-1.447659e-01	6.469132e-01	
1  345.401	1.654687e+00	1.566090e-01	-1.327287e+00	-1.788491e-01	6.473442e-01	
2  346.78	1.672780e+00	1.583631e-01	-1.369463e+00	-2.123473e-01	6.483251e-01	
1  345.652	1.680620e+00	1.577478e-01	-1.323814e+00	-2.233017e-01	6.446352e-01	
3  345.536	1.678787e+00	1.593785e-01	-1.354659e+00	-1.789682e-01	6.364467e-01	
1  346.18	1.692936e+00	1.592553e-01	-1.312709e+00	-1.303090e-01	6.269266e-01	
1  346.451	1.715571e+00	1.582566e-01	-1.337703e+00	-1.055572e-01	6.313856e-01	
2  346.194	1.730867e+00	1.607663e-01	-1.288629e+00	-1.191880e-01	6.324135e-01	
1  346.252	1.713099e+00	1.619487e-01	-1.283107e+00	-1.287656e-01	6.298029e-01	
1  346.429	1.690868e+00	1.617962e-01	-1.305289e+00	-1.593448e-01	6.343574e-01	
2  346.134	1.694500e+00	1.614197e-01	-1.288370e+00	-1.063796e-01	6.320497e-01	
3  346.14	1.706812e+00	1.611398e-01	-1.269770e+00	-6.830460e-02	6.235786e-01	
1  347.447	1.702986e+00	1.613216e-01	-1.267776e+00	-4.341669e-02	6.185712e-01	
1  347.763	1.713901e+00	1.624406e-01	-1.240572e+00	-4.495778e-02	6.281595e-01	
1  352.01	1.734607e+00	1.597760e-01	-1.256219e+00	9.984058e-03	6.173516e-01	
1  349.719	1.726834e+00	1.577122e-01	-1.284133e+00	1.252993e-02	6.273256e-01	
2  350.952	1.732379e+00	1.573889e-01	-1.327396e+00	3.660239e-03	6.274036e-01	
2  348.468	1.735394e+00	1.574906e-01	-1.294752e+00	1.571272e-02	6.436256e-01	
2  347.24	1.722041e+00	1.564294e-01	-1.295758e+00	-2.861599e-02	6.474310e-01	
10  347.374	1.723216e+00	1.584303e-01	-1.344979e+00	-9.361800e-03	6.429277e-01	
10  346.563	1.719921e+00	1.600735e-01	-1.342388e+00	-5.297733e-02	6.367574e-01	
2  346.13	1.715138e+00	1.589044e-01	-1.357766e+00	-7.362677e-02	6.378168e-01	
5  346.17	1.758798e+00	1.580262e-01	-1.309938e+00	-8.084328e-02	6.394041e-01	
3  345.812	1.765133e+00	1.560656e-01	-1.326824e+00	-1.169196e-01	6.445550e-01	
2  345.737	1.767575e+00	1.554124e-01	-1.324478e+00	-1.942223e-01	6.397184e-01	
3  345.391	1.765177e+00	1.541514e-01	-1.336958e+00	-1.838496e-01	6.460022e-01	
2  345.178	1.747159e+00	1.531454e-01	-1.291047e+00	-1.570981e-01	6.504947e-01	
1  344.781	1.753617e+00	1.528096e-01	-1.237633e+00	-2.072756e-01	6.363604e-01	
2  344.169	1.778562e+00	1.502490e-01	-1.260741e+00	-1.685814e-01	6.504803e-01	
1  345.637	1.793608e+00	1.521090e-01	-1.235065e+00	-1.927711e-01	6.499079e-01	
2  344.216	1.801960e+00	1.501309e-01	-1.263969e+00	-2.462523e-01	6.494766e-01	
1  344.093	1.792469e+00	1.496990e-01	-1.210320e+00	-1.894125e-01	6.447716e-01	
3  344.635	1.800892e+00	1.485828e-01	-1.221478e+00	-2.109405e-01	6.431527e-01	
4  344.231	1.763634e+00	1.481563e-01	-1.206151e+00	-2.184544e-01	6.528660e-01	
2  345.391	1.761568e+00	1.451369e-01	-1.179039e+00	-2.241852e-01	6.445205e-01	
3  343.88	1.762577e+00	1.466677e-01	-1.187202e+00	-2.218990e-01	6.487497e-01	
4  344.778	1.737994e+00	1.485069e-01	-1.176078e+00	-2.147248e-01	6.400794e-01	
3  344.988	1.759269e+00	1.476061e-01	-1.158994e+00	-1.200597e-01	6.418302e-01	
2  344.422	1.747493e+00	1.460509e-01	-1.188696e+00	-1.483631e-01	6.469102e-01	
2  344.497	1.747915e+00	1.451631e-01	-1.223067e+00	-1.475898e-01	6.495622e-01	
2  346.064	1.751630e+00	1.466461e-01	-1.204210e+00	-1.638505e-01	6.411980e-01	
2  343.929	1.766166e+00	1.497615e-01	-1.225074e+00	-1.907320e-01	6.456519e-01	
2  344.066	1.775393e+00	1.487816e-01	-1.206054e+00	-2.245038e-01	6.502794e-01	
2  344.359	1.747877e+00	1.478790e-01	-1.165316e+00	-2.411921e-01	6.486350e-01	
1  344.457	1.784944e+00	1.449551e-01	-1.164851e+00	-2.529863e-01	6.471628e-01	
1  345.055	1.814923e+00	1.471503e-01	-1.107385e+00	-2.840493e-01	6.408929e-01	
3  344.409	1.774807e+00	1.464701e-01	-1.160334e+00	-3.352180e-01	6.442264e-01	
1  343.675	1.758291e+00	1.460873e-01	-1.178093e+00	-3.004205e-01	6.509218e-01	
3  343.769	1.762365e+00	1.471482e-01	-1.176362e+00	-3.532130e-01	6.521858e-01	
1  343.52	1.753148e+00	1.438019e-01	-1.180666e+00	-3.416754e-01	6.581695e-01	
2  343.741	1.749079e+00	1.445341e-01	-1.184315e+00	-3.358088e-01	6.521757e-01	
4  344.002	1.731922e+00	1.434026e-01	-1.159325e+00	-3.313981e-01	6.533018e-01	
2  343.986	1.750971e+00	1.441313e-01	-1.166856e+00	-2.993313e-01	6.574091e-01	
4  343.924	1.733975e+00	1.438460e-01	-1.183197e+00	-2.498773e-01	6.536281e-01	
2  343.717	1.736007e+00	1.420669e-01	-1.210665e+00	-1.901988e-01	6.623364e-01	
6  343.924	1.711211e+00	1.404101e-01	-1.246855e+00	-2.082795e-01	6.709381e-01	
4  343.685	1.731520e+00	1.400820e-01	-1.281764e+00	-2.136033e-01	6.723081e-01	
2  343.929	1.738487e+00	1.406965e-01	-1.295719e+00	-2.401893e-01	6.739787e-01	
1  346.657	1.720715e+00	1.407883e-01	-1.306752e+00	-2.381113e-01	6.819651e-01	
4  343.895	1.732222e+00	1.400177e-01	-1.295096e+00	-2.456331e-01	6.747572e-01	
1  343.742	1.734802e+00	1.396912e-01	-1.242908e+00	-2.220585e-01	6.665458e-01	
3  344.288	1.741194e+00	1.398046e-01	-1.264474e+00	-1.863362e-01	6.649797e-01	
1  344.197	1.751241e+00	1.415405e-01	-1.259208e+00	-1.427267e-01	6.606171e-01	
3  343.573	1.729641e+00	1.424171e-01	-1.260152e+00	-1.272409e-01	6.652461e-01	
6  343.719	1.733096e+00	1.400361e-01	-1.231888e+00	-1.468587e-01	6.664962e-01	
5  343.837	1.727553e+00	1.396548e-01	-1.212140e+00	-2.237436e-01	6.681646e-01	
1  343.74	1.720217e+00	1.401877e-01	-1.247013e+00	-1.698218e-01	6.663323e-01	
1  346.936	1.740487e+00	1.399138e-01	-1.268043e+00	-1.666401e-01	6.586878e-01	
3  346.924	1.734001e+00	1.408832e-01	-1.270717e+00	-1.519166e-01	6.567187e-01	
2  346.329	1.734720e+00	1.445741e-01	-1.294315e+00	-1.332837e-01	6.518552e-01	
2  344.481	1.727832e+00	1.467147e-01	-1.272012e+00	-1.763459e-01	6.502973e-01	
9  343.75	1.725606e+00	1.463854e-01	-1.225227e+00	-1.859964e-01	6.511071e-01	
2  343.81	1.758352e+00	1.449582e-01	-1.258855e+00	-2.066858e-01	6.556115e-01	
4  344.261	1.763662e+00	1.443032e-01	-1.253965e+00	-1.699950e-01	6.655083e-01	
1  344.416	1.771717e+00	1.433491e-01	-1.248709e+00	-2.220201e-01	6.682127e-01	
2  343.726	1.756795e+00	1.415898e-01	-1.205037e+00	-2.201925e-01	6.644680e-01	
3  344.515	1.748915e+00	1.407838e-01	-1.246165e+00	-2.336553e-01	6.607090e-01	
2  343.519	1.769699e+00	1.416150e-01	-1.265786e+00	-2.603131e-01	6.656917e-01	
2  343.631	1.756576e+00	1.428031e-01	-1.288609e+00	-2.535458e-01	6.668457e-01	
2  345.451	1.761581e+00	1.440735e-01	-1.303493e+00	-3.213415e-01	6.581246e-01	
1  345.089	1.795392e+00	1.448093e-01	-1.291157e+00	-2.901633e-01	6.696661e-01	
2  345.089	1.797795e+00	1.444066e-01	-1.271328e+00	-3.266465e-01	6.698946e-01	
1  345.883	1.801181e+00	1.398060e-01	-1.228544e+00	-3.376076e-01	6.587328e-01	
1  346.319	1.793864e+00	1.410225e-01	-1.252564e+00	-3.042883e-01	6.571409e-01	
1  344.218	1.791622e+00	1.416907e-01	-1.213855e+00	-3.175347e-01	6.695402e-01	
1  344.447	1.815180e+00	1.436471e-01	-1.227196e+00	-3.434332e-01	6.672502e-01	
1  343.981	1.834411e+00	1.425988e-01	-1.225034e+00	-3.275369e-01	6.674540e-01	
1  343.414	1.829968e+00	1.420904e-01	-1.171729e+00	-3.258145e-01	6.586998e-01	
1  345.002	1.835956e+00	1.434605e-01	-1.165824e+00	-3.429091e-01	6.639030e-01	
6  343.812	1.858667e+00	1.425481e-01	-1.203753e+00	-2.881168e-01	6.645308e-01	
4  343.43	1.842134e+00	1.405849e-01	-1.173849e+00	-2.880044e-01	6.612533e-01	
1  343.319	1.843384e+00	1.396796e-01	-1.214954e+00	-2.255170e-01	6.662897e-01	
6  347.877	1.870842e+00	1.393425e-01	-1.248398e+00	-2.138320e-01	6.568108e-01	
3  343.94	1.895138e+00	1.406483e-01	-1.222953e+00	-1.453219e-01	6.605661e-01	
2  343.727	1.904739e+00	1.403976e-01	-1.218532e+00	-1.176514e-01	6.621730e-01	
2  343.672	1.921571e+00	1.401076e-01	-1.190542e+00	-1.618730e-01	6.611692e-01	
3  343.514	1.906999e+00	1.407536e-01	-1.214599e+00	-1.872351e-01	6.634831e-01	
1  343.531	1.883388e+00	1.386058e-01	-1.255182e+00	-1.516751e-01	6.726796e-01	
1  348.442	1.874867e+00	1.398420e-01	-1.309839e+00	-9.223432e-02	6.851626e-01	
1  346.781	1.872065e+00	1.416718e-01	-1.383853e+00	-8.991649e-02	6.693038e-01	
4  347.853	1.872847e+00	1.430021e-01	-1.428225e+00	-3.876997e-02	6.748930e-01	
1  349.621	1.891166e+00	1.418464e-01	-1.455976e+00	-4.397586e-02	6.750192e-01	
1  349.216	1.907487e+00	1.416225e-01	-1.448124e+00	-3.348091e-02	6.774180e-01	
4  349.069	1.901015e+00	1.402641e-01	-1.409024e+00	-1.156520e-01	6.876246e-01	
2  350.614	1.934350e+00	1.419137e-01	-1.399739e+00	-1.522939e-01	6.860025e-01	
1  347.994	1.911239e+00	1.428803e-01	-1.411350e+00	-1.219079e-01	6.780191e-01	
3  347.254	1.914434e+00	1.416807e-01	-1.390801e+00	-4.708105e-02	6.719171e-01	
1  347.387	1.907365e+00	1.414508e-01	-1.390603e+00	-4.871094e-02	6.803459e-01	
3  349.303	1.916519e+00	1.405071e-01	-1.415146e+00	-1.053241e-01	6.870802e-01	
2  349.162	1.893225e+00	1.422120e-01	-1.429892e+00	-1.801476e-01	6.831056e-01	
1  348.071	1.888704e+00	1.407946e-01	-1.412489e+00	-1.956711e-01	6.745275e-01	
2  347.144	1.892366e+00	1.409300e-01	-1.376671e+00	-2.062059e-01	6.707971e-01	
1  347.063	1.883701e+00	1.420926e-01	-1.403304e+00	-1.719586e-01	6.749090e-01	
2  347.396	1.885085e+00	1.428270e-01	-1.412567e+00	-1.213246e-01	6.767514e-01	
2  346.302	1.881755e+00	1.437579e-01	-1.363214e+00	-1.481126e-01	6.649482e-01	
2  346.765	1.918815e+00	1.452723e-01	-1.298701e+00	-1.496118e-01	6.527981e-01	
5  345.251	1.914430e+00	1.471687e-01	-1.289340e+00	-1.498556e-01	6.546513e-01	
3  345.032	1.892671e+00	1.471663e-01	-1.297608e+00	-1.670393e-01	6.568747e-01	
1  345.138	1.881691e+00	1.469061e-01	-1.234656e+00	-1.832420e-01	6.592507e-01	
3  344.236	1.884283e+00	1.468538e-01	-1.188936e+00	-2.282972e-01	6.478633e-01	
2  344.662	1.885458e+00	1.471574e-01	-1.233715e+00	-2.396780e-01	6.488988e-01	
2  344.399	1.870079e+00	1.478830e-01	-1.255115e+00	-2.135368e-01	6.523970e-01	
1  344.452	1.851074e+00	1.477846e-01	-1.260321e+00	-2.135592e-01	6.566290e-01	
1  345.349	1.848980e+00	1.484444e-01	-1.243303e+00	-2.086045e-01	6.577494e-01	
1  344.689	1.858754e+00	1.474498e-01	-1.276611e+00	-2.192733e-01	6.525321e-01	
2  345.83	1.869831e+00	1.477654e-01	-1.289648e+00	-2.200787e-01	6.625606e-01	
3  346.509	1.847681e+00	1.478132e-01	-1.290669e+00	-2.262930e-01	6.649432e-01	
1  344.451	1.845165e+00	1.456435e-01	-1.284877e+00	-2.954441e-01	6.584719e-01	
3  344.744	1.858909e+00	1.458414e-01	-1.297686e+00	-3.059487e-01	6.621180e-01	
2  344.935	1.822154e+00	1.462866e-01	-1.268015e+00	-2.900025e-01	6.644036e-01	
1  344.784	1.806451e+00	1.469854e-01	-1.284553e+00	-3.491003e-01	6.633690e-01	
2  344.133	1.804220e+00	1.478643e-01	-1.251388e+00	-3.477038e-01	6.573847e-01	
1  344.417	1.788147e+00	1.473940e-01	-1.221350e+00	-3.516555e-01	6.587019e-01	
1  343.579	1.773761e+00	1.465809e-01	-1.238829e+00	-3.139698e-01	6.535911e-01	
11  343.488	1.782517e+00	1.461784e-01	-1.234155e+00	-3.517734e-01	6.555516e-01	
1  343.485	1.790631e+00	1.449658e-01	-1.216313e+00	-3.441554e-01	6.550700e-01	
5  343.722	1.787286e+00	1.418102e-01	-1.225123e+00	-2.885082e-01	6.679113e-01	
3  343.471	1.798304e+00	1.425968e-01	-1.247787e+00	-3.176181e-01	6.627431e-01	
3  345.56	1.793159e+00	1.434596e-01	-1.218761e+00	-3.436138e-01	6.509594e-01	
1  344.049	1.819919e+00	1.449087e-01	-1.209301e+00	-2.936469e-01	6.514146e-01	
2  343.507	1.804931e+00	1.446210e-01	-1.204551e+00	-3.170531e-01	6.546419e-01	
1  343.686	1.811126e+00	1.453764e-01	-1.202835e+00	-2.517962e-01	6.564947e-01	
3  343.761	1.821364e+00	1.437258e-01	-1.183748e+00	-2.606366e-01	6.591173e-01	
1  345.972	1.820197e+00	1.424365e-01	-1.179906e+00	-2.310133e-01	6.484003e-01	
1  343.756	1.835917e+00	1.438970e-01	-1.181201e+00	-2.474156e-01	6.578212e-01	
1  343.531	1.841956e+00	1.435955e-01	-1.222944e+00	-2.792917e-01	6.614705e-01	
2  344.488	1.858271e+00	1.417518e-01	-1.192692e+00	-2.627926e-01	6.544351e-01	
2  345.487	1.843994e+00	1.386816e-01	-1.186764e+00	-2.984224e-01	6.580306e-01	
1  345.893	1.824256e+00	1.406207e-01	-1.182745e+00	-3.120379e-01	6.729304e-01	
2  344.314	1.843888e+00	1.410532e-01	-1.219754e+00	-3.249866e-01	6.715078e-01	
1  344.179	1.816078e+00	1.412724e-01	-1.236479e+00	-3.579557e-01	6.721748e-01	
1  344.22	1.829501e+00	1.405770e-01	-1.239536e+00	-3.669775e-01	6.738590e-01	
2  343.945	1.812157e+00	1.388871e-01	-1.232734e+00	-3.590652e-01	6.663345e-01	
1  345.975	1.803655e+00	1.397022e-01	-1.296659e+00	-3.946595e-01	6.666308e-01	
3  343.508	1.797731e+00	1.408276e-01	-1.252786e+00	-3.581767e-01	6.703760e-01	
1  343.493	1.769333e+00	1.397350e-01	-1.207552e+00	-3.753578e-01	6.649357e-01	
1  344.424	1.763070e+00	1.377419e-01	-1.228150e+00	-3.682510e-01	6.673785e-01	
1  343.598	1.782521e+00	1.365668e-01	-1.209432e+00	-3.548386e-01	6.719346e-01	
1  345.472	1.785747e+00	1.367254e-01	-1.232164e+00	-3.092695e-01	6.665418e-01	
1  343.673	1.770368e+00	1.390733e-01	-1.200661e+00	-3.133247e-01	6.648387e-01	
3  343.319	1.748660e+00	1.425688e-01	-1.191492e+00	-3.813983e-01	6.607365e-01	
1  343.305	1.745724e+00	1.439481e-01	-1.235814e+00	-3.417559e-01	6.610608e-01	
1  343.395	1.700852e+00	1.442429e-01	-1.257407e+00	-3.584710e-01	6.618986e-01	
3  345.36	1.692885e+00	1.440023e-01	-1.273963e+00	-3.790303e-01	6.726555e-01	
1  344.217	1.686460e+00	1.435191e-01	-1.266611e+00	-3.994662e-01	6.701782e-01	
1  344.784	1.680517e+00	1.448347e-01	-1.247477e+00	-3.746608e-01	6.678980e-01	
1  344.995	1.696839e+00	1.453923e-01	-1.178505e+00	-3.321549e-01	6.603100e-01	
1  344.458	1.701049e+00	1.471968e-01	-1.251826e+00	-3.212783e-01	6.619311e-01	
1  344.306	1.689434e+00	1.455721e-01	-1.271402e+00	-3.045169e-01	6.659075e-01	
3  344.805	1.675270e+00	1.447576e-01	-1.233315e+00	-3.218499e-01	6.662393e-01	
2  345.432	1.677805e+00	1.444360e-01	-1.288904e+00	-3.254242e-01	6.723764e-01	
1  344.557	1.665608e+00	1.430551e-01	-1.238959e+00	-2.940261e-01	6.686522e-01	
1  344.595	1.683680e+00	1.449441e-01	-1.258015e+00	-2.674369e-01	6.666430e-01	
6  343.528	1.702018e+00	1.437018e-01	-1.239758e+00	-2.622996e-01	6.592721e-01	
2  343.627	1.690354e+00	1.441477e-01	-1.294828e+00	-2.690016e-01	6.644887e-01	
1  344.054	1.688013e+00	1.446830e-01	-1.306778e+00	-2.545474e-01	6.605281e-01	
1  343.444	1.681645e+00	1.462761e-01	-1.255088e+00	-2.569927e-01	6.566871e-01	
4  344.186	1.702840e+00	1.456554e-01	-1.259639e+00	-3.051881e-01	6.533139e-01	
1  344.917	1.725885e+00	1.444293e-01	-1.289716e+00	-3.074952e-01	6.567351e-01	
3  344.654	1.735029e+00	1.429755e-01	-1.212433e+00	-3.091354e-01	6.535734e-01	
4  343.945	1.734898e+00	1.422297e-01	-1.224856e+00	-2.882499e-01	6.583815e-01	
1  343.426	1.743549e+00	1.424379e-01	-1.222136e+00	-3.529467e-01	6.653866e-01	
1  343.43	1.761442e+00	1.421557e-01	-1.253209e+00	-3.559458e-01	6.649947e-01	
1  343.514	1.756378e+00	1.435795e-01	-1.262930e+00	-3.825577e-01	6.650102e-01	
1  343.704	1.762919e+00	1.437992e-01	-1.248588e+00	-4.067017e-01	6.595294e-01	
1  343.273	1.749302e+00	1.450619e-01	-1.223309e+00	-4.164033e-01	6.583466e-01	
3  343.539	1.735768e+00	1.467375e-01	-1.165992e+00	-4.389980e-01	6.522247e-01	
3  343.444	1.745315e+00	1.477489e-01	-1.221351e+00	-4.748373e-01	6.547941e-01	
2  343.749	1.742390e+00	1.452105e-01	-1.184889e+00	-4.631989e-01	6.600439e-01	
2  343.982	1.719731e+00	1.443037e-01	-1.214783e+00	-4.698211e-01	6.654193e-01	
3  343.365	1.726654e+00	1.444039e-01	-1.233284e+00	-5.288338e-01	6.603930e-01	
2  343.579	1.717991e+00	1.453447e-01	-1.229320e+00	-4.805055e-01	6.554609e-01	
1  343.766	1.721536e+00	1.442108e-01	-1.191011e+00	-5.032494e-01	6.536950e-01	
1  343.955	1.720690e+00	1.445664e-01	-1.142329e+00	-4.647155e-01	6.568139e-01	
2  344.588	1.718149e+00	1.434412e-01	-1.141199e+00	-5.155924e-01	6.496250e-01	
1  345.074	1.707578e+00	1.432657e-01	-1.096603e+00	-4.929096e-01	6.572303e-01	
10  344.485	1.704233e+00	1.441670e-01	-1.107902e+00	-4.693870e-01	6.494318e-01	
1  343.464	1.709404e+00	1.435771e-01	-1.182743e+00	-4.522885e-01	6.608179e-01	
1  343.36	1.697862e+00	1.456303e-01	-1.174895e+00	-4.829680e-01	6.533489e-01	
1  343.961	1.703410e+00	1.440481e-01	-1.163806e+00	-4.806210e-01	6.518420e-01	
1  344.483	1.707172e+00	1.415229e-01	-1.165060e+00	-5.422233e-01	6.558364e-01	
1  343.701	1.711083e+00	1.448052e-01	-1.141291e+00	-5.815187e-01	6.503775e-01	
1  344.226	1.712326e+00	1.481445e-01	-1.131601e+00	-4.959280e-01	6.494913e-01	
5  343.385	1.725964e+00	1.471637e-01	-1.196807e+00	-4.970625e-01	6.552082e-01	
1  345.236	1.734067e+00	1.483961e-01	-1.217699e+00	-4.589097e-01	6.426688e-01	
1  343.935	1.746524e+00	1.499634e-01	-1.145403e+00	-4.764155e-01	6.446727e-01	
2  343.244	1.737905e+00	1.463222e-01	-1.183502e+00	-5.025834e-01	6.531031e-01	
1  344.519	1.740219e+00	1.468656e-01	-1.195534e+00	-5.465355e-01	6.611081e-01	
3  343.926	1.726075e+00	1.500053e-01	-1.226066e+00	-5.843738e-01	6.540791e-01	
4  343.815	1.732002e+00	1.501887e-01	-1.246629e+00	-5.484983e-01	6.514606e-01	
2  343.814	1.743614e+00	1.506449e-01	-1.226109e+00	-5.426439e-01	6.503512e-01	
1  343.766	1.769470e+00	1.496484e-01	-1.221403e+00	-5.297090e-01	6.496183e-01	
2  344.268	1.769750e+00	1.491172e-01	-1.239916e+00	-4.751396e-01	6.476619e-01	
1  344.08	1.773268e+00	1.501458e-01	-1.220720e+00	-5.222511e-01	6.521118e-01	
5  343.518	1.778515e+00	1.471375e-01	-1.208620e+00	-5.213846e-01	6.557582e-01	
2  343.793	1.772304e+00	1.501550e-01	-1.184189e+00	-5.170787e-01	6.480677e-01	
1  343.884	1.772548e+00	1.513468e-01	-1.180218e+00	-5.431794e-01	6.419006e-01	
6  343.849	1.764203e+00	1.515585e-01	-1.187605e+00	-5.881461e-01	6.451622e-01	
3  344.343	1.765632e+00	1.511976e-01	-1.204763e+00	-5.926166e-01	6.507376e-01	
2  343.372	1.766876e+00	1.476663e-01	-1.158828e+00	-5.946013e-01	6.507752e-01	
2  343.676	1.756037e+00	1.464431e-01	-1.180756e+00	-5.519644e-01	6.492961e-01	
2  343.566	1.742717e+00	1.482530e-01	-1.216202e+00	-5.436899e-01	6.551160e-01	
1  345.293	1.746983e+00	1.470660e-01	-1.145835e+00	-5.102491e-01	6.575872e-01	
6  345.696	1.740413e+00	1.468378e-01	-1.118125e+00	-4.694314e-01	6.550110e-01	
1  344.736	1.735418e+00	1.453914e-01	-1.089345e+00	-4.674065e-01	6.493843e-01	
3  344.488	1.737318e+00	1.447339e-01	-1.093464e+00	-4.697072e-01	6.484772e-01	
2  344.026	1.728483e+00	1.470329e-01	-1.124035e+00	-4.523632e-01	6.461372e-01	
3  343.73	1.739326e+00	1.444459e-01	-1.127687e+00	-4.839056e-01	6.529133e-01	
3  345.485	1.750685e+00	1.430433e-01	-1.120818e+00	-4.928231e-01	6.465349e-01	
3  344.431	1.729674e+00	1.428456e-01	-1.110721e+00	-4.459388e-01	6.516488e-01	
2  344.605	1.750012e+00	1.433416e-01	-1.086561e+00	-4.667762e-01	6.522455e-01	
1  346.013	1.745246e+00	1.433930e-01	-1.054371e+00	-4.195484e-01	6.457316e-01	
1  344.832	1.726238e+00	1.428367e-01	-1.090715e+00	-4.421227e-01	6.528689e-01	
1  345.826	1.740085e+00	1.435879e-01	-1.099741e+00	-4.310137e-01	6.586815e-01	
2  344.414	1.717710e+00	1.434572e-01	-1.119687e+00	-4.261777e-01	6.558131e-01	
5  344.094	1.705555e+00	1.414832e-01	-1.137885e+00	-4.294529e-01	6.589251e-01	
1  344.216	1.710756e+00	1.417120e-01	-1.155908e+00	-4.313149e-01	6.643816e-01	
5  343.571	1.699642e+00	1.426279e-01	-1.203413e+00	-4.628817e-01	6.655771e-01	
2  343.884	1.711273e+00	1.408388e-01	-1.227818e+00	-4.585686e-01	6.636235e-01	
1  343.571	1.732712e+00	1.428114e-01	-1.224800e+00	-4.722489e-01	6.602499e-01	
4  344.519	1.711696e+00	1.400949e-01	-1.208777e+00	-4.444172e-01	6.614007e-01	
3  344.026	1.696169e+00	1.403412e-01	-1.162010e+00	-4.613639e-01	6.607985e-01	
2  343.283	1.713319e+00	1.427568e-01	-1.205464e+00	-4.670419e-01	6.634412e-01	
1  343.4	1.745791e+00	1.415944e-01	-1.201558e+00	-5.437543e-01	6.681236e-01	
2  344.576	1.739411e+00	1.430712e-01	-1.187219e+00	-6.050876e-01	6.691885e-01	
4  348.209	1.746819e+00	1.421871e-01	-1.121864e+00	-5.852504e-01	6.714805e-01	
1  346.228	1.742414e+00	1.427175e-01	-1.161844e+00	-5.886491e-01	6.710714e-01	
2  349.377	1.747592e+00	1.426255e-01	-1.119905e+00	-6.194152e-01	6.724536e-01	
3  348.016	1.750250e+00	1.410210e-01	-1.169547e+00	-5.987579e-01	6.778701e-01	
3  345.939	1.748317e+00	1.417230e-01	-1.170014e+00	-5.803774e-01	6.731141e-01	
1  345.827	1.759439e+00	1.395029e-01	-1.150349e+00	-5.759036e-01	6.755211e-01	
1  344.871	1.750326e+00	1.387220e-01	-1.143609e+00	-5.880289e-01	6.744179e-01	
2  347.431	1.759529e+00	1.395437e-01	-1.153645e+00	-5.794336e-01	6.783933e-01	
3  345.23	1.787680e+00	1.385976e-01	-1.214089e+00	-6.005643e-01	6.810004e-01	
1  343.788	1.764271e+00	1.413308e-01	-1.252607e+00	-5.861111e-01	6.713793e-01	
4  343.811	1.751207e+00	1.408086e-01	-1.232241e+00	-6.325835e-01	6.733265e-01	
1  345.035	1.742966e+00	1.400751e-01	-1.282969e+00	-6.603442e-01	6.714918e-01	
2  344.935	1.727395e+00	1.398560e-01	-1.285924e+00	-6.576099e-01	6.727450e-01	
9  343.456	1.712378e+00	1.402053e-01	-1.212055e+00	-6.456594e-01	6.713984e-01	
2  346.954	1.714845e+00	1.403764e-01	-1.124589e+00	-6.678868e-01	6.743454e-01	
2  343.184	1.729427e+00	1.405010e-01	-1.158364e+00	-6.750288e-01	6.659770e-01	
2  343.2	1.724767e+00	1.410045e-01	-1.146594e+00	-6.824832e-01	6.630335e-01	
1  343.257	1.724911e+00	1.397321e-01	-1.174052e+00	-6.691316e-01	6.688955e-01	
1  343.931	1.722930e+00	1.384320e-01	-1.194409e+00	-6.506721e-01	6.765977e-01	
2  343.961	1.712607e+00	1.393721e-01	-1.223305e+00	-6.670850e-01	6.690848e-01	
2  343.271	1.743896e+00	1.409776e-01	-1.200974e+00	-6.662891e-01	6.668245e-01	
4  343.362	1.718675e+00	1.402087e-01	-1.204368e+00	-6.651063e-01	6.688562e-01	
1  343.873	1.725201e+00	1.401743e-01	-1.156772e+00	-6.536922e-01	6.608180e-01	
1  343.766	1.704927e+00	1.402706e-01	-1.114995e+00	-6.425540e-01	6.613445e-01	
2  345.158	1.722739e+00	1.398840e-01	-1.074683e+00	-6.084396e-01	6.641572e-01	
2  344.053	1.727302e+00	1.384471e-01	-1.125558e+00	-5.662137e-01	6.629904e-01	
6  343.66	1.740053e+00	1.394999e-01	-1.129586e+00	-5.416219e-01	6.633730e-01	
3  345.013	1.710968e+00	1.376683e-01	-1.128880e+00	-5.416697e-01	6.617306e-01	
1  344.666	1.678149e+00	1.356289e-01	-1.140698e+00	-5.540967e-01	6.735711e-01	
4  344.468	1.702310e+00	1.365276e-01	-1.172926e+00	-5.068211e-01	6.689056e-01	
3  344.037	1.691402e+00	1.362755e-01	-1.221344e+00	-4.711365e-01	6.770966e-01	
1  344.827	1.688090e+00	1.338020e-01	-1.187951e+00	-4.270427e-01	6.806694e-01	
1  344.913	1.681681e+00	1.328539e-01	-1.196052e+00	-4.798335e-01	6.814658e-01	
3  344.518	1.680278e+00	1.341230e-01	-1.197237e+00	-5.535144e-01	6.812757e-01	
1  344.28	1.686069e+00	1.352356e-01	-1.227937e+00	-5.190939e-01	6.808295e-01	
1  344.484	1.692886e+00	1.340411e-01	-1.208983e+00	-4.922705e-01	6.823181e-01	
4  344.211	1.672284e+00	1.361344e-01	-1.220565e+00	-5.131879e-01	6.773631e-01	
