3  347.921	2.199162e+00	1.209173e-01	-9.413000e-01	-3.848111e-01	6.773951e-01	
2  346.376	2.220518e+00	1.215387e-01	-9.369785e-01	-4.014464e-01	6.816881e-01	
1  346.04	2.228190e+00	1.191842e-01	-9.524340e-01	-3.766829e-01	6.870780e-01	
5  345.268	2.214221e+00	1.179390e-01	-9.773484e-01	-3.953938e-01	6.919383e-01	
1  344.096	2.221741e+00	1.188583e-01	-1.025276e+00	-4.816689e-01	7.004900e-01	
2  343.121	2.226685e+00	1.183060e-01	-1.067097e+00	-4.560746e-01	7.007761e-01	
2  344.154	2.247770e+00	1.187984e-01	-1.116623e+00	-4.181558e-01	6.968501e-01	
2  343.579	2.242829e+00	1.161124e-01	-1.120392e+00	-3.788331e-01	7.048037e-01	
1  343.393	2.227970e+00	1.157027e-01	-1.118667e+00	-3.915835e-01	7.075273e-01	
3  343.133	2.237485e+00	1.173633e-01	-1.106319e+00	-4.234266e-01	7.055142e-01	
1  343.594	2.217166e+00	1.158501e-01	-1.135767e+00	-4.370018e-01	7.087763e-01	
3  345.64	2.203936e+00	1.148430e-01	-1.099071e+00	-4.044944e-01	7.017111e-01	
4  345.203	2.204286e+00	1.137717e-01	-1.097452e+00	-4.474988e-01	7.054740e-01	
2  343.86	2.226247e+00	1.129151e-01	-1.127051e+00	-4.462557e-01	7.165695e-01	
2  345.122	2.235725e+00	1.126382e-01	-1.106444e+00	-4.973792e-01	7.211988e-01	
3  344.081	2.256975e+00	1.121279e-01	-1.133076e+00	-5.388530e-01	7.185526e-01	
2  344.339	2.252850e+00	1.118082e-01	-1.117150e+00	-5.428905e-01	7.211962e-01	
1  344.441	2.254326e+00	1.094507e-01	-1.123132e+00	-5.322340e-01	7.233037e-01	
4  344.225	2.271573e+00	1.085429e-01	-1.079371e+00	-5.830119e-01	7.218448e-01	
5  344.467	2.258546e+00	1.082692e-01	-1.093274e+00	-5.758106e-01	7.238311e-01	
2  345.11	2.239745e+00	1.070861e-01	-1.104578e+00	-5.883802e-01	7.261783e-01	
5  344.772	2.244009e+00	1.077884e-01	-1.102861e+00	-5.612822e-01	7.256210e-01	
1  344.296	2.237401e+00	1.096215e-01	-1.092246e+00	-5.497959e-01	7.210492e-01	
7  344.013	2.247501e+00	1.107735e-01	-1.082392e+00	-4.866856e-01	7.155465e-01	
1  344.412	2.247396e+00	1.108061e-01	-1.124183e+00	-5.220997e-01	7.227369e-01	
1  345.157	2.248528e+00	1.107519e-01	-1.136944e+00	-5.525873e-01	7.258618e-01	
2  345.638	2.257348e+00	1.127273e-01	-1.187041e+00	-5.487257e-01	7.243948e-01	
1  345.168	2.242268e+00	1.121095e-01	-1.150295e+00	-5.667642e-01	7.240861e-01	
5  344.493	2.256535e+00	1.111986e-01	-1.130074e+00	-5.735834e-01	7.181665e-01	
1  344.047	2.226135e+00	1.111144e-01	-1.084636e+00	-5.080195e-01	7.175521e-01	
4  344.08	2.238170e+00	1.111841e-01	-1.049616e+00	-5.052094e-01	7.151574e-01	
1  344.974	2.236342e+00	1.089213e-01	-1.077753e+00	-4.640244e-01	7.239340e-01	
7  344.619	2.219340e+00	1.104931e-01	-1.041712e+00	-4.737986e-01	7.135543e-01	
4  344.811	2.229006e+00	1.091449e-01	-1.059535e+00	-4.642758e-01	7.164270e-01	
4  347.453	2.213838e+00	1.084554e-01	-1.035335e+00	-5.170224e-01	7.111875e-01	
2  346.671	2.210928e+00	1.069653e-01	-1.029612e+00	-4.710455e-01	7.167699e-01	
2  346.512	2.236723e+00	1.077802e-01	-9.900162e-01	-4.304541e-01	7.181753e-01	
3  347.342	2.257908e+00	1.063705e-01	-9.665460e-01	-3.992179e-01	7.164922e-01	
1  347.482	2.232903e+00	1.066934e-01	-9.803359e-01	-3.730102e-01	7.178070e-01	
2  346.865	2.269380e+00	1.080526e-01	-9.749427e-01	-3.626602e-01	7.159512e-01	
3  346.459	2.268016e+00	1.075730e-01	-9.969851e-01	-3.614240e-01	7.192160e-01	
4  346.304	2.268376e+00	1.092837e-01	-9.951684e-01	-3.621494e-01	7.164159e-01	
5  346.047	2.290074e+00	1.088807e-01	-9.982622e-01	-3.440283e-01	7.170364e-01	
2  344.54	2.280035e+00	1.093938e-01	-1.043272e+00	-3.358982e-01	7.165377e-01	
2  345.237	2.277506e+00	1.081648e-01	-1.044991e+00	-3.039387e-01	7.206300e-01	
4  345.873	2.294069e+00	1.091722e-01	-1.026934e+00	-3.250353e-01	7.198429e-01	
1  346.872	2.293719e+00	1.101874e-01	-1.064951e+00	-3.421094e-01	7.239903e-01	
1  346.107	2.318532e+00	1.096997e-01	-1.088616e+00	-3.631387e-01	7.259876e-01	
4  345.41	2.309995e+00	1.105045e-01	-1.115763e+00	-3.538966e-01	7.251226e-01	
2  346.153	2.326242e+00	1.112587e-01	-1.140955e+00	-3.678529e-01	7.265462e-01	
1  345.372	2.313113e+00	1.105408e-01	-1.147367e+00	-3.306858e-01	7.265240e-01	
3  343.864	2.329376e+00	1.096053e-01	-1.148759e+00	-3.010110e-01	7.223119e-01	
4  344.994	2.320166e+00	1.089105e-01	-1.163549e+00	-3.172622e-01	7.202638e-01	
2  347.872	2.342589e+00	1.080356e-01	-1.171958e+00	-3.780394e-01	7.184389e-01	
2  344.135	2.351008e+00	1.102460e-01	-1.147385e+00	-4.534176e-01	7.215474e-01	
1  345.099	2.353162e+00	1.130483e-01	-1.184012e+00	-4.659904e-01	7.164328e-01	
3  346.61	2.358736e+00	1.126317e-01	-1.189995e+00	-4.752462e-01	7.140131e-01	
7  346.61	2.370840e+00	1.130769e-01	-1.190007e+00	-4.863141e-01	7.133780e-01	
2  344.322	2.379374e+00	1.133995e-01	-1.149579e+00	-5.081848e-01	7.174159e-01	
1  343.367	2.374911e+00	1.152794e-01	-1.108742e+00	-4.772537e-01	7.078976e-01	
4  342.987	2.363902e+00	1.144024e-01	-1.074010e+00	-4.331028e-01	7.086708e-01	
1  343.3	2.331959e+00	1.116788e-01	-1.071989e+00	-4.468882e-01	7.149345e-01	
5  343.564	2.375877e+00	1.139016e-01	-1.089210e+00	-4.716271e-01	7.138728e-01	
4  343.362	2.403874e+00	1.129160e-01	-1.090715e+00	-4.656179e-01	7.098567e-01	
1  343.238	2.383068e+00	1.128739e-01	-1.086479e+00	-4.531958e-01	7.099619e-01	
1  342.998	2.377795e+00	1.136430e-01	-1.050004e+00	-4.766091e-01	7.091224e-01	
7  343.168	2.355128e+00	1.136812e-01	-1.020755e+00	-4.813325e-01	7.052694e-01	
2  343.401	2.357341e+00	1.132228e-01	-1.040567e+00	-4.659414e-01	7.112000e-01	
2  343.509	2.362368e+00	1.133060e-01	-9.963551e-01	-4.685484e-01	7.053890e-01	
3  343.629	2.371825e+00	1.141742e-01	-9.892019e-01	-4.752368e-01	7.001962e-01	
2  345.203	2.365940e+00	1.119264e-01	-1.010888e+00	-5.072882e-01	7.015857e-01	
1  344.384	2.386884e+00	1.099215e-01	-9.846670e-01	-4.747707e-01	7.066259e-01	
1  344.903	2.419201e+00	1.096327e-01	-9.499535e-01	-4.097750e-01	7.052031e-01	
3  344.121	2.418827e+00	1.130424e-01	-9.672747e-01	-4.115842e-01	6.998863e-01	
2  343.201	2.414197e+00	1.129285e-01	-1.026647e+00	-3.573999e-01	7.071425e-01	
1  343.388	2.415614e+00	1.156420e-01	-1.029548e+00	-3.538887e-01	7.033961e-01	
1  344.216	2.410425e+00	1.166799e-01	-1.028647e+00	-3.184174e-01	7.034095e-01	
1  344.058	2.389610e+00	1.160140e-01	-9.959984e-01	-2.847197e-01	6.975956e-01	
3  343.784	2.401132e+00	1.141769e-01	-1.011832e+00	-3.004567e-01	7.042842e-01	
1  344.373	2.387919e+00	1.144818e-01	-1.033175e+00	-2.896721e-01	7.083274e-01	
1  344.24	2.379068e+00	1.140266e-01	-1.004747e+00	-3.126206e-01	7.054701e-01	
1  344.273	2.359575e+00	1.118056e-01	-9.963067e-01	-3.359327e-01	7.047102e-01	
3  344.197	2.365110e+00	1.106771e-01	-9.982813e-01	-3.404002e-01	7.087095e-01	
5  343.397	2.356377e+00	1.131043e-01	-1.071940e+00	-4.022589e-01	7.132231e-01	
2  345.477	2.354609e+00	1.112695e-01	-1.059811e+00	-3.844061e-01	7.203862e-01	
1  343.089	2.344930e+00	1.131175e-01	-1.082519e+00	-3.699982e-01	7.098616e-01	
6  343.926	2.332420e+00	1.127813e-01	-1.038558e+00	-3.436251e-01	7.111891e-01	
1  345.222	2.322441e+00	1.110664e-01	-1.051954e+00	-3.415466e-01	7.056968e-01	
1  344.467	2.331883e+00	1.109241e-01	-1.003396e+00	-3.342897e-01	7.099993e-01	
2  346.851	2.334088e+00	1.114559e-01	-9.726040e-01	-3.582192e-01	6.982978e-01	
3  345.198	2.313089e+00	1.104879e-01	-9.896713e-01	-3.444938e-01	7.110906e-01	
3  345.129	2.309323e+00	1.110611e-01	-9.854364e-01	-3.417610e-01	7.081751e-01	
4  345.728	2.295117e+00	1.124732e-01	-1.028468e+00	-3.447650e-01	7.146526e-01	
6  344.362	2.282831e+00	1.124064e-01	-1.029651e+00	-3.526582e-01	7.110336e-01	
2  343.947	2.294863e+00	1.136799e-01	-1.031375e+00	-3.399592e-01	7.034799e-01	
3  343.395	2.301461e+00	1.151732e-01	-1.065996e+00	-3.691563e-01	7.080200e-01	
2  342.982	2.311645e+00	1.171726e-01	-1.081865e+00	-4.026277e-01	7.018237e-01	
1  344	2.311707e+00	1.200809e-01	-1.067352e+00	-3.502574e-01	6.897035e-01	
10  343.319	2.314311e+00	1.213844e-01	-1.077825e+00	-3.450784e-01	6.958316e-01	
1  343.307	2.323669e+00	1.227987e-01	-1.108789e+00	-3.295936e-01	6.933924e-01	
1  343.176	2.311653e+00	1.182286e-01	-1.081663e+00	-3.367749e-01	6.974581e-01	
3  343.22	2.312270e+00	1.190886e-01	-1.061674e+00	-3.701446e-01	6.945426e-01	
12  343.185	2.308471e+00	1.176342e-01	-1.039743e+00	-3.933520e-01	6.988471e-01	
2  343.722	2.311459e+00	1.159979e-01	-1.048642e+00	-3.447187e-01	7.056757e-01	
1  344.238	2.289743e+00	1.168417e-01	-1.058066e+00	-3.601374e-01	6.956282e-01	
1  343.774	2.283968e+00	1.171032e-01	-1.048552e+00	-3.748365e-01	7.040916e-01	
1  343.136	2.324580e+00	1.163953e-01	-1.047917e+00	-3.680473e-01	7.009452e-01	
1  344.344	2.300787e+00	1.168053e-01	-1.071425e+00	-3.574976e-01	7.083464e-01	
1  343.437	2.319418e+00	1.157104e-01	-1.087309e+00	-3.087356e-01	7.017042e-01	
2  344.03	2.287195e+00	1.167286e-01	-1.055926e+00	-2.715910e-01	7.044994e-01	
1  343.457	2.253947e+00	1.179140e-01	-1.077819e+00	-2.877772e-01	7.024793e-01	
3  343.698	2.242945e+00	1.162248e-01	-1.074354e+00	-2.320975e-01	7.040542e-01	
2  343.43	2.233952e+00	1.150134e-01	-1.125407e+00	-2.734216e-01	7.086943e-01	
1  344.555	2.254001e+00	1.150923e-01	-1.129578e+00	-2.594062e-01	7.152142e-01	
2  344.066	2.282087e+00	1.173286e-01	-1.128351e+00	-2.458831e-01	7.097749e-01	
1  343.668	2.294133e+00	1.174440e-01	-1.124275e+00	-2.878938e-01	7.084800e-01	
6  343.389	2.295837e+00	1.169437e-01	-1.163266e+00	-2.747408e-01	7.082526e-01	
2  343.261	2.313853e+00	1.182284e-01	-1.132793e+00	-2.577621e-01	7.052193e-01	
3  343.151	2.319466e+00	1.175312e-01	-1.134418e+00	-2.007960e-01	7.023483e-01	
4  344.038	2.325809e+00	1.178503e-01	-1.125101e+00	-2.033504e-01	7.078909e-01	
1  344.105	2.330212e+00	1.192565e-01	-1.145218e+00	-1.688568e-01	7.060944e-01	
2  343.215	2.344106e+00	1.194484e-01	-1.140502e+00	-1.364275e-01	6.998325e-01	
1  343.739	2.353974e+00	1.190559e-01	-1.136736e+00	-1.905018e-01	6.967306e-01	
3  343.904	2.362749e+00	1.195422e-01	-1.114960e+00	-1.779687e-01	6.932444e-01	
11  343.577	2.356139e+00	1.209113e-01	-1.124463e+00	-1.270663e-01	6.983024e-01	
1  345.331	2.370884e+00	1.216341e-01	-1.095977e+00	-1.178014e-01	6.992419e-01	
3  344.946	2.376213e+00	1.224993e-01	-1.044246e+00	-1.402240e-01	6.910934e-01	
2  345.23	2.358391e+00	1.199977e-01	-1.069821e+00	-1.203608e-01	7.003835e-01	
2  343.795	2.344230e+00	1.183626e-01	-1.097741e+00	-9.095333e-02	7.029862e-01	
2  344.054	2.355879e+00	1.207438e-01	-1.084684e+00	-1.035368e-01	6.969891e-01	
1  343.82	2.362115e+00	1.185333e-01	-1.063057e+00	-9.921977e-02	6.930900e-01	
1  343.466	2.388780e+00	1.179552e-01	-1.100266e+00	-8.967566e-02	7.020180e-01	
2  343.424	2.388071e+00	1.184973e-01	-1.100501e+00	-1.068986e-01	7.006230e-01	
2  343.162	2.416755e+00	1.143762e-01	-1.113885e+00	-1.040585e-01	7.063193e-01	
2  344.572	2.421241e+00	1.160959e-01	-1.138706e+00	-1.141436e-01	7.001108e-01	
1  343.2	2.404750e+00	1.142164e-01	-1.143834e+00	-1.243935e-01	7.110921e-01	
4  343.05	2.406963e+00	1.127739e-01	-1.108951e+00	-1.643777e-01	7.100829e-01	
1  344.779	2.417159e+00	1.120196e-01	-1.115823e+00	-1.891373e-01	7.062630e-01	
2  344.014	2.401155e+00	1.154831e-01	-1.159908e+00	-2.152596e-01	7.133942e-01	
1  343.59	2.400329e+00	1.122027e-01	-1.163885e+00	-2.210973e-01	7.159637e-01	
2  343.552	2.411787e+00	1.105145e-01	-1.138591e+00	-2.320349e-01	7.158726e-01	
2  343.93	2.381943e+00	1.123066e-01	-1.155701e+00	-2.064421e-01	7.195010e-01	
1  344.429	2.373220e+00	1.127153e-01	-1.142473e+00	-1.660416e-01	7.194238e-01	
1  346.191	2.369331e+00	1.137546e-01	-1.120990e+00	-1.533622e-01	7.190999e-01	
5  344.051	2.374487e+00	1.124849e-01	-1.166828e+00	-1.247297e-01	7.115828e-01	
2  345.813	2.378161e+00	1.125053e-01	-1.167131e+00	-1.957993e-01	7.237850e-01	
3  343.961	2.395564e+00	1.109148e-01	-1.183297e+00	-2.124911e-01	7.209602e-01	
1  344.155	2.366023e+00	1.109156e-01	-1.146462e+00	-2.168284e-01	7.224341e-01	
2  343.938	2.379332e+00	1.123078e-01	-1.148833e+00	-2.677056e-01	7.194832e-01	
1  346.31	2.388729e+00	1.135894e-01	-1.129123e+00	-2.512968e-01	7.207218e-01	
2  344.301	2.373955e+00	1.134833e-01	-1.167196e+00	-2.295512e-01	7.188888e-01	
4  344.499	2.393228e+00	1.160471e-01	-1.183175e+00	-2.706731e-01	7.074584e-01	
3  344.056	2.418327e+00	1.154473e-01	-1.165093e+00	-2.761057e-01	7.129182e-01	
2  343.329	2.429424e+00	1.158725e-01	-1.118558e+00	-2.756500e-01	7.045602e-01	
1  345.186	2.414840e+00	1.140863e-01	-1.107707e+00	-2.838214e-01	7.167720e-01	
9  343.189	2.396132e+00	1.159264e-01	-1.075253e+00	-2.464531e-01	7.005966e-01	
3  343.152	2.421049e+00	1.158629e-01	-1.060058e+00	-2.294215e-01	7.019311e-01	
2  343.273	2.414334e+00	1.138108e-01	-1.037550e+00	-2.635614e-01	7.046353e-01	
1  343.241	2.430133e+00	1.139103e-01	-1.081779e+00	-1.970394e-01	7.042092e-01	
1  343.164	2.419581e+00	1.137481e-01	-1.115267e+00	-1.596785e-01	7.074482e-01	
1  343.699	2.391065e+00	1.151968e-01	-1.162807e+00	-1.312410e-01	7.069264e-01	
1  343.664	2.350254e+00	1.142638e-01	-1.154757e+00	-1.281822e-01	7.149417e-01	
1  343.886	2.330441e+00	1.154721e-01	-1.119284e+00	-1.871331e-01	7.116031e-01	
8  343.161	2.329220e+00	1.154197e-01	-1.134789e+00	-1.348311e-01	7.092488e-01	
1  345.831	2.328264e+00	1.144776e-01	-1.097037e+00	-1.470265e-01	6.982346e-01	
1  344.754	2.333530e+00	1.146641e-01	-1.082800e+00	-1.131362e-01	6.989325e-01	
1  343.322	2.336723e+00	1.147061e-01	-1.080125e+00	-1.109318e-01	7.053940e-01	
2  343.769	2.330940e+00	1.146822e-01	-1.130088e+00	-1.167798e-01	7.131791e-01	
4  343.815	2.339807e+00	1.151555e-01	-1.169709e+00	-9.544354e-02	7.070635e-01	
1  344.284	2.384806e+00	1.173782e-01	-1.128932e+00	-1.315780e-01	7.086688e-01	
1  343.62	2.388424e+00	1.174359e-01	-1.166479e+00	-1.068860e-01	7.041267e-01	
1  343.291	2.377207e+00	1.168918e-01	-1.137396e+00	-1.010470e-01	7.063612e-01	
3  343.503	2.388535e+00	1.179833e-01	-1.124589e+00	-7.933903e-02	7.037698e-01	
5  343.55	2.395494e+00	1.191926e-01	-1.110784e+00	-7.731905e-02	6.970643e-01	
1  344.031	2.391309e+00	1.187305e-01	-1.141563e+00	-1.461175e-01	7.056614e-01	
1  343.911	2.411510e+00	1.197721e-01	-1.151442e+00	-1.869242e-01	7.024105e-01	
3  344.269	2.440814e+00	1.202549e-01	-1.162912e+00	-1.703202e-01	6.983926e-01	
1  344.768	2.456867e+00	1.228106e-01	-1.134032e+00	-1.449950e-01	6.890526e-01	
1  344.745	2.460091e+00	1.226498e-01	-1.130343e+00	-1.696823e-01	6.890532e-01	
3  344.743	2.471675e+00	1.207673e-01	-1.165091e+00	-1.631048e-01	7.002050e-01	
1  344.895	2.457234e+00	1.180671e-01	-1.170963e+00	-1.043177e-01	6.999018e-01	
1  345.273	2.465801e+00	1.218285e-01	-1.135428e+00	-1.140299e-01	6.890447e-01	
4  344.238	2.438848e+00	1.219955e-01	-1.141094e+00	-1.665801e-01	6.931195e-01	
1  345.64	2.426447e+00	1.223713e-01	-1.136209e+00	-2.001975e-01	6.867331e-01	
2  347.884	2.458952e+00	1.223927e-01	-1.164846e+00	-1.846070e-01	6.858601e-01	
1  345.311	2.481657e+00	1.227147e-01	-1.081284e+00	-1.680272e-01	6.827341e-01	
1  344.696	2.486029e+00	1.236167e-01	-1.090990e+00	-2.121048e-01	6.893210e-01	
1  345.315	2.485877e+00	1.248952e-01	-1.036648e+00	-1.721111e-01	6.824042e-01	
2  345.399	2.508512e+00	1.239552e-01	-1.040655e+00	-1.940628e-01	6.789020e-01	
1  346.359	2.511744e+00	1.246198e-01	-1.073087e+00	-1.746851e-01	6.772693e-01	
1  346.254	2.538961e+00	1.269886e-01	-1.053398e+00	-1.828995e-01	6.761356e-01	
1  346.63	2.529295e+00	1.274904e-01	-1.121416e+00	-1.982973e-01	6.817439e-01	
1  346.636	2.536353e+00	1.268718e-01	-1.119912e+00	-1.580773e-01	6.807245e-01	
1  347.094	2.525539e+00	1.272733e-01	-1.105617e+00	-1.167525e-01	6.761812e-01	
6  346.985	2.520522e+00	1.285864e-01	-1.096962e+00	-1.176200e-01	6.752093e-01	
3  349.522	2.530094e+00	1.279856e-01	-1.093312e+00	-1.230862e-01	6.876518e-01	
1  348.598	2.522707e+00	1.254220e-01	-1.082416e+00	-9.037779e-02	6.915684e-01	
1  345.808	2.504830e+00	1.223952e-01	-1.111783e+00	-1.231828e-01	6.965874e-01	
1  347.674	2.496784e+00	1.238057e-01	-1.048102e+00	-1.488307e-01	6.924099e-01	
2  347.501	2.479851e+00	1.236101e-01	-1.033532e+00	-1.513765e-01	6.914987e-01	
2  346.771	2.474908e+00	1.204452e-01	-1.009961e+00	-1.738848e-01	6.954819e-01	
1  345.469	2.492797e+00	1.195808e-01	-9.685150e-01	-1.984757e-01	6.879451e-01	
5  346.186	2.481816e+00	1.206525e-01	-9.500196e-01	-1.898558e-01	6.803123e-01	
1  345.48	2.485293e+00	1.212188e-01	-9.775942e-01	-2.295585e-01	6.800491e-01	
1  345.108	2.482596e+00	1.211395e-01	-1.016957e+00	-2.285167e-01	6.818653e-01	
4  344.514	2.483575e+00	1.213849e-01	-1.046088e+00	-2.407032e-01	6.924256e-01	
8  344.551	2.484659e+00	1.213022e-01	-1.003645e+00	-2.436510e-01	6.852753e-01	
1  345.488	2.455512e+00	1.234792e-01	-1.013889e+00	-2.196169e-01	6.768056e-01	
1  345.88	2.450680e+00	1.244889e-01	-9.785229e-01	-2.203967e-01	6.791921e-01	
1  346.782	2.441668e+00	1.225032e-01	-9.805930e-01	-2.136243e-01	6.738861e-01	
2  345.306	2.441455e+00	1.222056e-01	-9.676987e-01	-2.714576e-01	6.798597e-01	
1  345.981	2.456304e+00	1.219906e-01	-9.335924e-01	-3.417427e-01	6.816359e-01	
1  345.487	2.460160e+00	1.209878e-01	-9.334727e-01	-3.743122e-01	6.812328e-01	
3  345.267	2.463801e+00	1.205397e-01	-1.001934e+00	-3.762294e-01	6.819898e-01	
4  345.208	2.479385e+00	1.223281e-01	-1.024117e+00	-3.652843e-01	6.920728e-01	
3  345.313	2.459921e+00	1.221609e-01	-9.878312e-01	-3.247257e-01	6.882692e-01	
3  344.865	2.454528e+00	1.219232e-01	-9.829959e-01	-2.879233e-01	6.848668e-01	
2  345.021	2.433971e+00	1.220733e-01	-9.835573e-01	-2.668834e-01	6.802827e-01	
1  345.877	2.439285e+00	1.241163e-01	-9.672523e-01	-2.496972e-01	6.746127e-01	
3  345.64	2.444603e+00	1.251013e-01	-9.804027e-01	-2.799389e-01	6.736591e-01	
2  346.03	2.450438e+00	1.220851e-01	-9.578641e-01	-2.305449e-01	6.772547e-01	
2  345.793	2.447597e+00	1.226807e-01	-9.572709e-01	-2.482143e-01	6.791713e-01	
2  345.905	2.446385e+00	1.222744e-01	-9.551251e-01	-2.561674e-01	6.773821e-01	
4  346.429	2.429854e+00	1.224701e-01	-9.316461e-01	-3.037619e-01	6.754331e-01	
1  345.895	2.459556e+00	1.242275e-01	-9.999932e-01	-3.279329e-01	6.862347e-01	
3  346.197	2.467442e+00	1.257621e-01	-1.009121e+00	-2.744527e-01	6.828407e-01	
4  345.565	2.455146e+00	1.244742e-01	-1.019352e+00	-3.013519e-01	6.865325e-01	
4  344.647	2.462220e+00	1.246885e-01	-1.061442e+00	-2.607583e-01	6.854069e-01	
4  344.754	2.448992e+00	1.251574e-01	-1.109168e+00	-2.678645e-01	6.853371e-01	
2  345.924	2.429943e+00	1.245409e-01	-1.086122e+00	-2.080964e-01	6.780025e-01	
3  344.276	2.422786e+00	1.250163e-01	-1.079154e+00	-2.206847e-01	6.842495e-01	
1  344.761	2.438748e+00	1.244118e-01	-1.057853e+00	-2.161966e-01	6.798410e-01	
2  346.687	2.437309e+00	1.255059e-01	-1.020446e+00	-1.672567e-01	6.706066e-01	
2  345.878	2.436075e+00	1.242282e-01	-1.032935e+00	-1.646601e-01	6.752011e-01	
1  346.214	2.435432e+00	1.238694e-01	-9.900854e-01	-2.429215e-01	6.731631e-01	
2  345.852	2.445964e+00	1.235368e-01	-1.010023e+00	-2.510529e-01	6.753573e-01	
6  346.6	2.466374e+00	1.231575e-01	-1.031425e+00	-2.093891e-01	6.754154e-01	
7  344.996	2.464691e+00	1.232023e-01	-1.034039e+00	-2.719842e-01	6.798650e-01	
4  344.744	2.486552e+00	1.215398e-01	-1.023547e+00	-2.029236e-01	6.892947e-01	
4  344.681	2.477482e+00	1.213092e-01	-1.009295e+00	-2.249638e-01	6.833692e-01	
1  344.365	2.453902e+00	1.203792e-01	-1.010806e+00	-2.512791e-01	6.855708e-01	
4  344.966	2.461185e+00	1.221475e-01	-1.009528e+00	-1.448022e-01	6.841474e-01	
2  345.35	2.473309e+00	1.222015e-01	-1.004601e+00	-1.340279e-01	6.806198e-01	
5  344.488	2.471632e+00	1.213522e-01	-1.034063e+00	-1.923969e-01	6.846414e-01	
1  345.416	2.498498e+00	1.212768e-01	-1.043626e+00	-1.649620e-01	6.937436e-01	
2  345.787	2.509969e+00	1.210028e-01	-9.909033e-01	-1.227347e-01	6.873185e-01	
6  346.114	2.486593e+00	1.195460e-01	-9.968652e-01	-1.525500e-01	6.941520e-01	
3  344.656	2.484259e+00	1.183561e-01	-1.044688e+00	-1.509712e-01	6.890723e-01	
3  345.513	2.442111e+00	1.179124e-01	-1.098852e+00	-1.723626e-01	6.914435e-01	
8  343.611	2.425169e+00	1.203519e-01	-1.099612e+00	-1.885799e-01	6.930809e-01	
2  344.951	2.446513e+00	1.189646e-01	-1.052467e+00	-1.765271e-01	6.874211e-01	
2  344.539	2.459838e+00	1.208665e-01	-1.022468e+00	-2.062032e-01	6.844789e-01	
1  345.288	2.490603e+00	1.224626e-01	-1.021878e+00	-1.891462e-01	6.882635e-01	
1  345.453	2.492519e+00	1.248674e-01	-1.029028e+00	-1.814632e-01	6.771057e-01	
2  345.14	2.468664e+00	1.255252e-01	-1.077093e+00	-2.465121e-01	6.861295e-01	
2  345.392	2.460334e+00	1.257625e-01	-1.090205e+00	-2.702610e-01	6.879827e-01	
4  345.271	2.460158e+00	1.262585e-01	-1.090788e+00	-2.921813e-01	6.800816e-01	
2  346.717	2.472947e+00	1.283608e-01	-1.062095e+00	-3.265592e-01	6.707191e-01	
3  346.53	2.469917e+00	1.290697e-01	-1.044950e+00	-3.691372e-01	6.694284e-01	
3  346.312	2.465002e+00	1.303983e-01	-1.029518e+00	-3.583440e-01	6.685144e-01	
1  346.719	2.452648e+00	1.290857e-01	-1.018145e+00	-3.210972e-01	6.658732e-01	
2  346.288	2.455095e+00	1.297907e-01	-1.015810e+00	-3.255904e-01	6.730200e-01	
2  347.33	2.434035e+00	1.302304e-01	-1.025510e+00	-3.134933e-01	6.626298e-01	
1  347.751	2.418291e+00	1.336248e-01	-1.004275e+00	-2.858449e-01	6.559943e-01	
1  347.317	2.404285e+00	1.318527e-01	-9.716902e-01	-2.854479e-01	6.589482e-01	
1  348.409	2.421896e+00	1.320408e-01	-9.691581e-01	-2.739875e-01	6.547924e-01	
1  348.419	2.436586e+00	1.330638e-01	-9.842390e-01	-2.126756e-01	6.548066e-01	
2  347.665	2.430649e+00	1.327373e-01	-9.957092e-01	-2.337909e-01	6.577966e-01	
1  347.959	2.455465e+00	1.341970e-01	-1.005785e+00	-2.382606e-01	6.595209e-01	
1  348.267	2.455710e+00	1.345430e-01	-1.038992e+00	-2.582361e-01	6.567550e-01	
1  348.427	2.468182e+00	1.349828e-01	-1.068384e+00	-2.363710e-01	6.588819e-01	
3  348.173	2.458614e+00	1.357650e-01	-1.071796e+00	-2.384481e-01	6.622189e-01	
4  348.657	2.478249e+00	1.351655e-01	-1.078555e+00	-2.440959e-01	6.670959e-01	
6  347.947	2.465548e+00	1.343508e-01	-1.055832e+00	-2.277945e-01	6.658235e-01	
2  347.357	2.477410e+00	1.325368e-01	-1.058482e+00	-2.189724e-01	6.689918e-01	
1  346.888	2.425869e+00	1.314352e-01	-1.036972e+00	-2.432780e-01	6.626863e-01	
8  346.462	2.429192e+00	1.319597e-01	-1.031471e+00	-2.570516e-01	6.654023e-01	
2  347.022	2.430672e+00	1.325285e-01	-1.055570e+00	-2.591879e-01	6.626881e-01	
4  347.883	2.450998e+00	1.341341e-01	-1.010718e+00	-2.179544e-01	6.597903e-01	
2  349.569	2.441843e+00	1.345967e-01	-1.010597e+00	-2.100385e-01	6.661961e-01	
1  346.99	2.432715e+00	1.338346e-01	-1.062444e+00	-2.363542e-01	6.651365e-01	
4  347.055	2.451131e+00	1.314575e-01	-1.034540e+00	-1.782355e-01	6.698860e-01	
1  345.906	2.456495e+00	1.287283e-01	-1.042422e+00	-2.177914e-01	6.757017e-01	
4  345.934	2.448094e+00	1.283789e-01	-1.044818e+00	-2.435737e-01	6.704735e-01	
1  346.468	2.446290e+00	1.290475e-01	-1.015262e+00	-2.169018e-01	6.741618e-01	
2  346.647	2.450500e+00	1.283798e-01	-1.023931e+00	-1.573903e-01	6.673918e-01	
1  346.17	2.415849e+00	1.286683e-01	-9.953864e-01	-2.164364e-01	6.680774e-01	
2  345.811	2.410585e+00	1.290751e-01	-1.008842e+00	-2.372101e-01	6.707733e-01	
2  346.141	2.414842e+00	1.300643e-01	-1.027388e+00	-2.277063e-01	6.662776e-01	
2  347.978	2.433502e+00	1.308186e-01	-1.039878e+00	-2.545636e-01	6.608489e-01	
3  346.643	2.422717e+00	1.300747e-01	-1.003355e+00	-2.780246e-01	6.635519e-01	
4  346.169	2.417584e+00	1.320889e-01	-1.046030e+00	-3.152876e-01	6.667350e-01	
2  346.575	2.409673e+00	1.322528e-01	-1.077081e+00	-3.449196e-01	6.662573e-01	
4  345.897	2.392388e+00	1.315203e-01	-1.012437e+00	-3.447876e-01	6.668905e-01	
2  345.088	2.395046e+00	1.293526e-01	-1.041741e+00	-3.525997e-01	6.749847e-01	
1  345.305	2.388600e+00	1.287209e-01	-1.078683e+00	-3.453519e-01	6.736372e-01	
2  345.95	2.405050e+00	1.279664e-01	-1.074779e+00	-3.869392e-01	6.731995e-01	
2  345.638	2.385553e+00	1.277807e-01	-1.070658e+00	-4.543466e-01	6.743217e-01	
2  345.558	2.402277e+00	1.287913e-01	-1.042977e+00	-4.730803e-01	6.809441e-01	
1  345.141	2.387539e+00	1.296585e-01	-1.055803e+00	-4.747656e-01	6.777874e-01	
1  345.67	2.393889e+00	1.316085e-01	-1.045880e+00	-5.237134e-01	6.720037e-01	
1  346.71	2.389749e+00	1.314091e-01	-1.019086e+00	-5.692242e-01	6.634480e-01	
3  345.734	2.376500e+00	1.311084e-01	-1.055102e+00	-5.089731e-01	6.690596e-01	
1  346.053	2.392327e+00	1.301819e-01	-1.024267e+00	-5.258773e-01	6.669238e-01	
1  346.911	2.405992e+00	1.305861e-01	-1.110119e+00	-5.411452e-01	6.743693e-01	
1  346.802	2.387887e+00	1.281701e-01	-1.168809e+00	-5.261195e-01	6.890050e-01	
5  344.923	2.368321e+00	1.283640e-01	-1.096384e+00	-5.366049e-01	6.816576e-01	
4  345.971	2.371418e+00	1.261828e-01	-1.110468e+00	-5.176859e-01	6.940688e-01	
2  345.659	2.366263e+00	1.260544e-01	-1.156364e+00	-5.094698e-01	6.889167e-01	
3  346.043	2.367636e+00	1.268395e-01	-1.140746e+00	-5.434096e-01	6.844193e-01	
2  345.996	2.370758e+00	1.264582e-01	-1.122437e+00	-5.030990e-01	6.815883e-01	
1  346.055	2.357624e+00	1.262651e-01	-1.085536e+00	-4.911119e-01	6.931196e-01	
1  344.944	2.330407e+00	1.265039e-01	-1.077268e+00	-4.949525e-01	6.902380e-01	
2  343.881	2.353191e+00	1.248728e-01	-1.067228e+00	-5.494974e-01	6.893210e-01	
3  344.066	2.326060e+00	1.257001e-01	-1.062703e+00	-5.511957e-01	6.890638e-01	
2  343.697	2.328879e+00	1.258395e-01	-1.024621e+00	-5.551582e-01	6.809433e-01	
2  344.146	2.340560e+00	1.264048e-01	-9.884918e-01	-5.453035e-01	6.784354e-01	
2  344.104	2.331021e+00	1.266912e-01	-1.029480e+00	-5.772031e-01	6.841148e-01	
1  343.928	2.351168e+00	1.247249e-01	-1.034266e+00	-6.042674e-01	6.823416e-01	
5  344.088	2.340336e+00	1.248162e-01	-1.013215e+00	-5.704611e-01	6.872827e-01	
3  343.889	2.346225e+00	1.228666e-01	-9.710238e-01	-5.996405e-01	6.863255e-01	
1  345.432	2.353889e+00	1.223858e-01	-9.629066e-01	-5.747992e-01	6.771762e-01	
1  345.393	2.344653e+00	1.246048e-01	-9.088921e-01	-6.004732e-01	6.748996e-01	
1  343.843	2.338371e+00	1.249258e-01	-9.910761e-01	-6.023730e-01	6.834965e-01	
1  344.69	2.320804e+00	1.250834e-01	-1.028242e+00	-5.955990e-01	6.906091e-01	
1  343.862	2.336087e+00	1.249764e-01	-1.068808e+00	-5.790767e-01	6.851111e-01	
3  344.377	2.365447e+00	1.243834e-01	-1.077980e+00	-5.609313e-01	6.852055e-01	
4  344.348	2.356154e+00	1.231413e-01	-1.109858e+00	-5.853192e-01	6.968548e-01	
3  343.677	2.357214e+00	1.239602e-01	-1.066955e+00	-5.729161e-01	6.897634e-01	
1  343.688	2.366722e+00	1.206125e-01	-1.066905e+00	-5.884071e-01	6.994742e-01	
2  345.312	2.347909e+00	1.190146e-01	-1.092901e+00	-5.960386e-01	6.941280e-01	
7  346.069	2.348489e+00	1.184255e-01	-1.140829e+00	-6.547003e-01	7.005302e-01	
1  346.272	2.352630e+00	1.202526e-01	-1.156047e+00	-6.700020e-01	7.095549e-01	
1  345.67	2.364937e+00	1.216438e-01	-1.148499e+00	-7.025156e-01	7.003824e-01	
4  345.566	2.360377e+00	1.215685e-01	-1.143341e+00	-7.069296e-01	7.032394e-01	
1  345.437	2.357653e+00	1.207760e-01	-1.126712e+00	-6.700306e-01	7.061201e-01	
2  344.555	2.358280e+00	1.190600e-01	-1.132550e+00	-6.474587e-01	7.039446e-01	
1  343.589	2.346312e+00	1.182890e-01	-1.084822e+00	-6.666902e-01	7.014772e-01	
7  343.049	2.338471e+00	1.194890e-01	-1.035622e+00	-6.779282e-01	6.972301e-01	
2  344.218	2.354360e+00	1.170181e-01	-1.023919e+00	-6.596843e-01	6.949868e-01	
1  344.288	2.375058e+00	1.146069e-01	-1.036973e+00	-6.505917e-01	7.007584e-01	
1  343.719	2.396464e+00	1.126249e-01	-1.086357e+00	-6.693120e-01	7.157445e-01	
1  343.616	2.390552e+00	1.125847e-01	-1.071402e+00	-7.148957e-01	7.128776e-01	
6  343.741	2.376849e+00	1.097535e-01	-1.031885e+00	-7.067891e-01	7.136316e-01	
4  343.541	2.368731e+00	1.086641e-01	-9.897385e-01	-6.802319e-01	7.163406e-01	
1  343.194	2.378427e+00	1.101348e-01	-1.028543e+00	-6.285299e-01	7.152953e-01	
3  344.096	2.378160e+00	1.096616e-01	-1.043371e+00	-5.920525e-01	7.121233e-01	
1  343.537	2.405585e+00	1.095174e-01	-1.065458e+00	-6.035893e-01	7.165191e-01	
3  344.058	2.433428e+00	1.099248e-01	-1.098133e+00	-6.079338e-01	7.177410e-01	
1  343.958	2.458771e+00	1.097177e-01	-1.089925e+00	-6.274303e-01	7.216860e-01	
4  346.266	2.447211e+00	1.115642e-01	-1.146625e+00	-7.022507e-01	7.173850e-01	
2  346.537	2.466039e+00	1.097554e-01	-1.171082e+00	-6.269653e-01	7.228915e-01	
2  347.368	2.460077e+00	1.090777e-01	-1.161167e+00	-6.408726e-01	7.320266e-01	
3  345.618	2.465316e+00	1.095881e-01	-1.129255e+00	-5.811431e-01	7.275219e-01	
1  344.662	2.437914e+00	1.098767e-01	-1.088132e+00	-6.250674e-01	7.244146e-01	
2  343.572	2.431906e+00	1.074446e-01	-1.037400e+00	-6.389954e-01	7.186263e-01	
3  344.93	2.415333e+00	1.053453e-01	-1.032145e+00	-5.913500e-01	7.189920e-01	
2  344.439	2.416625e+00	1.058482e-01	-1.094099e+00	-5.769294e-01	7.248704e-01	
5  344.211	2.388044e+00	1.067722e-01	-1.095132e+00	-5.940628e-01	7.246431e-01	
1  344.429	2.394923e+00	1.053102e-01	-1.091486e+00	-6.135171e-01	7.308491e-01	
4  345.586	2.365186e+00	1.033713e-01	-1.090883e+00	-6.431337e-01	7.298725e-01	
3  345.102	2.338001e+00	1.050987e-01	-1.101467e+00	-6.513779e-01	7.330606e-01	
4  345.507	2.328571e+00	1.049610e-01	-1.142719e+00	-5.283064e-01	7.311101e-01	
2  346.01	2.327938e+00	1.059102e-01	-1.181056e+00	-5.008960e-01	7.320601e-01	
1  346.6	2.342736e+00	1.052977e-01	-1.179845e+00	-5.013225e-01	7.307547e-01	
2  346.454	2.343450e+00	1.045595e-01	-1.192186e+00	-4.885453e-01	7.370762e-01	
2  346.669	2.328653e+00	1.057580e-01	-1.195861e+00	-4.799684e-01	7.315439e-01	
1  346.697	2.316296e+00	1.049940e-01	-1.185158e+00	-4.983945e-01	7.325761e-01	
1  346.812	2.325006e+00	1.046012e-01	-1.156512e+00	-4.818910e-01	7.289095e-01	
1  345.402	2.310438e+00	1.067021e-01	-1.135111e+00	-4.619654e-01	7.326153e-01	
2  345.039	2.289370e+00	1.063478e-01	-1.140701e+00	-4.756874e-01	7.296462e-01	
2  346.563	2.291264e+00	1.057882e-01	-1.107388e+00	-4.541647e-01	7.349563e-01	
1  346.817	2.295666e+00	1.044557e-01	-1.141127e+00	-4.510134e-01	7.277959e-01	
1  346.517	2.301268e+00	1.038798e-01	-1.141965e+00	-4.626208e-01	7.301828e-01	
2  346.339	2.300077e+00	1.031171e-01	-1.169387e+00	-4.547182e-01	7.383619e-01	
2  346.277	2.307780e+00	1.035388e-01	-1.158820e+00	-4.588933e-01	7.337447e-01	
4  345.375	2.293164e+00	1.055788e-01	-1.159656e+00	-4.223919e-01	7.326465e-01	
3  345.853	2.268102e+00	1.049541e-01	-1.160706e+00	-4.006677e-01	7.316781e-01	
2  344.774	2.282720e+00	1.069536e-01	-1.133711e+00	-4.056296e-01	7.289496e-01	
2  346.2	2.273655e+00	1.079828e-01	-1.131853e+00	-4.237993e-01	7.318721e-01	
3  345.095	2.289324e+00	1.059768e-01	-1.136393e+00	-4.736527e-01	7.294575e-01	
7  344.473	2.310546e+00	1.060695e-01	-1.088509e+00	-4.831331e-01	7.257524e-01	
6  345.078	2.324295e+00	1.063651e-01	-1.134058e+00	-4.842990e-01	7.321235e-01	
1  343.719	2.322865e+00	1.101214e-01	-1.069754e+00	-4.945416e-01	7.196245e-01	
4  345.586	2.338513e+00	1.070829e-01	-1.035337e+00	-5.053223e-01	7.145079e-01	
1  343.884	2.339811e+00	1.084685e-01	-1.064379e+00	-4.869275e-01	7.224787e-01	
4  343.711	2.357543e+00	1.083764e-01	-1.051350e+00	-4.684023e-01	7.209509e-01	
3  343.77	2.371011e+00	1.084358e-01	-1.081768e+00	-4.639784e-01	7.234898e-01	
2  343.424	2.381830e+00	1.084788e-01	-1.045009e+00	-4.346295e-01	7.174075e-01	
2  344.38	2.382389e+00	1.077472e-01	-1.047270e+00	-4.842441e-01	7.151071e-01	
3  343.72	2.382728e+00	1.077107e-01	-1.030343e+00	-4.914027e-01	7.209664e-01	
4  344.023	2.397443e+00	1.065191e-01	-1.031176e+00	-4.678135e-01	7.179178e-01	
2  345.454	2.383004e+00	1.062160e-01	-1.003038e+00	-4.387292e-01	7.137352e-01	
4  344.221	2.389071e+00	1.048669e-01	-1.013020e+00	-4.937272e-01	7.247000e-01	
1  344.181	2.364912e+00	1.049666e-01	-1.037501e+00	-5.010403e-01	7.251366e-01	
2  346.317	2.390512e+00	1.070055e-01	-1.082141e+00	-4.779926e-01	7.318362e-01	
2  344.128	2.386154e+00	1.080230e-01	-1.081753e+00	-4.843586e-01	7.178735e-01	
1  343.485	2.375641e+00	1.107110e-01	-1.099829e+00	-5.124728e-01	7.174068e-01	
1  343.891	2.356331e+00	1.122105e-01	-1.111709e+00	-5.161853e-01	7.190062e-01	
1  343.592	2.351940e+00	1.092546e-01	-1.078233e+00	-4.933946e-01	7.210505e-01	
5  343.486	2.361769e+00	1.098066e-01	-1.050393e+00	-5.562843e-01	7.146119e-01	
1  343.545	2.362176e+00	1.092727e-01	-1.051860e+00	-5.173556e-01	7.154403e-01	
7  343.672	2.360358e+00	1.078942e-01	-1.052084e+00	-5.220164e-01	7.219647e-01	
1  343.818	2.387265e+00	1.124751e-01	-1.044478e+00	-5.119879e-01	7.150100e-01	
5  343.144	2.416179e+00	1.108898e-01	-1.048858e+00	-5.309652e-01	7.120914e-01	
1  343.635	2.401853e+00	1.115014e-01	-1.052640e+00	-4.871546e-01	7.166169e-01	
3  344.289	2.435349e+00	1.099580e-01	-1.093454e+00	-5.001716e-01	7.233250e-01	
1  344.452	2.440071e+00	1.096358e-01	-1.052849e+00	-5.214139e-01	7.224099e-01	
1  343.808	2.444741e+00	1.099189e-01	-1.069551e+00	-5.429706e-01	7.211907e-01	
1  343.268	2.434309e+00	1.108192e-01	-1.010524e+00	-5.928532e-01	7.144332e-01	
6  343.1	2.439624e+00	1.100377e-01	-1.034849e+00	-5.972993e-01	7.139021e-01	
2  343.36	2.420070e+00	1.094525e-01	-1.017004e+00	-5.784939e-01	7.123360e-01	
1  343.612	2.415014e+00	1.077076e-01	-1.006913e+00	-5.626173e-01	7.151561e-01	
2  344.08	2.399702e+00	1.080464e-01	-1.043528e+00	-5.829404e-01	7.156035e-01	
1  343.577	2.389607e+00	1.106962e-01	-1.085504e+00	-6.089982e-01	7.168271e-01	
3  344.075	2.417184e+00	1.080040e-01	-1.050261e+00	-5.574562e-01	7.245520e-01	
2  343.509	2.424390e+00	1.079479e-01	-1.041828e+00	-5.354527e-01	7.220371e-01	
5  343.705	2.416761e+00	1.067382e-01	-1.041542e+00	-5.688489e-01	7.248150e-01	
4  343.855	2.400681e+00	1.067980e-01	-9.998249e-01	-6.005649e-01	7.169727e-01	
13  344.652	2.379901e+00	1.050157e-01	-9.654733e-01	-5.979073e-01	7.198175e-01	
4  344.392	2.383223e+00	1.054815e-01	-9.792791e-01	-5.913374e-01	7.189338e-01	
1  343.95	2.362950e+00	1.059508e-01	-1.041732e+00	-5.729672e-01	7.235294e-01	
1  344.297	2.323087e+00	1.059216e-01	-1.044642e+00	-5.979709e-01	7.250728e-01	
4  344.712	2.305046e+00	1.059606e-01	-1.016301e+00	-5.971474e-01	7.215188e-01	
2  344.789	2.345818e+00	1.048595e-01	-1.003088e+00	-6.026076e-01	7.266194e-01	
1  345.388	2.344234e+00	1.033479e-01	-9.863511e-01	-5.837865e-01	7.277619e-01	
2  344.418	2.325412e+00	1.060660e-01	-1.024276e+00	-5.931734e-01	7.215171e-01	
8  344.242	2.326545e+00	1.068973e-01	-1.055677e+00	-5.411850e-01	7.209659e-01	
2  344.085	2.331362e+00	1.082140e-01	-1.109936e+00	-4.800690e-01	7.221362e-01	
1  344.346	2.295538e+00	1.088018e-01	-1.088758e+00	-4.917655e-01	7.245108e-01	
2  345.215	2.296095e+00	1.107662e-01	-1.050479e+00	-5.039429e-01	7.211412e-01	
4  343.778	2.318014e+00	1.113053e-01	-1.059038e+00	-5.289866e-01	7.108948e-01	
3  343.41	2.301826e+00	1.117637e-01	-1.040825e+00	-5.528293e-01	7.117215e-01	
1  343.454	2.301914e+00	1.118122e-01	-1.058887e+00	-5.451307e-01	7.151466e-01	
1  343.405	2.282558e+00	1.123214e-01	-1.073765e+00	-4.843277e-01	7.131033e-01	
5  343.654	2.300131e+00	1.123032e-01	-1.047808e+00	-5.354148e-01	7.086101e-01	
7  343.239	2.318610e+00	1.137317e-01	-1.031176e+00	-5.506766e-01	7.057676e-01	
1  343.803	2.329931e+00	1.146168e-01	-1.000289e+00	-5.377939e-01	7.067735e-01	
1  344.46	2.339921e+00	1.171053e-01	-1.015348e+00	-6.141244e-01	7.064182e-01	
10  343.061	2.339885e+00	1.180892e-01	-1.006025e+00	-5.905771e-01	6.969730e-01	
9  343.227	2.328904e+00	1.191451e-01	-9.924548e-01	-6.059732e-01	6.928576e-01	
3  343.979	2.363923e+00	1.185493e-01	-1.033246e+00	-5.730304e-01	6.922891e-01	
2  343.457	2.367400e+00	1.226698e-01	-1.037859e+00	-5.403784e-01	6.906220e-01	
3  344.301	2.370836e+00	1.227069e-01	-1.051278e+00	-5.782003e-01	6.956520e-01	
1  345.054	2.357854e+00	1.230587e-01	-1.042168e+00	-6.234039e-01	6.967822e-01	
3  344.689	2.383552e+00	1.237914e-01	-1.029772e+00	-6.345943e-01	6.928231e-01	
3  343.59	2.416085e+00	1.206163e-01	-1.045247e+00	-6.351174e-01	6.944138e-01	
6  344.837	2.437001e+00	1.209435e-01	-1.086829e+00	-6.492205e-01	7.006094e-01	
4  344.116	2.431263e+00	1.189749e-01	-1.091125e+00	-6.200243e-01	7.019613e-01	
1  343.741	2.417602e+00	1.183095e-01	-1.075215e+00	-6.116328e-01	6.996117e-01	
3  343.685	2.421021e+00	1.181662e-01	-1.059239e+00	-5.910672e-01	6.973443e-01	
6  343.717	2.418514e+00	1.192048e-01	-1.068498e+00	-6.326045e-01	7.004307e-01	
4  344.148	2.393375e+00	1.183701e-01	-1.067962e+00	-5.965809e-01	6.959067e-01	
4  343.414	2.397658e+00	1.172746e-01	-1.039440e+00	-5.388451e-01	6.968327e-01	
1  343.131	2.384429e+00	1.189913e-01	-1.058795e+00	-4.860458e-01	6.986983e-01	
1  343.533	2.382796e+00	1.175105e-01	-1.030087e+00	-5.471439e-01	7.032216e-01	
1  343.207	2.407532e+00	1.187785e-01	-1.018188e+00	-5.513780e-01	6.944717e-01	
1  343.823	2.413989e+00	1.188832e-01	-1.053842e+00	-5.529957e-01	7.021643e-01	
1  343.847	2.413413e+00	1.189909e-01	-1.046050e+00	-5.093226e-01	7.012461e-01	
1  344.332	2.394580e+00	1.180791e-01	-1.056416e+00	-4.830859e-01	7.054235e-01	
3  345.013	2.388695e+00	1.192647e-01	-1.049119e+00	-5.177259e-01	7.041967e-01	
2  344.331	2.410767e+00	1.201325e-01	-1.054284e+00	-5.409073e-01	7.008442e-01	
2  344.081	2.402466e+00	1.175550e-01	-1.048716e+00	-5.914263e-01	6.956434e-01	
6  343.749	2.396918e+00	1.162035e-01	-1.068254e+00	-6.793214e-01	7.031446e-01	
1  343.281	2.398923e+00	1.151106e-01	-1.038105e+00	-7.412257e-01	7.052601e-01	
2  343.193	2.403709e+00	1.160316e-01	-1.028560e+00	-7.347942e-01	7.029232e-01	
3  343.416	2.408362e+00	1.182697e-01	-1.041833e+00	-7.055788e-01	7.011017e-01	
1  343.464	2.419660e+00	1.172510e-01	-1.027752e+00	-7.331227e-01	7.036283e-01	
12  343.27	2.425989e+00	1.170561e-01	-1.022589e+00	-7.221739e-01	7.002971e-01	
8  343.892	2.432161e+00	1.161046e-01	-9.780828e-01	-7.229758e-01	7.045299e-01	
1  343.279	2.383747e+00	1.155801e-01	-1.023927e+00	-7.068368e-01	7.071918e-01	
2  343.141	2.374070e+00	1.142670e-01	-1.026714e+00	-7.582983e-01	7.066569e-01	
21  343.348	2.370709e+00	1.153517e-01	-1.045614e+00	-7.421522e-01	7.049514e-01	
4  344.427	2.366768e+00	1.147023e-01	-1.081048e+00	-7.561795e-01	7.152114e-01	
3  343.264	2.367154e+00	1.169949e-01	-1.043422e+00	-7.506285e-01	7.045865e-01	
1  344.216	2.367294e+00	1.171687e-01	-1.044411e+00	-7.787719e-01	7.085813e-01	
5  345.402	2.363042e+00	1.185539e-01	-1.027828e+00	-8.016647e-01	7.075904e-01	
10  344.031	2.358230e+00	1.165795e-01	-1.063668e+00	-7.802791e-01	7.099485e-01	
1  343.502	2.331939e+00	1.132207e-01	-1.037805e+00	-8.166709e-01	7.095400e-01	
3  343.448	2.317847e+00	1.131687e-01	-1.037009e+00	-7.965984e-01	7.135803e-01	
3  343.34	2.318567e+00	1.133805e-01	-1.019493e+00	-8.169483e-01	7.081699e-01	
2  343.416	2.327756e+00	1.118049e-01	-9.890352e-01	-7.453831e-01	7.118383e-01	
1  343.973	2.360224e+00	1.137762e-01	-9.195265e-01	-7.846061e-01	6.987389e-01	
2  344.936	2.362167e+00	1.129785e-01	-8.915960e-01	-8.109545e-01	7.048166e-01	
2  345.08	2.359976e+00	1.105925e-01	-9.028466e-01	-7.925705e-01	7.022288e-01	
2  345.47	2.362280e+00	1.106280e-01	-8.954382e-01	-7.867903e-01	7.105977e-01	
1  346.304	2.345264e+00	1.080159e-01	-9.310570e-01	-7.637919e-01	7.068404e-01	
1  343.899	2.373524e+00	1.082719e-01	-9.714554e-01	-7.543644e-01	7.133317e-01	
5  343.72	2.383424e+00	1.081390e-01	-9.796519e-01	-7.390425e-01	7.190515e-01	
1  345.217	2.390033e+00	1.108556e-01	-1.005497e+00	-7.009278e-01	7.200446e-01	
1  345.543	2.364815e+00	1.100949e-01	-1.089235e+00	-7.323641e-01	7.267245e-01	
2  348.745	2.361242e+00	1.102025e-01	-1.104456e+00	-7.282595e-01	7.318425e-01	
3  348.357	2.341617e+00	1.097398e-01	-1.098769e+00	-7.458198e-01	7.321678e-01	
2  347.763	2.320509e+00	1.089934e-01	-1.046873e+00	-7.401029e-01	7.301286e-01	
4  344.977	2.306460e+00	1.073678e-01	-1.049341e+00	-7.482964e-01	7.281986e-01	
1  344.641	2.301550e+00	1.055623e-01	-1.007486e+00	-7.885392e-01	7.251219e-01	
1  345.051	2.278716e+00	1.053329e-01	-1.026381e+00	-8.202513e-01	7.286920e-01	
1  346.945	2.293562e+00	1.049375e-01	-1.069850e+00	-7.683895e-01	7.241317e-01	
8  345.374	2.296313e+00	1.038777e-01	-1.051105e+00	-7.336011e-01	7.329146e-01	
1  345.72	2.294890e+00	1.039737e-01	-1.069319e+00	-7.274727e-01	7.350384e-01	
6  345.99	2.310521e+00	1.046741e-01	-1.102945e+00	-7.354950e-01	7.361818e-01	
4  346.362	2.307121e+00	1.038159e-01	-1.091897e+00	-7.480492e-01	7.300964e-01	
7  346.158	2.303979e+00	1.037437e-01	-1.073611e+00	-7.386536e-01	7.370790e-01	
5  346.211	2.306830e+00	1.040599e-01	-1.111189e+00	-7.412444e-01	7.373775e-01	
5  346.306	2.288949e+00	1.037270e-01	-1.079361e+00	-7.928547e-01	7.305517e-01	
2  347.05	2.305545e+00	1.069239e-01	-1.081024e+00	-7.900658e-01	7.347000e-01	
1  344.481	2.303817e+00	1.101980e-01	-1.060223e+00	-7.841557e-01	7.231512e-01	
2  344.379	2.299418e+00	1.122397e-01	-1.108277e+00	-7.436346e-01	7.165713e-01	
1  345.81	2.309760e+00	1.112031e-01	-1.105637e+00	-8.172279e-01	7.260456e-01	
1  345.96	2.323943e+00	1.090948e-01	-1.079658e+00	-8.159762e-01	7.168241e-01	
1  347.055	2.365978e+00	1.106293e-01	-1.080695e+00	-8.476730e-01	7.117121e-01	
6  343.917	2.355930e+00	1.123131e-01	-1.044188e+00	-8.214219e-01	7.104641e-01	
1  344.19	2.350721e+00	1.124118e-01	-1.054865e+00	-8.095861e-01	7.183983e-01	
4  343.646	2.384051e+00	1.120762e-01	-1.037833e+00	-8.392241e-01	7.118500e-01	
4  343.588	2.375504e+00	1.116360e-01	-1.008433e+00	-8.491612e-01	7.159069e-01	
1  343.586	2.380785e+00	1.109793e-01	-1.038955e+00	-8.383334e-01	7.171130e-01	
1  343.748	2.407145e+00	1.118286e-01	-1.025921e+00	-7.851343e-01	7.166121e-01	
1  343.189	2.395692e+00	1.107705e-01	-1.018255e+00	-7.642301e-01	7.145588e-01	
4  344.274	2.415822e+00	1.100185e-01	-1.043686e+00	-7.915193e-01	7.135601e-01	
1  346.051	2.376621e+00	1.112879e-01	-1.102559e+00	-7.940154e-01	7.257798e-01	
1  344.577	2.374206e+00	1.094991e-01	-1.075884e+00	-8.298101e-01	7.244738e-01	
1  344.463	2.384413e+00	1.080360e-01	-1.066387e+00	-7.872069e-01	7.207066e-01	
2  348.573	2.378102e+00	1.067262e-01	-1.031807e+00	-7.727101e-01	7.343946e-01	
3  344.747	2.382102e+00	1.045250e-01	-1.066656e+00	-7.927482e-01	7.305368e-01	
2  344.267	2.381268e+00	1.053292e-01	-9.974033e-01	-8.193537e-01	7.273272e-01	
1  344.567	2.384341e+00	1.056133e-01	-1.005726e+00	-8.064319e-01	7.285214e-01	
2  344.638	2.370677e+00	1.044878e-01	-1.010814e+00	-7.736865e-01	7.238327e-01	
2  344.428	2.371016e+00	1.039451e-01	-1.011795e+00	-7.855489e-01	7.294520e-01	
1  344.513	2.333120e+00	1.051332e-01	-1.007859e+00	-7.741305e-01	7.271770e-01	
5  345.25	2.352456e+00	1.045564e-01	-1.030405e+00	-7.410114e-01	7.234890e-01	
1  345.108	2.363032e+00	1.048685e-01	-1.019899e+00	-7.474039e-01	7.219372e-01	
2  345.021	2.375814e+00	1.036015e-01	-1.035931e+00	-7.037935e-01	7.335746e-01	
4  344.279	2.394390e+00	1.034588e-01	-1.039588e+00	-6.701793e-01	7.301699e-01	
3  344.44	2.397863e+00	1.032580e-01	-1.023927e+00	-6.385754e-01	7.311357e-01	
2  344.418	2.388113e+00	1.040907e-01	-1.020469e+00	-5.993951e-01	7.292020e-01	
1  345.917	2.368481e+00	1.068968e-01	-1.026294e+00	-5.662399e-01	7.135755e-01	
2  343.692	2.385808e+00	1.063226e-01	-1.044604e+00	-5.620712e-01	7.229898e-01	
3  343.832	2.376613e+00	1.069122e-01	-1.057181e+00	-5.711370e-01	7.251745e-01	
1  344.475	2.374267e+00	1.061742e-01	-1.081467e+00	-5.435796e-01	7.226730e-01	
5  344.198	2.380031e+00	1.066741e-01	-1.095372e+00	-5.635364e-01	7.244231e-01	
6  344.329	2.393536e+00	1.073123e-01	-1.086895e+00	-5.455186e-01	7.203758e-01	
4  344.475	2.394305e+00	1.086969e-01	-1.123310e+00	-5.740303e-01	7.264121e-01	
2  345.455	2.408725e+00	1.067885e-01	-1.117733e+00	-6.249260e-01	7.325212e-01	
3  346.044	2.400929e+00	1.059463e-01	-1.165129e+00	-6.161364e-01	7.333849e-01	
4  346.119	2.409931e+00	1.067190e-01	-1.160115e+00	-6.572969e-01	7.326825e-01	
4  346.362	2.446167e+00	1.066618e-01	-1.153573e+00	-6.768864e-01	7.336021e-01	
3  345.965	2.462731e+00	1.089252e-01	-1.148336e+00	-6.985857e-01	7.264079e-01	
2  345.704	2.465911e+00	1.101747e-01	-1.137230e+00	-7.176512e-01	7.226743e-01	
1  344.339	2.493548e+00	1.083828e-01	-1.092811e+00	-6.812604e-01	7.225078e-01	
1  344.236	2.504974e+00	1.099064e-01	-1.083123e+00	-6.818814e-01	7.209368e-01	
7  344.51	2.502131e+00	1.115729e-01	-1.073239e+00	-7.524714e-01	7.183784e-01	
1  345.205	2.497416e+00	1.113516e-01	-1.001722e+00	-7.417220e-01	7.185538e-01	
1  343.072	2.498361e+00	1.104416e-01	-1.008171e+00	-7.079641e-01	7.127205e-01	
3  344.364	2.516420e+00	1.095045e-01	-1.032697e+00	-6.414568e-01	7.215531e-01	
1  343.53	2.480674e+00	1.073017e-01	-1.026955e+00	-6.404473e-01	7.173071e-01	
1  344.012	2.488871e+00	1.089224e-01	-1.018566e+00	-6.526455e-01	7.214103e-01	
1  345.918	2.483852e+00	1.089780e-01	-9.851171e-01	-6.831683e-01	7.228184e-01	
8  343.107	2.496227e+00	1.096525e-01	-1.000543e+00	-6.351973e-01	7.153880e-01	
1  343.288	2.497336e+00	1.096737e-01	-9.748197e-01	-6.334110e-01	7.087509e-01	
10  343.892	2.477536e+00	1.088600e-01	-9.850737e-01	-6.323099e-01	7.092118e-01	
1  343.268	2.465699e+00	1.096359e-01	-9.558387e-01	-7.175603e-01	7.128630e-01	
3  343.148	2.467528e+00	1.102241e-01	-9.773631e-01	-7.003079e-01	7.094448e-01	
1  343.922	2.456908e+00	1.095856e-01	-9.308907e-01	-6.521399e-01	7.111179e-01	
3  343.885	2.452430e+00	1.070312e-01	-9.656238e-01	-6.878743e-01	7.206139e-01	
2  343.472	2.421364e+00	1.079641e-01	-9.829726e-01	-7.065223e-01	7.147382e-01	
1  344.052	2.416368e+00	1.070034e-01	-1.014244e+00	-6.871109e-01	7.168461e-01	
3  343.546	2.429828e+00	1.099812e-01	-1.050809e+00	-7.516807e-01	7.182085e-01	
1  346.733	2.423194e+00	1.110492e-01	-1.016525e+00	-7.693235e-01	7.231393e-01	
1  346.207	2.402224e+00	1.110773e-01	-1.024307e+00	-7.922047e-01	7.231089e-01	
1  346.468	2.361094e+00	1.073854e-01	-1.032662e+00	-7.696887e-01	7.143527e-01	
1  343.802	2.368024e+00	1.091687e-01	-1.021618e+00	-7.801384e-01	7.152412e-01	
3  343.511	2.399209e+00	1.079717e-01	-1.007075e+00	-8.025106e-01	7.208875e-01	
11  343.684	2.407429e+00	1.086368e-01	-1.043960e+00	-7.920774e-01	7.203704e-01	
1  344.403	2.405833e+00	1.081307e-01	-1.059272e+00	-7.618313e-01	7.262665e-01	
2  346.102	2.390459e+00	1.083816e-01	-1.076062e+00	-7.122343e-01	7.301288e-01	
1  345.993	2.381918e+00	1.071854e-01	-1.043427e+00	-8.046061e-01	7.309935e-01	
3  344.433	2.375324e+00	1.095242e-01	-1.025718e+00	-8.112174e-01	7.229605e-01	
1  344.427	2.385043e+00	1.106377e-01	-9.772995e-01	-8.023133e-01	7.062561e-01	
3  343.335	2.380203e+00	1.111479e-01	-9.785018e-01	-7.954411e-01	7.089150e-01	
3  343.909	2.367455e+00	1.109750e-01	-1.070218e+00	-7.759279e-01	7.164954e-01	
2  344.175	2.366915e+00	1.099015e-01	-1.059121e+00	-8.230654e-01	7.224164e-01	
2  344.854	2.354824e+00	1.104941e-01	-1.070110e+00	-8.089271e-01	7.240138e-01	
1  343.419	2.359557e+00	1.109032e-01	-1.033400e+00	-7.918267e-01	7.164407e-01	
1  343.912	2.363971e+00	1.109918e-01	-1.068297e+00	-8.081378e-01	7.183869e-01	
4  343.602	2.399924e+00	1.114581e-01	-1.053658e+00	-7.463486e-01	7.172749e-01	
3  343.673	2.382060e+00	1.110415e-01	-1.067744e+00	-7.042483e-01	7.150153e-01	
4  343.442	2.389884e+00	1.121438e-01	-1.047591e+00	-7.708792e-01	7.128339e-01	
3  344.938	2.408107e+00	1.139339e-01	-1.057960e+00	-7.373427e-01	7.167538e-01	
2  344.94	2.406781e+00	1.134512e-01	-1.100844e+00	-7.142051e-01	7.187262e-01	
5  343.533	2.403873e+00	1.139470e-01	-1.071383e+00	-6.799851e-01	7.095160e-01	
4  343.736	2.379559e+00	1.139706e-01	-1.073740e+00	-6.784939e-01	7.081731e-01	
2  343.261	2.376741e+00	1.138626e-01	-1.056932e+00	-6.340844e-01	7.076172e-01	
6  343.719	2.383319e+00	1.131149e-01	-1.076964e+00	-5.951360e-01	7.157645e-01	
1  343.641	2.392189e+00	1.131101e-01	-1.040059e+00	-6.062137e-01	7.053291e-01	
1  343.037	2.387136e+00	1.125445e-01	-1.011822e+00	-6.584946e-01	7.102619e-01	
1  345.207	2.377131e+00	1.132458e-01	-1.081270e+00	-6.773434e-01	7.063800e-01	
2  344.682	2.368588e+00	1.149164e-01	-1.118376e+00	-6.795235e-01	7.159041e-01	
5  344.952	2.330112e+00	1.132882e-01	-1.152367e+00	-6.556111e-01	7.170299e-01	
5  346.189	2.330862e+00	1.151880e-01	-1.131661e+00	-7.015281e-01	7.199874e-01	
6  345.162	2.323174e+00	1.164865e-01	-1.153512e+00	-7.133885e-01	7.115557e-01	
3  344.647	2.324373e+00	1.178993e-01	-1.122502e+00	-6.995952e-01	7.106689e-01	
3  346.279	2.315816e+00	1.183098e-01	-1.145531e+00	-7.216421e-01	7.144528e-01	
3  344.888	2.328006e+00	1.191889e-01	-1.132334e+00	-7.415976e-01	7.075284e-01	
1  345.799	2.313646e+00	1.186265e-01	-1.124676e+00	-6.927130e-01	6.990357e-01	
3  344.661	2.303913e+00	1.185259e-01	-1.133959e+00	-6.681594e-01	7.100657e-01	
3  345.274	2.304464e+00	1.155203e-01	-1.127441e+00	-6.755117e-01	7.177171e-01	
1  343.761	2.288070e+00	1.139311e-01	-1.092419e+00	-7.293400e-01	7.131909e-01	
2  345.911	2.276510e+00	1.139754e-01	-1.135691e+00	-6.959401e-01	7.100602e-01	
7  346.247	2.258680e+00	1.113792e-01	-1.144789e+00	-7.222272e-01	7.172312e-01	
1  346.353	2.263121e+00	1.104223e-01	-1.126636e+00	-6.907879e-01	7.164606e-01	
1  346.081	2.282346e+00	1.093579e-01	-1.131401e+00	-6.828183e-01	7.303197e-01	
2  345.409	2.291208e+00	1.086224e-01	-1.144006e+00	-6.757095e-01	7.263106e-01	
3  344.8	2.298632e+00	1.081397e-01	-1.117588e+00	-6.655727e-01	7.264946e-01	
2  345.131	2.308493e+00	1.076081e-01	-1.099263e+00	-6.855864e-01	7.227576e-01	
3  345.405	2.297349e+00	1.090781e-01	-1.104646e+00	-6.808900e-01	7.188252e-01	
3  346.117	2.312008e+00	1.107307e-01	-1.176181e+00	-6.804106e-01	7.269621e-01	
7  344.662	2.323627e+00	1.087121e-01	-1.106469e+00	-6.928045e-01	7.225801e-01	
3  345.787	2.332447e+00	1.071711e-01	-1.072826e+00	-6.847121e-01	7.189377e-01	
2  346.307	2.349992e+00	1.075291e-01	-1.085156e+00	-7.215547e-01	7.185963e-01	
1  343.66	2.348417e+00	1.090434e-01	-1.043670e+00	-7.285219e-01	7.207163e-01	
2  343.547	2.356050e+00	1.103520e-01	-1.047452e+00	-7.345185e-01	7.187162e-01	
2  343.193	2.373601e+00	1.109673e-01	-1.021269e+00	-6.820717e-01	7.146036e-01	
2  343.488	2.392588e+00	1.116073e-01	-1.018779e+00	-6.446799e-01	7.079485e-01	
3  343.217	2.395771e+00	1.125088e-01	-1.041792e+00	-6.089970e-01	7.132983e-01	
3  343.307	2.384626e+00	1.146770e-01	-1.076754e+00	-6.112762e-01	7.082744e-01	
7  343.799	2.369477e+00	1.160314e-01	-1.029704e+00	-5.977655e-01	7.078079e-01	
5  343.748	2.380258e+00	1.150956e-01	-9.996661e-01	-5.716134e-01	7.065411e-01	
5  343.537	2.392645e+00	1.145920e-01	-1.007428e+00	-5.462661e-01	6.995890e-01	
1  343.047	2.386418e+00	1.154567e-01	-1.005274e+00	-5.484578e-01	7.018136e-01	
10  343.045	2.406462e+00	1.156068e-01	-1.032337e+00	-5.126271e-01	7.011851e-01	
11  343.393	2.388999e+00	1.159791e-01	-1.003499e+00	-5.859794e-01	6.973971e-01	
1  344.119	2.361772e+00	1.171704e-01	-1.055834e+00	-5.671996e-01	6.964658e-01	
1  343.52	2.345488e+00	1.158636e-01	-1.046080e+00	-5.770106e-01	7.002615e-01	
1  343.387	2.346420e+00	1.171198e-01	-1.068880e+00	-5.614253e-01	7.065547e-01	
3  344.218	2.388490e+00	1.177938e-01	-1.114579e+00	-5.895379e-01	7.080523e-01	
1  344.546	2.384844e+00	1.186811e-01	-1.101550e+00	-5.586884e-01	7.074419e-01	
3  343.617	2.380671e+00	1.164129e-01	-1.034032e+00	-5.448226e-01	7.061736e-01	
2  343.146	2.374627e+00	1.161794e-01	-1.026607e+00	-5.931972e-01	6.997847e-01	
4  343.139	2.378209e+00	1.175747e-01	-1.063792e+00	-5.292967e-01	6.999335e-01	
6  343.381	2.381713e+00	1.196225e-01	-9.977626e-01	-5.027452e-01	6.920010e-01	
3  344.428	2.374195e+00	1.207222e-01	-1.027383e+00	-4.635087e-01	6.974961e-01	
1  343.964	2.378481e+00	1.196322e-01	-1.038040e+00	-4.670086e-01	6.896062e-01	
1  343.773	2.372494e+00	1.181506e-01	-1.061995e+00	-4.516349e-01	6.946299e-01	
7  343.351	2.381838e+00	1.189298e-01	-1.070975e+00	-5.178673e-01	7.013817e-01	
1  344.021	2.366892e+00	1.186731e-01	-1.003331e+00	-5.358251e-01	6.997113e-01	
1  344.328	2.345346e+00	1.200467e-01	-1.000677e+00	-5.069389e-01	6.969071e-01	
2  343.093	2.313502e+00	1.190439e-01	-1.041582e+00	-4.769738e-01	6.981886e-01	
2  343.391	2.306777e+00	1.190464e-01	-1.026149e+00	-4.701769e-01	6.926035e-01	
1  344.629	2.301244e+00	1.183557e-01	-1.058578e+00	-4.591694e-01	6.920640e-01	
1  343.135	2.327399e+00	1.178977e-01	-1.037903e+00	-4.367151e-01	6.996132e-01	
3  343.313	2.340113e+00	1.179587e-01	-1.028830e+00	-4.020851e-01	6.987030e-01	
2  343.307	2.368911e+00	1.154688e-01	-1.025032e+00	-4.170649e-01	6.995210e-01	
1  343.496	2.374478e+00	1.160726e-01	-1.073826e+00	-3.993945e-01	7.079596e-01	
1  343.207	2.342883e+00	1.153081e-01	-1.050655e+00	-3.560248e-01	7.018285e-01	
1  343.212	2.328469e+00	1.165577e-01	-1.071531e+00	-4.088158e-01	7.004314e-01	
1  343.969	2.338354e+00	1.178644e-01	-1.078622e+00	-3.792733e-01	6.952050e-01	
1  343.257	2.325859e+00	1.185068e-01	-1.042942e+00	-3.619160e-01	6.949226e-01	
1  344.333	2.323438e+00	1.191561e-01	-1.007885e+00	-3.574525e-01	6.880109e-01	
1  344.149	2.326000e+00	1.165747e-01	-1.002041e+00	-3.458334e-01	6.944892e-01	
3  343.489	2.311076e+00	1.173937e-01	-1.078637e+00	-3.324867e-01	7.050538e-01	
1  344.395	2.324613e+00	1.180116e-01	-1.037513e+00	-3.586602e-01	7.028490e-01	
1  343.099	2.312001e+00	1.178062e-01	-1.053218e+00	-3.679938e-01	6.992662e-01	
5  343.001	2.313160e+00	1.187572e-01	-1.078995e+00	-3.474476e-01	6.979171e-01	
2  343.108	2.310665e+00	1.194650e-01	-1.073811e+00	-3.073572e-01	6.975630e-01	
5  343.558	2.288869e+00	1.185613e-01	-1.093886e+00	-3.153430e-01	6.958967e-01	
1  343.199	2.280221e+00	1.186183e-01	-1.145242e+00	-2.932825e-01	7.026548e-01	
3  344.12	2.294045e+00	1.178314e-01	-1.194412e+00	-3.289715e-01	7.081765e-01	
1  343.672	2.300208e+00	1.151699e-01	-1.111013e+00	-4.082240e-01	7.128967e-01	
1  343.367	2.316053e+00	1.157258e-01	-1.147520e+00	-3.331050e-01	7.099449e-01	
1  343.96	2.290040e+00	1.164893e-01	-1.124173e+00	-3.596243e-01	7.117557e-01	
9  343.037	2.300035e+00	1.162224e-01	-1.105990e+00	-3.472496e-01	7.056587e-01	
1  343.04	2.303193e+00	1.177734e-01	-1.100195e+00	-3.485033e-01	7.037559e-01	
1  344.276	2.279498e+00	1.194010e-01	-1.136281e+00	-3.209007e-01	7.073704e-01	
2  343.432	2.312773e+00	1.202916e-01	-1.063608e+00	-3.130860e-01	6.968927e-01	
8  343.147	2.333539e+00	1.188942e-01	-1.069874e+00	-3.500744e-01	6.996366e-01	
1  343.006	2.319153e+00	1.177394e-01	-1.088726e+00	-3.264027e-01	7.002256e-01	
2  343.458	2.326213e+00	1.192921e-01	-1.081081e+00	-3.368995e-01	7.012505e-01	
1  342.988	2.316357e+00	1.184931e-01	-1.080712e+00	-3.301200e-01	6.993731e-01	
1  344.501	2.340939e+00	1.160585e-01	-1.034084e+00	-3.700011e-01	6.947156e-01	
2  343.362	2.365427e+00	1.132834e-01	-1.083885e+00	-2.752477e-01	7.121477e-01	
3  345.167	2.355705e+00	1.159102e-01	-1.071304e+00	-2.857766e-01	7.107731e-01	
2  345.129	2.358264e+00	1.165841e-01	-1.124445e+00	-3.054006e-01	7.133284e-01	
8  343.008	2.353145e+00	1.157741e-01	-1.113063e+00	-2.404979e-01	7.060824e-01	
3  346.093	2.347628e+00	1.147198e-01	-1.114663e+00	-1.955792e-01	6.986435e-01	
1  343.976	2.336356e+00	1.146929e-01	-1.127877e+00	-2.086829e-01	7.042131e-01	
1  344.937	2.345823e+00	1.139631e-01	-1.145805e+00	-1.791883e-01	7.047580e-01	
12  344.155	2.314607e+00	1.158023e-01	-1.219340e+00	-1.568453e-01	7.138524e-01	
1  343.318	2.347357e+00	1.154470e-01	-1.166446e+00	-1.441819e-01	7.097178e-01	
3  343.776	2.358411e+00	1.166310e-01	-1.170033e+00	-1.576991e-01	7.110254e-01	
1  343.936	2.357904e+00	1.161206e-01	-1.200740e+00	-1.492741e-01	7.119978e-01	
2  343.185	2.375554e+00	1.165779e-01	-1.140334e+00	-1.444431e-01	7.047292e-01	
2  343.531	2.364507e+00	1.170719e-01	-1.135190e+00	-9.399618e-02	7.010338e-01	
3  344.056	2.362202e+00	1.178859e-01	-1.184433e+00	-1.077664e-01	7.029029e-01	
2  343.366	2.338206e+00	1.178231e-01	-1.170531e+00	-1.220287e-01	7.054968e-01	
1  343.543	2.337069e+00	1.183546e-01	-1.165508e+00	-1.215329e-01	7.015239e-01	
1  343.332	2.341364e+00	1.192959e-01	-1.100954e+00	-1.528187e-01	6.995992e-01	
5  344.266	2.352039e+00	1.212592e-01	-1.148693e+00	-1.904708e-01	7.020750e-01	
1  343.717	2.338167e+00	1.210913e-01	-1.098643e+00	-1.862543e-01	6.975584e-01	
3  343.322	2.334863e+00	1.191097e-01	-1.072598e+00	-1.895635e-01	6.968575e-01	
2  343.668	2.364412e+00	1.188524e-01	-1.060160e+00	-1.986965e-01	6.982691e-01	
2  343.762	2.359627e+00	1.212145e-01	-1.050796e+00	-2.278704e-01	6.874541e-01	
6  343.505	2.363403e+00	1.199039e-01	-1.047232e+00	-2.293733e-01	6.921605e-01	
1  343.677	2.337891e+00	1.192665e-01	-1.050756e+00	-1.697982e-01	6.946844e-01	
1  345.058	2.334610e+00	1.175702e-01	-1.062192e+00	-1.990834e-01	6.910306e-01	
1  345.292	2.338019e+00	1.172905e-01	-1.122625e+00	-2.257005e-01	6.955018e-01	
1  344.504	2.336513e+00	1.180974e-01	-1.167391e+00	-2.542606e-01	7.002978e-01	
2  343.519	2.337295e+00	1.188634e-01	-1.126442e+00	-2.670999e-01	7.045860e-01	
1  343.223	2.341661e+00	1.211833e-01	-1.069979e+00	-2.902810e-01	6.921630e-01	
2  343.983	2.353768e+00	1.198083e-01	-1.035284e+00	-3.247816e-01	6.969349e-01	
3  344.117	2.327001e+00	1.201370e-01	-1.026661e+00	-3.423654e-01	6.871462e-01	
1  344.594	2.327807e+00	1.181196e-01	-1.042863e+00	-2.778579e-01	6.903387e-01	
1  344.649	2.325417e+00	1.188203e-01	-1.021465e+00	-2.376774e-01	6.973026e-01	
3  344.46	2.330390e+00	1.172110e-01	-1.047742e+00	-2.705858e-01	7.041917e-01	
3  343.446	2.306964e+00	1.176326e-01	-1.058683e+00	-2.288401e-01	6.971753e-01	
1  343.285	2.299713e+00	1.185737e-01	-1.077494e+00	-2.311701e-01	6.961389e-01	
1  343.171	2.302925e+00	1.188296e-01	-1.122590e+00	-2.871169e-01	6.992920e-01	
1  343.203	2.280030e+00	1.172986e-01	-1.067965e+00	-3.154736e-01	7.012569e-01	
3  343.519	2.266869e+00	1.157115e-01	-1.085438e+00	-3.089090e-01	7.080674e-01	
1  343.896	2.311181e+00	1.143226e-01	-1.097719e+00	-2.491821e-01	7.036687e-01	
4  343.301	2.323276e+00	1.141528e-01	-1.098954e+00	-3.261028e-01	7.068933e-01	
1  343.662	2.325445e+00	1.141386e-01	-1.094352e+00	-2.888410e-01	7.125729e-01	
1  343.193	2.314584e+00	1.139415e-01	-1.087531e+00	-2.731141e-01	7.086213e-01	
1  345.313	2.313538e+00	1.155719e-01	-1.083494e+00	-2.814077e-01	7.126802e-01	
1  344.027	2.315671e+00	1.129048e-01	-1.092124e+00	-2.678370e-01	7.062796e-01	
4  343.659	2.325313e+00	1.124372e-01	-1.063105e+00	-2.763207e-01	7.073155e-01	
2  345.692	2.332756e+00	1.102217e-01	-1.041659e+00	-3.183339e-01	7.059074e-01	
3  344.084	2.311755e+00	1.116039e-01	-1.066702e+00	-2.711870e-01	7.081890e-01	
1  344.112	2.303502e+00	1.142100e-01	-1.079433e+00	-2.465728e-01	7.023638e-01	
2  343.729	2.285870e+00	1.139737e-01	-1.079410e+00	-1.978796e-01	7.051136e-01	
2  345.115	2.248331e+00	1.150080e-01	-1.120959e+00	-1.526197e-01	7.011221e-01	
1  343.983	2.253516e+00	1.148567e-01	-1.148323e+00	-1.285297e-01	7.060420e-01	
4  343.497	2.242858e+00	1.143752e-01	-1.124568e+00	-2.246876e-01	7.111746e-01	
2  345.698	2.243510e+00	1.134489e-01	-1.179115e+00	-2.472920e-01	7.093083e-01	
6  345.088	2.239105e+00	1.127831e-01	-1.240614e+00	-2.222330e-01	7.212162e-01	
1  345.078	2.213508e+00	1.119307e-01	-1.223488e+00	-2.282198e-01	7.243606e-01	
1  346.119	2.212360e+00	1.112949e-01	-1.220609e+00	-2.126085e-01	7.179837e-01	
4  345.104	2.202357e+00	1.114307e-01	-1.212222e+00	-2.002283e-01	7.252151e-01	
3  344.812	2.215134e+00	1.131601e-01	-1.185757e+00	-2.495576e-01	7.216645e-01	
1  344.102	2.238635e+00	1.145267e-01	-1.168646e+00	-2.528645e-01	7.168742e-01	
2  344.717	2.239887e+00	1.139468e-01	-1.219378e+00	-2.910334e-01	7.175378e-01	
4  344.826	2.240971e+00	1.134670e-01	-1.214452e+00	-3.377960e-01	7.191168e-01	
6  345.05	2.239942e+00	1.148503e-01	-1.221379e+00	-3.476699e-01	7.151761e-01	
2  346.951	2.282386e+00	1.134849e-01	-1.203374e+00	-3.178276e-01	7.102212e-01	
4  344.313	2.285145e+00	1.104602e-01	-1.172583e+00	-3.341848e-01	7.227335e-01	
8  345.173	2.290898e+00	1.087248e-01	-1.168596e+00	-3.585686e-01	7.295703e-01	
5  345.379	2.311271e+00	1.088572e-01	-1.169090e+00	-3.231842e-01	7.300510e-01	
1  344.763	2.317637e+00	1.086402e-01	-1.182563e+00	-2.547195e-01	7.230843e-01	
1  347.075	2.312758e+00	1.101800e-01	-1.254892e+00	-2.781241e-01	7.232730e-01	
2  348.615	2.306007e+00	1.098129e-01	-1.291784e+00	-2.404119e-01	7.253114e-01	
4  349.633	2.302236e+00	1.105256e-01	-1.306778e+00	-3.020559e-01	7.253808e-01	
3  347.235	2.297712e+00	1.106711e-01	-1.269821e+00	-2.903117e-01	7.317750e-01	
1  349.041	2.310309e+00	1.112173e-01	-1.245021e+00	-2.864725e-01	7.341886e-01	
5  349.934	2.312424e+00	1.102953e-01	-1.262540e+00	-3.067109e-01	7.373021e-01	
1  346.656	2.309858e+00	1.101502e-01	-1.256188e+00	-3.176859e-01	7.263885e-01	
4  346.897	2.299374e+00	1.113948e-01	-1.243055e+00	-3.606322e-01	7.299932e-01	
5  347.031	2.298390e+00	1.095654e-01	-1.241966e+00	-4.166733e-01	7.324800e-01	
9  346.542	2.320954e+00	1.091292e-01	-1.241625e+00	-3.748811e-01	7.309919e-01	
6  347.253	2.346867e+00	1.089487e-01	-1.263275e+00	-3.394298e-01	7.298155e-01	
2  348.793	2.355216e+00	1.084324e-01	-1.215056e+00	-3.346800e-01	7.377360e-01	
2  346.448	2.343908e+00	1.084269e-01	-1.211456e+00	-3.848018e-01	7.250077e-01	
3  345.662	2.350444e+00	1.085720e-01	-1.208621e+00	-3.930861e-01	7.279001e-01	
6  345.687	2.361060e+00	1.110029e-01	-1.207225e+00	-4.233284e-01	7.263118e-01	
3  344.01	2.355827e+00	1.113006e-01	-1.146819e+00	-4.234723e-01	7.210319e-01	
1  343.733	2.367652e+00	1.100583e-01	-1.121842e+00	-4.392527e-01	7.188136e-01	
1  344.016	2.359979e+00	1.101976e-01	-1.123430e+00	-4.919027e-01	7.228133e-01	
2  343.533	2.355258e+00	1.089421e-01	-1.079008e+00	-4.939355e-01	7.193325e-01	
1  347.19	2.355640e+00	1.064603e-01	-1.040615e+00	-5.075428e-01	7.133468e-01	
