2  354.735	6.545097e+01	2.196137e+00	1.185023e-01	-8.750530e-01	-3.290682e-01	
1  355.877	6.526024e+01	2.204905e+00	1.180179e-01	-8.467725e-01	-3.974261e-01	
1  354.329	6.557652e+01	2.175572e+00	1.159131e-01	-8.989495e-01	-3.048259e-01	
3  354.71	6.600797e+01	2.142414e+00	1.169435e-01	-8.453069e-01	-3.562360e-01	
3  356.831	6.570656e+01	2.110164e+00	1.174809e-01	-8.352701e-01	-3.345391e-01	
2  353.54	6.667783e+01	2.121178e+00	1.174872e-01	-8.814494e-01	-2.850435e-01	
4  350.216	6.648423e+01	2.077560e+00	1.180931e-01	-9.307788e-01	-3.715723e-01	
3  352.277	6.677057e+01	2.073563e+00	1.174386e-01	-9.171612e-01	-2.683937e-01	
3  350.059	6.647477e+01	2.058233e+00	1.179351e-01	-9.619578e-01	-3.218599e-01	
1  348.119	6.676785e+01	2.028887e+00	1.223390e-01	-1.003119e+00	-2.823854e-01	
1  347.323	6.722396e+01	2.035638e+00	1.254299e-01	-9.836243e-01	-2.953040e-01	
1  349.297	6.639357e+01	2.017357e+00	1.306455e-01	-1.011592e+00	-3.899732e-01	
1  347.887	6.656526e+01	2.013039e+00	1.304433e-01	-9.886040e-01	-4.774346e-01	
1  346.882	6.690224e+01	1.996874e+00	1.322816e-01	-1.033752e+00	-5.387657e-01	
3  343.102	6.838018e+01	1.991672e+00	1.307637e-01	-1.099304e+00	-6.092142e-01	
2  343.164	6.831130e+01	2.011833e+00	1.302076e-01	-1.093639e+00	-5.199100e-01	
2  343.097	6.895705e+01	2.030680e+00	1.319035e-01	-1.150053e+00	-4.741634e-01	
7  343.153	6.909717e+01	2.021169e+00	1.296185e-01	-1.150490e+00	-5.544243e-01	
3  343.091	6.867494e+01	2.012322e+00	1.307332e-01	-1.091163e+00	-5.764478e-01	
1  343.979	6.921692e+01	2.011665e+00	1.313220e-01	-1.110713e+00	-5.054929e-01	
11  343.383	6.826299e+01	2.034136e+00	1.276382e-01	-1.049029e+00	-5.950888e-01	
1  343.798	6.933239e+01	2.034147e+00	1.284527e-01	-1.107960e+00	-6.462483e-01	
1  344.332	6.939911e+01	2.050446e+00	1.270831e-01	-1.095178e+00	-6.372881e-01	
5  343.127	6.855695e+01	2.062013e+00	1.260355e-01	-1.085696e+00	-7.550381e-01	
3  342.985	6.855582e+01	2.032524e+00	1.286820e-01	-1.069077e+00	-7.121223e-01	
5  343.195	6.912590e+01	2.040919e+00	1.289323e-01	-1.117069e+00	-7.038462e-01	
10  343.106	6.881580e+01	2.102647e+00	1.298624e-01	-1.083423e+00	-7.448851e-01	
4  344.584	6.984922e+01	2.087880e+00	1.327574e-01	-1.168989e+00	-6.569155e-01	
1  344.591	6.984822e+01	2.111974e+00	1.301337e-01	-1.140991e+00	-6.487992e-01	
1  343.639	6.938707e+01	2.065739e+00	1.323882e-01	-1.149542e+00	-6.440024e-01	
2  343.474	6.897070e+01	2.047392e+00	1.360873e-01	-1.106937e+00	-6.030052e-01	
1  343.525	6.880222e+01	2.058389e+00	1.333688e-01	-1.065063e+00	-6.222904e-01	
4  343.373	6.847549e+01	2.068663e+00	1.345573e-01	-1.050127e+00	-6.868116e-01	
3  343.813	6.861231e+01	2.080913e+00	1.373340e-01	-1.041079e+00	-7.838938e-01	
6  344.499	6.828221e+01	2.030290e+00	1.427113e-01	-1.044553e+00	-7.132063e-01	
1  344.614	6.843152e+01	2.023444e+00	1.434335e-01	-1.084714e+00	-6.936712e-01	
1  344.357	6.796357e+01	2.024372e+00	1.391344e-01	-1.049592e+00	-7.864043e-01	
1  344.04	6.794546e+01	2.080933e+00	1.343252e-01	-1.027475e+00	-8.584491e-01	
2  344.613	6.748336e+01	2.039181e+00	1.342213e-01	-1.005434e+00	-8.331755e-01	
2  344.569	6.921155e+01	1.979968e+00	1.357638e-01	-1.063284e+00	-7.521631e-01	
4  343.846	6.953461e+01	1.976226e+00	1.344646e-01	-1.157423e+00	-8.005701e-01	
2  343.802	6.954902e+01	2.011295e+00	1.296203e-01	-1.157939e+00	-7.292608e-01	
1  344.063	6.805556e+01	2.000432e+00	1.344277e-01	-1.102450e+00	-6.441417e-01	
3  343.056	6.885782e+01	2.014456e+00	1.317536e-01	-1.127193e+00	-6.347741e-01	
1  343.351	6.822082e+01	2.015580e+00	1.322479e-01	-1.082947e+00	-7.009257e-01	
3  344.006	6.777675e+01	2.028951e+00	1.352999e-01	-1.035368e+00	-6.491488e-01	
1  344.143	6.919377e+01	2.049869e+00	1.339318e-01	-1.084237e+00	-5.977835e-01	
5  343.991	6.943962e+01	2.029380e+00	1.371134e-01	-1.156815e+00	-6.575712e-01	
3  345.181	7.013232e+01	2.044288e+00	1.340364e-01	-1.199526e+00	-6.389814e-01	
8  344.643	6.972169e+01	2.049457e+00	1.321578e-01	-1.214016e+00	-6.274261e-01	
1  346.269	7.033438e+01	2.091418e+00	1.338746e-01	-1.238033e+00	-6.214181e-01	
3  346.331	6.963222e+01	2.129426e+00	1.312193e-01	-1.234802e+00	-6.184502e-01	
2  344.102	6.945994e+01	2.154034e+00	1.316715e-01	-1.119286e+00	-6.978431e-01	
1  343.738	6.903971e+01	2.150318e+00	1.310737e-01	-1.107927e+00	-7.337164e-01	
2  344.088	6.935536e+01	2.110136e+00	1.339937e-01	-1.146006e+00	-6.554496e-01	
3  344.482	6.934984e+01	2.139824e+00	1.305302e-01	-1.162926e+00	-6.937985e-01	
6  343.487	6.927128e+01	2.131355e+00	1.286999e-01	-1.110562e+00	-7.220377e-01	
2  343.009	6.839616e+01	2.111635e+00	1.244408e-01	-1.044061e+00	-7.642120e-01	
3  343.839	6.830198e+01	2.100248e+00	1.308928e-01	-1.068365e+00	-8.450297e-01	
2  344.382	6.762278e+01	2.096927e+00	1.345512e-01	-9.816486e-01	-8.295492e-01	
1  345.995	6.791727e+01	2.131895e+00	1.387486e-01	-9.085916e-01	-9.256851e-01	
1  345.714	6.732824e+01	2.110148e+00	1.362911e-01	-8.902109e-01	-9.501702e-01	
2  345.833	6.777618e+01	2.132868e+00	1.387264e-01	-8.928867e-01	-1.026646e+00	
4  345.796	6.724277e+01	2.131380e+00	1.361769e-01	-8.789322e-01	-1.025631e+00	
2  344.23	6.826933e+01	2.167081e+00	1.331488e-01	-9.353793e-01	-1.047551e+00	
1  344.453	6.802163e+01	2.161059e+00	1.354799e-01	-9.321576e-01	-1.126297e+00	
2  344.694	6.824169e+01	2.134216e+00	1.338264e-01	-9.209475e-01	-1.035055e+00	
3  343.973	6.800799e+01	2.133721e+00	1.342384e-01	-9.614730e-01	-9.772600e-01	
4  344.107	6.887027e+01	2.141140e+00	1.352095e-01	-1.052334e+00	-9.233697e-01	
3  344.318	6.817568e+01	2.132343e+00	1.344826e-01	-9.403228e-01	-9.877189e-01	
5  344.316	6.914357e+01	2.131736e+00	1.353390e-01	-1.048256e+00	-9.913584e-01	
2  345.296	6.923369e+01	2.135155e+00	1.323528e-01	-9.899383e-01	-9.980101e-01	
2  343.852	6.876381e+01	2.143409e+00	1.325867e-01	-9.979952e-01	-9.476900e-01	
2  344.463	6.843517e+01	2.129075e+00	1.367442e-01	-9.673058e-01	-9.684573e-01	
3  345.046	6.912261e+01	2.115245e+00	1.373692e-01	-1.012051e+00	-9.491682e-01	
4  344.823	6.786633e+01	2.095333e+00	1.364054e-01	-1.019656e+00	-9.272092e-01	
4  345.944	6.740686e+01	2.103179e+00	1.370501e-01	-9.969705e-01	-8.606819e-01	
1  344.303	6.816215e+01	2.132965e+00	1.355518e-01	-1.034870e+00	-8.113894e-01	
4  345.707	6.960271e+01	2.129298e+00	1.387959e-01	-1.079886e+00	-8.375369e-01	
1  345.951	6.775757e+01	2.066398e+00	1.386496e-01	-1.046872e+00	-8.885597e-01	
3  344.849	6.866493e+01	2.093208e+00	1.414814e-01	-1.043597e+00	-9.207313e-01	
2  345.545	6.877216e+01	2.125750e+00	1.383553e-01	-9.749069e-01	-8.987475e-01	
3  346.681	6.843378e+01	2.147019e+00	1.379029e-01	-9.143332e-01	-9.507196e-01	
4  345.037	6.819566e+01	2.152853e+00	1.376529e-01	-1.009548e+00	-9.910244e-01	
1  346.62	6.957990e+01	2.136061e+00	1.414179e-01	-1.050307e+00	-9.911670e-01	
1  345.61	6.940157e+01	2.143168e+00	1.378842e-01	-1.030489e+00	-1.002082e+00	
3  344.83	6.851977e+01	2.160405e+00	1.379704e-01	-9.700162e-01	-1.086353e+00	
8  344.198	6.820445e+01	2.140123e+00	1.349659e-01	-9.484222e-01	-1.018357e+00	
1  344.402	6.819646e+01	2.116972e+00	1.369147e-01	-9.537439e-01	-9.899177e-01	
1  344.3	6.794659e+01	2.093783e+00	1.339679e-01	-1.005738e+00	-1.053192e+00	
4  344.203	6.952057e+01	2.065181e+00	1.308147e-01	-1.076224e+00	-1.083332e+00	
3  343.537	6.804619e+01	2.061184e+00	1.282106e-01	-1.008813e+00	-1.089831e+00	
2  343.795	6.896862e+01	2.057352e+00	1.304491e-01	-1.002033e+00	-1.088215e+00	
3  343.22	6.845713e+01	2.057220e+00	1.309517e-01	-9.722653e-01	-1.268806e+00	
5  343.831	6.904648e+01	2.076715e+00	1.318558e-01	-1.046760e+00	-1.207046e+00	
1  344.053	6.873089e+01	2.057903e+00	1.297637e-01	-1.076854e+00	-1.116657e+00	
1  344.721	6.970667e+01	2.044581e+00	1.262594e-01	-1.101255e+00	-1.126284e+00	
4  345.023	6.938646e+01	2.033668e+00	1.214369e-01	-1.132877e+00	-1.044960e+00	
2  344.361	6.947071e+01	2.031859e+00	1.243391e-01	-1.129858e+00	-9.769240e-01	
6  346.313	7.033477e+01	2.038532e+00	1.286358e-01	-1.157305e+00	-1.044517e+00	
1  343.969	6.925469e+01	2.055749e+00	1.296749e-01	-1.113573e+00	-1.007152e+00	
1  345.287	6.996577e+01	2.029851e+00	1.274605e-01	-1.113900e+00	-9.962331e-01	
5  348.919	7.064377e+01	2.071620e+00	1.266007e-01	-1.101140e+00	-1.042032e+00	
2  346.157	7.022192e+01	2.094147e+00	1.271094e-01	-1.112125e+00	-9.934379e-01	
1  343.533	6.892336e+01	2.124046e+00	1.275695e-01	-1.073269e+00	-9.800798e-01	
3  344.409	6.936882e+01	2.164458e+00	1.303773e-01	-1.029335e+00	-1.058555e+00	
2  343.591	6.873629e+01	2.170139e+00	1.309501e-01	-1.006318e+00	-1.001375e+00	
1  345.682	6.971989e+01	2.159856e+00	1.302548e-01	-1.028842e+00	-1.047912e+00	
8  343.778	6.886808e+01	2.148603e+00	1.314908e-01	-1.047417e+00	-1.013616e+00	
3  343.524	6.900171e+01	2.108629e+00	1.317701e-01	-1.050339e+00	-9.828604e-01	
3  344.245	6.942437e+01	2.086514e+00	1.317274e-01	-1.052807e+00	-1.010584e+00	
1  343.856	6.758713e+01	2.069332e+00	1.290066e-01	-9.567588e-01	-1.082035e+00	
1  343.737	6.765316e+01	2.054665e+00	1.268336e-01	-9.509938e-01	-1.006410e+00	
2  343.959	6.785804e+01	2.057924e+00	1.243155e-01	-9.451435e-01	-9.810813e-01	
5  343.626	6.823127e+01	2.035334e+00	1.218964e-01	-1.012894e+00	-9.483575e-01	
1  346.288	6.952840e+01	1.987156e+00	1.229214e-01	-1.054833e+00	-9.322984e-01	
3  345.706	6.988954e+01	1.963071e+00	1.240513e-01	-1.200893e+00	-8.804354e-01	
5  344.532	6.956646e+01	1.992605e+00	1.275862e-01	-1.179975e+00	-8.556902e-01	
6  345.01	6.952847e+01	1.989924e+00	1.265312e-01	-1.169503e+00	-9.914900e-01	
11  344.726	6.953359e+01	1.957958e+00	1.281567e-01	-1.077922e+00	-1.020918e+00	
2  346.298	6.847269e+01	1.977348e+00	1.300574e-01	-1.137185e+00	-1.064335e+00	
1  344.899	6.960114e+01	1.962598e+00	1.319636e-01	-1.164365e+00	-1.075518e+00	
9  343.949	6.919758e+01	1.921797e+00	1.279759e-01	-1.111528e+00	-1.062316e+00	
4  344.733	6.898506e+01	1.918905e+00	1.258684e-01	-1.019637e+00	-1.161526e+00	
2  344	6.829283e+01	1.923222e+00	1.287304e-01	-9.915782e-01	-1.005910e+00	
4  344.345	6.744695e+01	1.924775e+00	1.331123e-01	-9.339467e-01	-1.075125e+00	
1  344.412	6.760402e+01	1.898742e+00	1.280716e-01	-9.657685e-01	-1.065157e+00	
1  346.604	6.670051e+01	1.897303e+00	1.303534e-01	-9.382776e-01	-1.025369e+00	
1  346.12	6.690884e+01	1.916906e+00	1.323730e-01	-9.762340e-01	-1.010666e+00	
2  345.656	6.711854e+01	1.923267e+00	1.320676e-01	-9.883969e-01	-1.083794e+00	
2  344.03	6.752188e+01	1.905200e+00	1.316626e-01	-9.617626e-01	-1.122881e+00	
5  344.304	6.740566e+01	1.928211e+00	1.343341e-01	-9.741191e-01	-1.125604e+00	
4  344.18	6.740246e+01	1.952592e+00	1.325622e-01	-9.386365e-01	-1.101408e+00	
1  343.703	6.769964e+01	1.935609e+00	1.325054e-01	-9.629620e-01	-1.076841e+00	
1  343.169	6.850658e+01	1.898845e+00	1.349641e-01	-1.020304e+00	-1.082735e+00	
1  343.756	6.932511e+01	1.938870e+00	1.355581e-01	-1.101106e+00	-1.120844e+00	
1  343.591	6.872380e+01	1.883714e+00	1.355508e-01	-1.010928e+00	-1.153690e+00	
3  343.703	6.854407e+01	1.907130e+00	1.387511e-01	-9.897834e-01	-1.136993e+00	
2  343.288	6.851716e+01	1.914410e+00	1.400975e-01	-1.026836e+00	-1.052177e+00	
3  343.941	6.817402e+01	1.936752e+00	1.395660e-01	-1.053533e+00	-1.084192e+00	
3  343.597	6.825195e+01	1.917962e+00	1.407546e-01	-1.042622e+00	-1.113260e+00	
3  343.392	6.838290e+01	1.913332e+00	1.415445e-01	-1.049317e+00	-1.020511e+00	
1  344.124	6.931794e+01	1.910293e+00	1.430328e-01	-1.091177e+00	-1.049179e+00	
1  344.942	6.853405e+01	1.943357e+00	1.407206e-01	-9.780440e-01	-9.621215e-01	
1  344.975	6.840526e+01	1.956971e+00	1.386874e-01	-9.631758e-01	-9.615252e-01	
1  345.079	6.742598e+01	2.002338e+00	1.401075e-01	-9.489826e-01	-8.881549e-01	
1  345.202	6.805199e+01	1.997081e+00	1.407290e-01	-9.494650e-01	-8.942521e-01	
1  345.737	6.803521e+01	2.010272e+00	1.394590e-01	-9.269223e-01	-9.223605e-01	
1  347.349	6.907900e+01	2.026031e+00	1.360230e-01	-9.619349e-01	-9.530940e-01	
1  347.63	6.887901e+01	2.063264e+00	1.361334e-01	-9.322967e-01	-9.764477e-01	
2  346.293	6.709859e+01	2.074302e+00	1.370324e-01	-8.663134e-01	-1.008537e+00	
5  345.977	6.708860e+01	2.031251e+00	1.357646e-01	-8.770824e-01	-9.915438e-01	
2  347.224	6.680049e+01	2.005222e+00	1.375364e-01	-8.500898e-01	-1.010065e+00	
4  347.253	6.670441e+01	2.010864e+00	1.396194e-01	-8.691625e-01	-9.916969e-01	
6  349.082	6.651116e+01	2.034505e+00	1.427137e-01	-9.138049e-01	-1.016744e+00	
12  348.033	6.720566e+01	2.023351e+00	1.468754e-01	-8.762015e-01	-9.685905e-01	
1  347.925	6.830189e+01	2.018618e+00	1.444270e-01	-9.171110e-01	-9.153470e-01	
2  347.459	6.873766e+01	2.006675e+00	1.434902e-01	-9.377118e-01	-1.019814e+00	
2  347.751	6.715447e+01	2.004601e+00	1.394846e-01	-1.011501e+00	-1.048368e+00	
1  345.796	6.774265e+01	1.949432e+00	1.433207e-01	-1.048486e+00	-1.036359e+00	
3  344.185	6.786637e+01	1.959369e+00	1.421984e-01	-1.007123e+00	-9.229585e-01	
3  345.6	6.799621e+01	1.919297e+00	1.395320e-01	-9.404983e-01	-9.203680e-01	
2  345.766	6.908157e+01	1.871180e+00	1.381956e-01	-1.011867e+00	-9.949894e-01	
2  343.47	6.868133e+01	1.864791e+00	1.385408e-01	-1.032776e+00	-1.024698e+00	
14  343.022	6.835677e+01	1.857830e+00	1.381735e-01	-1.036347e+00	-1.084777e+00	
2  343.192	6.870995e+01	1.849428e+00	1.338879e-01	-1.085795e+00	-1.062478e+00	
1  343.486	6.882401e+01	1.854352e+00	1.321539e-01	-1.066309e+00	-1.035112e+00	
2  343.468	6.847855e+01	1.835936e+00	1.321017e-01	-1.089373e+00	-1.020476e+00	
1  343.408	6.852515e+01	1.851600e+00	1.310422e-01	-1.082044e+00	-9.771012e-01	
1  344.278	6.806649e+01	1.830448e+00	1.291333e-01	-1.076388e+00	-9.760619e-01	
1  344.28	6.848068e+01	1.826030e+00	1.276616e-01	-1.068676e+00	-9.408488e-01	
2  344.126	6.899710e+01	1.836779e+00	1.283932e-01	-1.147968e+00	-8.482458e-01	
3  344.067	6.884489e+01	1.793866e+00	1.305728e-01	-1.120321e+00	-8.190638e-01	
3  343.882	6.879112e+01	1.849514e+00	1.296582e-01	-1.091862e+00	-8.309634e-01	
5  344.393	6.812056e+01	1.820482e+00	1.282001e-01	-1.082440e+00	-9.084341e-01	
2  343.807	6.891405e+01	1.856921e+00	1.300012e-01	-1.144243e+00	-8.910958e-01	
1  343.356	6.893298e+01	1.871429e+00	1.314948e-01	-1.120885e+00	-8.602214e-01	
7  344.246	6.854643e+01	1.869560e+00	1.287566e-01	-1.141594e+00	-8.531726e-01	
3  343.936	6.871632e+01	1.895344e+00	1.282319e-01	-1.128889e+00	-9.145926e-01	
1  344.168	6.893178e+01	1.906243e+00	1.293253e-01	-1.061197e+00	-8.611702e-01	
5  344.514	6.929915e+01	1.842249e+00	1.290824e-01	-1.125104e+00	-8.513430e-01	
2  343.71	6.896375e+01	1.849221e+00	1.316450e-01	-1.087397e+00	-9.383060e-01	
1  343.449	6.857693e+01	1.865497e+00	1.313676e-01	-1.065496e+00	-8.963765e-01	
5  343.583	6.879776e+01	1.819999e+00	1.319066e-01	-1.088110e+00	-9.984296e-01	
3  343.963	6.788491e+01	1.809582e+00	1.336409e-01	-1.062140e+00	-9.947584e-01	
1  345.844	6.861263e+01	1.734504e+00	1.295975e-01	-1.052317e+00	-9.676277e-01	
4  345.834	6.770857e+01	1.752508e+00	1.285852e-01	-1.013115e+00	-9.536282e-01	
6  345.679	6.878769e+01	1.776173e+00	1.270358e-01	-1.057133e+00	-1.035754e+00	
1  345.015	6.759878e+01	1.804384e+00	1.306250e-01	-1.051370e+00	-9.967914e-01	
1  344.222	6.769827e+01	1.825866e+00	1.316108e-01	-1.026615e+00	-1.042292e+00	
3  345.724	6.824720e+01	1.844259e+00	1.293160e-01	-9.669641e-01	-1.047595e+00	
3  344.926	6.759880e+01	1.859515e+00	1.296264e-01	-9.510222e-01	-1.060792e+00	
1  343.954	6.771523e+01	1.889125e+00	1.299429e-01	-1.000071e+00	-1.036013e+00	
3  344.827	6.753841e+01	1.861760e+00	1.283181e-01	-9.780312e-01	-1.005799e+00	
7  344.587	6.753402e+01	1.887343e+00	1.286098e-01	-9.602442e-01	-1.062749e+00	
3  345.796	6.727606e+01	1.895441e+00	1.270949e-01	-1.012794e+00	-1.035926e+00	
7  344.706	6.885870e+01	1.914751e+00	1.262836e-01	-1.028201e+00	-1.005088e+00	
1  344.345	6.811563e+01	1.929658e+00	1.242965e-01	-1.057842e+00	-1.007056e+00	
3  344.555	6.845617e+01	1.935670e+00	1.271757e-01	-1.131744e+00	-8.769592e-01	
2  343.822	6.923789e+01	1.890112e+00	1.294786e-01	-1.131791e+00	-8.086605e-01	
1  344.55	6.927680e+01	1.893644e+00	1.273279e-01	-1.113070e+00	-7.879296e-01	
2  344.818	6.831229e+01	1.886928e+00	1.275091e-01	-1.014038e+00	-8.534385e-01	
5  343.849	6.834554e+01	1.918818e+00	1.296688e-01	-1.101627e+00	-9.234312e-01	
1  344.381	6.863664e+01	1.922962e+00	1.296631e-01	-1.003963e+00	-9.823841e-01	
1  346.006	6.744658e+01	1.930377e+00	1.319230e-01	-1.058073e+00	-9.653677e-01	
1  346.373	6.679322e+01	1.888431e+00	1.343718e-01	-9.738194e-01	-9.109250e-01	
4  344.977	6.755836e+01	1.848869e+00	1.298520e-01	-9.800442e-01	-9.225810e-01	
1  345.108	6.756761e+01	1.853247e+00	1.265687e-01	-1.010031e+00	-9.382803e-01	
1  344.521	6.758606e+01	1.874105e+00	1.286873e-01	-1.012399e+00	-1.028159e+00	
2  345.359	6.867227e+01	1.920873e+00	1.301549e-01	-9.834841e-01	-9.867320e-01	
1  344.288	6.766235e+01	1.913294e+00	1.304159e-01	-1.047747e+00	-8.599642e-01	
3  344.436	6.762640e+01	1.895555e+00	1.283204e-01	-1.029962e+00	-8.806592e-01	
1  344.224	6.875155e+01	1.944148e+00	1.284858e-01	-1.024982e+00	-9.087738e-01	
2  343.099	6.847177e+01	1.954137e+00	1.316110e-01	-1.066039e+00	-9.754854e-01	
4  343.09	6.888505e+01	1.943714e+00	1.320858e-01	-1.086901e+00	-9.059338e-01	
1  344.037	6.932836e+01	1.960947e+00	1.358080e-01	-1.074363e+00	-9.268756e-01	
1  343.124	6.859412e+01	1.952148e+00	1.330420e-01	-1.041122e+00	-9.182334e-01	
1  343.441	6.881510e+01	1.977219e+00	1.329669e-01	-1.031841e+00	-9.590750e-01	
1  343.391	6.912400e+01	1.961885e+00	1.362375e-01	-1.088254e+00	-9.295024e-01	
4  343.49	6.856794e+01	1.918390e+00	1.358309e-01	-1.107181e+00	-9.556227e-01	
4  345.011	6.837505e+01	1.883970e+00	1.335686e-01	-9.703904e-01	-1.005753e+00	
1  344.532	6.746981e+01	1.874624e+00	1.308865e-01	-9.665573e-01	-1.014818e+00	
1  345.101	6.708438e+01	1.869695e+00	1.344788e-01	-9.582981e-01	-1.048388e+00	
1  343.522	6.797738e+01	1.864344e+00	1.320317e-01	-1.023713e+00	-1.028213e+00	
6  343.454	6.910189e+01	1.876991e+00	1.330559e-01	-1.093594e+00	-1.009173e+00	
4  343.505	6.778310e+01	1.916778e+00	1.357000e-01	-9.895098e-01	-1.099599e+00	
5  343.872	6.769047e+01	1.887321e+00	1.357412e-01	-9.724603e-01	-1.013195e+00	
2  344.59	6.731640e+01	1.886173e+00	1.371166e-01	-9.360625e-01	-1.073315e+00	
1  343.847	6.761394e+01	1.859835e+00	1.351100e-01	-9.968907e-01	-1.071804e+00	
8  343.965	6.800652e+01	1.835152e+00	1.297676e-01	-1.002121e+00	-1.161840e+00	
2  344.473	6.811184e+01	1.832336e+00	1.283261e-01	-9.818520e-01	-1.205661e+00	
2  344.112	6.840335e+01	1.860215e+00	1.282593e-01	-1.000519e+00	-1.192130e+00	
2  343.711	6.831269e+01	1.903691e+00	1.287582e-01	-9.845251e-01	-1.206087e+00	
2  343.23	6.822103e+01	1.903723e+00	1.326835e-01	-9.927846e-01	-1.174035e+00	
2  343.469	6.788072e+01	1.933403e+00	1.331108e-01	-9.973448e-01	-1.170914e+00	
4  343.364	6.883753e+01	1.950914e+00	1.365987e-01	-1.037852e+00	-1.252286e+00	
2  345.713	6.879315e+01	1.970675e+00	1.408473e-01	-1.100583e+00	-1.272238e+00	
2  345.413	6.859342e+01	1.972731e+00	1.425177e-01	-1.073846e+00	-1.263546e+00	
1  346.792	6.822649e+01	1.962875e+00	1.438381e-01	-1.068220e+00	-1.304640e+00	
2  346.486	6.815061e+01	1.921141e+00	1.417901e-01	-1.085503e+00	-1.266542e+00	
1  346.089	6.988541e+01	1.916887e+00	1.414490e-01	-1.073401e+00	-1.147755e+00	
1  345.053	6.872288e+01	1.913599e+00	1.405844e-01	-1.128839e+00	-1.127736e+00	
1  343.877	6.931787e+01	1.883083e+00	1.411572e-01	-1.105532e+00	-1.158906e+00	
5  343.958	6.881259e+01	1.928027e+00	1.435236e-01	-1.090110e+00	-1.038600e+00	
1  345.183	6.859754e+01	1.945656e+00	1.449833e-01	-1.089997e+00	-1.134321e+00	
4  344.566	6.942321e+01	1.942672e+00	1.416893e-01	-1.064713e+00	-1.159562e+00	
2  345.695	6.959586e+01	1.980614e+00	1.426465e-01	-1.049627e+00	-1.144689e+00	
5  346.051	6.964054e+01	1.982958e+00	1.378580e-01	-1.021139e+00	-1.192085e+00	
1  344	6.910667e+01	2.009006e+00	1.332751e-01	-1.011130e+00	-1.162002e+00	
2  343.832	6.804161e+01	2.038782e+00	1.375258e-01	-9.547326e-01	-1.215098e+00	
4  345.107	6.760018e+01	2.048224e+00	1.403780e-01	-9.438921e-01	-1.211781e+00	
1  345.389	6.949727e+01	2.040370e+00	1.407958e-01	-1.077363e+00	-1.205136e+00	
2  345.579	6.921336e+01	2.022958e+00	1.437697e-01	-1.008653e+00	-1.225109e+00	
1  344.671	6.907225e+01	1.978195e+00	1.438914e-01	-1.065927e+00	-1.174875e+00	
8  344.465	6.868867e+01	1.985471e+00	1.417123e-01	-9.859608e-01	-1.103662e+00	
5  343.615	6.826455e+01	1.968714e+00	1.395954e-01	-9.890498e-01	-1.064545e+00	
1  343.419	6.841945e+01	1.934870e+00	1.393971e-01	-1.064438e+00	-1.010484e+00	
2  343.353	6.841435e+01	1.935332e+00	1.405362e-01	-1.041688e+00	-1.003983e+00	
2  344.196	6.902669e+01	1.959998e+00	1.413488e-01	-1.048994e+00	-9.294424e-01	
3  344.273	6.810172e+01	1.986369e+00	1.393657e-01	-1.060348e+00	-9.347650e-01	
1  343.382	6.841117e+01	1.953899e+00	1.392588e-01	-1.073765e+00	-8.619562e-01	
1  345.374	6.907922e+01	1.959570e+00	1.408020e-01	-1.034664e+00	-8.029579e-01	
1  344.197	6.830490e+01	1.977750e+00	1.402699e-01	-1.082114e+00	-9.023871e-01	
3  343.696	6.843815e+01	1.927680e+00	1.419682e-01	-1.091053e+00	-8.701265e-01	
2  345.477	6.873205e+01	1.931064e+00	1.423874e-01	-1.152530e+00	-9.711868e-01	
3  344.878	6.925568e+01	1.957655e+00	1.423788e-01	-1.154984e+00	-9.527331e-01	
1  346.334	6.899983e+01	1.956078e+00	1.393076e-01	-1.198707e+00	-8.961022e-01	
5  345.995	7.013259e+01	1.957081e+00	1.400354e-01	-1.205106e+00	-9.479349e-01	
3  344.649	6.892170e+01	1.919536e+00	1.415468e-01	-1.169075e+00	-8.635425e-01	
2  343.89	6.937074e+01	1.910889e+00	1.412548e-01	-1.152478e+00	-8.744979e-01	
2  343.566	6.904640e+01	1.919752e+00	1.411151e-01	-1.128083e+00	-8.702440e-01	
1  343.591	6.918764e+01	1.916686e+00	1.407290e-01	-1.136391e+00	-8.535071e-01	
2  343.802	6.950037e+01	1.882963e+00	1.394201e-01	-1.143704e+00	-8.652893e-01	
1  343.726	6.930179e+01	1.881502e+00	1.386375e-01	-1.117155e+00	-7.937075e-01	
1  343.269	6.899523e+01	1.871196e+00	1.415434e-01	-1.137045e+00	-8.065984e-01	
1  344.265	6.858220e+01	1.876195e+00	1.418647e-01	-1.157144e+00	-8.194521e-01	
1  343.531	6.831328e+01	1.854571e+00	1.448463e-01	-1.082700e+00	-8.796173e-01	
2  343.99	6.848043e+01	1.827842e+00	1.499016e-01	-1.087718e+00	-9.363424e-01	
2  343.995	6.846901e+01	1.819851e+00	1.497584e-01	-1.100264e+00	-9.318063e-01	
1  344.482	6.853216e+01	1.812102e+00	1.473755e-01	-1.034348e+00	-8.726708e-01	
1  344.708	6.793532e+01	1.830834e+00	1.501573e-01	-1.025273e+00	-8.354186e-01	
6  345.317	6.807907e+01	1.843385e+00	1.527543e-01	-1.025374e+00	-8.231167e-01	
1  345.451	6.879804e+01	1.872178e+00	1.529800e-01	-1.067535e+00	-8.174369e-01	
3  345.53	6.951028e+01	1.871151e+00	1.499431e-01	-1.126064e+00	-7.363552e-01	
2  345.072	6.809032e+01	1.862264e+00	1.487178e-01	-1.121967e+00	-7.245090e-01	
1  344.818	6.836253e+01	1.853250e+00	1.509077e-01	-1.060754e+00	-7.125397e-01	
4  344.929	6.816624e+01	1.874965e+00	1.510993e-01	-1.074229e+00	-7.052994e-01	
9  344.86	6.810002e+01	1.880664e+00	1.498892e-01	-1.038307e+00	-7.807100e-01	
1  345.614	6.750842e+01	1.785972e+00	1.510481e-01	-1.076006e+00	-7.833055e-01	
4  346.48	6.719943e+01	1.792747e+00	1.528335e-01	-1.009196e+00	-7.560000e-01	
4  345.279	6.771859e+01	1.811865e+00	1.512578e-01	-1.075295e+00	-8.209079e-01	
3  344.611	6.856476e+01	1.846964e+00	1.522570e-01	-1.087810e+00	-8.210185e-01	
1  345.872	6.791136e+01	1.844586e+00	1.525972e-01	-1.087941e+00	-8.805438e-01	
1  346.216	6.770533e+01	1.853257e+00	1.534383e-01	-1.052829e+00	-9.167273e-01	
1  348.221	6.903515e+01	1.872538e+00	1.526853e-01	-9.838867e-01	-1.041603e+00	
1  355.444	7.027381e+01	1.839517e+00	1.521476e-01	-1.024325e+00	-9.676169e-01	
1  346.294	6.847252e+01	1.819628e+00	1.507419e-01	-9.990632e-01	-8.617856e-01	
6  345.792	6.883590e+01	1.797915e+00	1.457910e-01	-1.021624e+00	-9.030647e-01	
2  345.711	6.932121e+01	1.780740e+00	1.465831e-01	-1.070368e+00	-9.036458e-01	
1  345.301	6.959355e+01	1.748342e+00	1.472341e-01	-1.105859e+00	-9.792164e-01	
1  344.88	6.924633e+01	1.758949e+00	1.486259e-01	-1.086430e+00	-9.223506e-01	
3  344.807	6.905985e+01	1.767085e+00	1.521671e-01	-1.085195e+00	-8.952944e-01	
1  343.707	6.828331e+01	1.764778e+00	1.486633e-01	-1.073518e+00	-8.006288e-01	
1  343.426	6.811322e+01	1.785849e+00	1.449198e-01	-1.086051e+00	-8.437317e-01	
5  345.067	6.780333e+01	1.790286e+00	1.453652e-01	-1.106630e+00	-9.332951e-01	
1  343.181	6.823939e+01	1.795903e+00	1.437716e-01	-1.063517e+00	-9.922450e-01	
5  343.343	6.874251e+01	1.816067e+00	1.460159e-01	-1.085222e+00	-1.029133e+00	
4  343.774	6.928810e+01	1.839645e+00	1.437258e-01	-1.114582e+00	-9.268003e-01	
1  343.319	6.827471e+01	1.810401e+00	1.451171e-01	-1.071083e+00	-9.113979e-01	
3  343.367	6.906622e+01	1.764176e+00	1.457197e-01	-1.130647e+00	-8.507586e-01	
1  343.692	6.805979e+01	1.751101e+00	1.463796e-01	-1.112252e+00	-8.144824e-01	
1  344.33	6.807288e+01	1.764079e+00	1.470029e-01	-1.137216e+00	-8.078612e-01	
1  345.956	6.774148e+01	1.740112e+00	1.485262e-01	-1.145886e+00	-8.193646e-01	
1  344.379	6.842056e+01	1.756604e+00	1.531554e-01	-1.151171e+00	-7.781842e-01	
1  344.726	6.849863e+01	1.781231e+00	1.516615e-01	-1.178254e+00	-7.173473e-01	
2  343.98	6.859099e+01	1.761458e+00	1.524426e-01	-1.154389e+00	-7.145282e-01	
2  343.475	6.885284e+01	1.738665e+00	1.502979e-01	-1.178489e+00	-6.683785e-01	
5  343.736	6.837886e+01	1.743229e+00	1.497145e-01	-1.153895e+00	-7.164772e-01	
2  343.727	6.852944e+01	1.727880e+00	1.471613e-01	-1.180604e+00	-7.683953e-01	
5  343.113	6.884913e+01	1.691170e+00	1.478620e-01	-1.156352e+00	-7.849400e-01	
9  343.432	6.873123e+01	1.675633e+00	1.511275e-01	-1.191881e+00	-7.467684e-01	
1  343.475	6.881097e+01	1.699724e+00	1.523406e-01	-1.172884e+00	-7.368097e-01	
1  343.363	6.913181e+01	1.682969e+00	1.486043e-01	-1.171188e+00	-7.591737e-01	
1  343.265	6.899945e+01	1.697734e+00	1.476665e-01	-1.154063e+00	-7.819008e-01	
1  344.167	6.962662e+01	1.710944e+00	1.475006e-01	-1.178416e+00	-8.288960e-01	
6  343.394	6.902692e+01	1.668510e+00	1.459765e-01	-1.208808e+00	-8.354258e-01	
4  344.959	7.002270e+01	1.703369e+00	1.474287e-01	-1.282741e+00	-8.045612e-01	
1  346.202	7.055904e+01	1.661648e+00	1.470908e-01	-1.287753e+00	-8.156313e-01	
1  344.005	6.946214e+01	1.673926e+00	1.466319e-01	-1.256036e+00	-8.023321e-01	
2  344.062	6.949339e+01	1.647525e+00	1.478063e-01	-1.271918e+00	-7.660338e-01	
1  346.267	6.777385e+01	1.661136e+00	1.502048e-01	-1.176585e+00	-8.386441e-01	
4  344.168	6.920771e+01	1.710366e+00	1.545672e-01	-1.196377e+00	-8.656366e-01	
3  343.381	6.864511e+01	1.702772e+00	1.514015e-01	-1.152869e+00	-7.409158e-01	
1  344.459	6.913423e+01	1.731293e+00	1.518381e-01	-1.122840e+00	-7.673159e-01	
5  344.554	6.907628e+01	1.725083e+00	1.536847e-01	-1.126063e+00	-7.431351e-01	
1  345.764	6.954754e+01	1.738739e+00	1.532119e-01	-1.135783e+00	-7.480951e-01	
1  343.551	6.894179e+01	1.712583e+00	1.500837e-01	-1.150788e+00	-6.895258e-01	
1  344.563	6.939564e+01	1.753107e+00	1.522193e-01	-1.162436e+00	-6.877129e-01	
3  344.484	6.889674e+01	1.740131e+00	1.526452e-01	-1.118988e+00	-6.687806e-01	
2  344.842	6.811853e+01	1.726209e+00	1.540309e-01	-1.080747e+00	-6.190496e-01	
1  343.92	6.831066e+01	1.697616e+00	1.520812e-01	-1.121071e+00	-6.058188e-01	
3  343.159	6.898042e+01	1.709893e+00	1.462383e-01	-1.189195e+00	-6.331324e-01	
2  344.139	6.844102e+01	1.762811e+00	1.470660e-01	-1.184966e+00	-6.953430e-01	
3  344.579	6.938886e+01	1.804087e+00	1.470819e-01	-1.144869e+00	-6.286252e-01	
3  344.863	6.997755e+01	1.782909e+00	1.462115e-01	-1.217515e+00	-6.436655e-01	
1  345.38	6.934150e+01	1.845114e+00	1.496860e-01	-1.237148e+00	-6.898588e-01	
1  346.421	6.921876e+01	1.861408e+00	1.505601e-01	-1.229068e+00	-7.981629e-01	
1  345.109	6.948602e+01	1.857355e+00	1.490079e-01	-1.208099e+00	-8.083299e-01	
2  343.754	6.899993e+01	1.834248e+00	1.478257e-01	-1.134931e+00	-8.308001e-01	
2  346.233	6.731863e+01	1.841275e+00	1.415015e-01	-1.076690e+00	-8.472997e-01	
3  343.793	6.771809e+01	1.831953e+00	1.394889e-01	-1.026201e+00	-8.735776e-01	
3  343.701	6.815336e+01	1.823535e+00	1.418885e-01	-1.041965e+00	-7.896218e-01	
2  345.202	6.735119e+01	1.823538e+00	1.429035e-01	-1.059470e+00	-7.579734e-01	
1  345.213	6.786769e+01	1.784810e+00	1.405834e-01	-1.154364e+00	-7.151360e-01	
1  345.173	6.736919e+01	1.771828e+00	1.420913e-01	-1.085079e+00	-6.640870e-01	
1  343.943	6.785687e+01	1.821823e+00	1.430710e-01	-1.056757e+00	-6.828647e-01	
1  343.186	6.876333e+01	1.865422e+00	1.385606e-01	-1.097387e+00	-7.421986e-01	
2  343.845	6.954457e+01	1.871598e+00	1.402333e-01	-1.187759e+00	-7.772861e-01	
2  343.1	6.889004e+01	1.841073e+00	1.414906e-01	-1.135097e+00	-7.451124e-01	
2  343.211	6.842522e+01	1.813717e+00	1.398326e-01	-1.133697e+00	-7.416633e-01	
3  344.448	6.836591e+01	1.825288e+00	1.387487e-01	-1.172386e+00	-7.571666e-01	
2  345.37	6.810654e+01	1.816352e+00	1.399032e-01	-1.174270e+00	-7.332569e-01	
2  344.06	6.847593e+01	1.823530e+00	1.409774e-01	-1.174498e+00	-7.268724e-01	
2  343.972	6.867785e+01	1.806990e+00	1.361365e-01	-1.195458e+00	-6.912237e-01	
1  344.296	6.818554e+01	1.854340e+00	1.347878e-01	-1.154680e+00	-6.692376e-01	
7  345.625	6.810011e+01	1.878451e+00	1.334487e-01	-1.167722e+00	-7.105894e-01	
4  344.932	7.000591e+01	1.887933e+00	1.356775e-01	-1.188297e+00	-6.742088e-01	
2  346.356	6.805432e+01	1.934714e+00	1.356326e-01	-1.159457e+00	-7.419978e-01	
3  347.646	6.681727e+01	1.913190e+00	1.370843e-01	-1.040003e+00	-6.901452e-01	
3  343.241	6.839768e+01	1.944185e+00	1.381998e-01	-1.098208e+00	-6.316536e-01	
3  343.589	6.930470e+01	1.941611e+00	1.386760e-01	-1.131484e+00	-7.837406e-01	
1  344.088	6.901061e+01	1.961963e+00	1.397677e-01	-1.157739e+00	-7.824163e-01	
3  344.088	6.857046e+01	1.930694e+00	1.387060e-01	-1.138745e+00	-8.277285e-01	
1  344.295	6.803369e+01	1.906735e+00	1.384557e-01	-1.103983e+00	-8.206917e-01	
4  345.4	6.916146e+01	1.898676e+00	1.411790e-01	-1.233444e+00	-7.204419e-01	
5  344.116	6.912748e+01	1.877051e+00	1.353980e-01	-1.221685e+00	-6.495857e-01	
2  346.841	6.858184e+01	1.916006e+00	1.340874e-01	-1.234658e+00	-6.349646e-01	
1  347.019	6.830708e+01	1.953625e+00	1.351940e-01	-1.201985e+00	-6.514162e-01	
6  343.354	6.930068e+01	1.960426e+00	1.331570e-01	-1.150137e+00	-6.563853e-01	
1  343.458	6.911436e+01	1.972406e+00	1.347430e-01	-1.173320e+00	-6.288539e-01	
3  343.218	6.889670e+01	1.954709e+00	1.336516e-01	-1.151687e+00	-6.672510e-01	
1  344.772	6.990723e+01	1.951713e+00	1.366205e-01	-1.171507e+00	-6.168887e-01	
2  344.738	6.932734e+01	2.001552e+00	1.334879e-01	-1.211956e+00	-6.834879e-01	
4  344.157	6.964354e+01	1.990425e+00	1.333540e-01	-1.202123e+00	-6.674442e-01	
2  347.708	7.035608e+01	1.973306e+00	1.335633e-01	-1.148652e+00	-6.164187e-01	
2  344.16	6.919572e+01	2.005351e+00	1.315026e-01	-1.208203e+00	-5.758853e-01	
3  343.928	6.968865e+01	1.992920e+00	1.339603e-01	-1.190138e+00	-5.373049e-01	
1  343.628	6.873224e+01	2.054187e+00	1.369383e-01	-1.133253e+00	-4.789808e-01	
6  343.654	6.878869e+01	2.084200e+00	1.351333e-01	-1.136388e+00	-4.982672e-01	
3  343.912	6.813560e+01	2.081187e+00	1.329101e-01	-1.090092e+00	-5.878778e-01	
2  344.279	6.784897e+01	2.087622e+00	1.331767e-01	-1.060143e+00	-6.207585e-01	
1  343.895	6.796459e+01	2.116990e+00	1.335314e-01	-1.023969e+00	-6.343943e-01	
3  343.609	6.798425e+01	2.115416e+00	1.297018e-01	-1.050609e+00	-6.166631e-01	
1  344.141	6.769277e+01	2.113225e+00	1.273471e-01	-9.803653e-01	-6.275098e-01	
4  347.644	6.661585e+01	2.171507e+00	1.289620e-01	-8.951738e-01	-6.028316e-01	
2  347.83	6.692692e+01	2.171813e+00	1.326667e-01	-9.969977e-01	-6.565410e-01	
1  347.287	6.844261e+01	2.152034e+00	1.333555e-01	-9.377346e-01	-6.660219e-01	
2  346.105	6.928395e+01	2.116158e+00	1.339880e-01	-1.022840e+00	-7.003967e-01	
1  346.186	6.851869e+01	2.161541e+00	1.344443e-01	-9.555395e-01	-7.043537e-01	
6  344.697	6.913366e+01	2.163801e+00	1.345459e-01	-1.042991e+00	-7.110222e-01	
2  344.816	6.906750e+01	2.125212e+00	1.337567e-01	-1.031292e+00	-6.910796e-01	
1  344.793	6.917530e+01	2.089662e+00	1.363854e-01	-1.051839e+00	-7.016851e-01	
1  345.646	6.972090e+01	2.077750e+00	1.327000e-01	-1.093270e+00	-6.191150e-01	
2  343.195	6.817800e+01	2.072179e+00	1.291160e-01	-1.043520e+00	-6.391942e-01	
13  343.069	6.882257e+01	2.048813e+00	1.311465e-01	-1.095303e+00	-5.989786e-01	
2  343.349	6.920509e+01	2.020188e+00	1.321715e-01	-1.138752e+00	-5.016330e-01	
4  343.024	6.872455e+01	2.000615e+00	1.312427e-01	-1.124715e+00	-4.875343e-01	
11  343.16	6.851706e+01	2.019920e+00	1.286895e-01	-1.102708e+00	-4.619327e-01	
6  343.396	6.825192e+01	2.016953e+00	1.268005e-01	-1.091584e+00	-4.716803e-01	
6  343.44	6.877902e+01	1.993222e+00	1.275025e-01	-1.092023e+00	-5.884095e-01	
1  343.801	6.875751e+01	1.983290e+00	1.264943e-01	-1.156588e+00	-6.581505e-01	
2  345.616	6.998373e+01	1.950810e+00	1.241527e-01	-1.192133e+00	-6.572783e-01	
1  344.122	6.924799e+01	1.984554e+00	1.233319e-01	-1.129841e+00	-6.875982e-01	
3  343.922	6.878555e+01	1.991722e+00	1.219547e-01	-1.097607e+00	-7.028974e-01	
1  343.841	6.849462e+01	2.007226e+00	1.224478e-01	-1.055271e+00	-7.292083e-01	
5  344.756	6.800182e+01	2.009429e+00	1.253485e-01	-1.104157e+00	-7.312292e-01	
1  343.888	6.922629e+01	1.981188e+00	1.257504e-01	-1.104542e+00	-7.889706e-01	
3  343.716	6.923220e+01	1.992205e+00	1.252594e-01	-1.131312e+00	-7.447426e-01	
2  343.579	6.882999e+01	2.050249e+00	1.214341e-01	-1.084237e+00	-7.469817e-01	
2  343.844	6.821506e+01	2.070144e+00	1.191827e-01	-1.045216e+00	-7.482335e-01	
1  345.072	6.794419e+01	2.045897e+00	1.171949e-01	-1.050572e+00	-8.606876e-01	
1  344.887	6.867690e+01	2.031420e+00	1.164951e-01	-1.036749e+00	-9.329995e-01	
6  344.694	6.910481e+01	2.062253e+00	1.196761e-01	-1.033505e+00	-9.576961e-01	
2  343.561	6.874408e+01	2.059566e+00	1.214924e-01	-1.048507e+00	-8.744742e-01	
1  343.843	6.931491e+01	2.089726e+00	1.248640e-01	-1.077298e+00	-7.953094e-01	
1  343.992	6.908149e+01	2.139560e+00	1.232725e-01	-1.037272e+00	-7.561970e-01	
3  343.256	6.819180e+01	2.138715e+00	1.234328e-01	-1.041211e+00	-7.810597e-01	
5  343.834	6.786864e+01	2.102484e+00	1.240949e-01	-1.037738e+00	-7.761924e-01	
2  343.735	6.796475e+01	2.092510e+00	1.227309e-01	-1.056420e+00	-6.647197e-01	
2  343.61	6.826462e+01	2.040116e+00	1.222949e-01	-1.041339e+00	-7.315133e-01	
4  343.436	6.869664e+01	2.047099e+00	1.253813e-01	-1.122880e+00	-6.959912e-01	
2  345.135	6.795719e+01	2.069462e+00	1.243408e-01	-1.105084e+00	-6.900751e-01	
3  344.193	6.853724e+01	2.068485e+00	1.264384e-01	-1.135618e+00	-6.963767e-01	
1  343.399	6.910021e+01	2.047157e+00	1.250081e-01	-1.112944e+00	-7.822733e-01	
7  343.834	6.938688e+01	2.058813e+00	1.256308e-01	-1.096988e+00	-8.027624e-01	
1  343.389	6.836788e+01	2.066337e+00	1.217799e-01	-1.028045e+00	-9.001489e-01	
1  343.959	6.771095e+01	2.116698e+00	1.199435e-01	-9.599940e-01	-9.236921e-01	
5  343.598	6.860532e+01	2.104334e+00	1.204662e-01	-1.025292e+00	-8.042358e-01	
13  343.778	6.808579e+01	2.121538e+00	1.227585e-01	-1.046779e+00	-8.499473e-01	
8  343.079	6.832492e+01	2.115812e+00	1.232181e-01	-1.022659e+00	-8.508422e-01	
1  343.896	6.878116e+01	2.092858e+00	1.250429e-01	-1.018252e+00	-7.789535e-01	
1  343.288	6.833723e+01	2.114005e+00	1.264433e-01	-9.979934e-01	-8.081336e-01	
1  343.336	6.797555e+01	2.109079e+00	1.267595e-01	-1.023547e+00	-7.371543e-01	
10  343.31	6.829939e+01	2.101365e+00	1.287530e-01	-1.014628e+00	-7.106431e-01	
3  343.59	6.787528e+01	2.073302e+00	1.315003e-01	-1.002170e+00	-7.534905e-01	
6  343.75	6.800627e+01	2.094677e+00	1.280252e-01	-9.818561e-01	-7.337469e-01	
1  343.07	6.827364e+01	2.132948e+00	1.266090e-01	-1.025331e+00	-8.365619e-01	
1  343.412	6.921026e+01	2.151046e+00	1.264861e-01	-1.081306e+00	-7.976103e-01	
2  343.481	6.810533e+01	2.157980e+00	1.277396e-01	-9.711918e-01	-8.247949e-01	
6  344.428	6.829364e+01	2.185354e+00	1.301927e-01	-9.411002e-01	-8.744807e-01	
13  343.073	6.867906e+01	2.175227e+00	1.258498e-01	-1.021480e+00	-8.946999e-01	
6  343.12	6.876954e+01	2.125992e+00	1.234020e-01	-1.037572e+00	-9.343893e-01	
3  344.381	6.733522e+01	2.148888e+00	1.260419e-01	-9.426006e-01	-9.167077e-01	
2  344.206	6.776738e+01	2.187874e+00	1.266100e-01	-1.005176e+00	-8.586961e-01	
1  345.247	6.928699e+01	2.160580e+00	1.303229e-01	-1.010140e+00	-8.439541e-01	
2  344.917	6.913167e+01	2.078179e+00	1.343643e-01	-1.016184e+00	-8.613317e-01	
1  343.903	6.770195e+01	2.051854e+00	1.324971e-01	-1.000856e+00	-7.240660e-01	
1  344.935	6.757343e+01	2.050860e+00	1.359868e-01	-1.037511e+00	-6.930170e-01	
2  344.912	6.753196e+01	2.029805e+00	1.328943e-01	-1.053938e+00	-6.676816e-01	
1  345.476	6.904832e+01	2.072732e+00	1.327773e-01	-1.024355e+00	-6.565801e-01	
7  343.9	6.840676e+01	2.106243e+00	1.313697e-01	-1.001624e+00	-6.965781e-01	
1  343.576	6.861455e+01	2.125163e+00	1.291280e-01	-1.008431e+00	-7.723174e-01	
2  343.618	6.787129e+01	2.123671e+00	1.297824e-01	-1.003572e+00	-8.121364e-01	
1  343.939	6.760713e+01	2.108639e+00	1.258666e-01	-9.972017e-01	-7.888596e-01	
1  343.381	6.889111e+01	2.116524e+00	1.239827e-01	-1.032010e+00	-8.725483e-01	
3  343.393	6.858498e+01	2.091023e+00	1.206697e-01	-1.042173e+00	-9.149476e-01	
1  343.279	6.803689e+01	2.099331e+00	1.237084e-01	-9.865294e-01	-9.460538e-01	
2  344.286	6.865752e+01	2.058376e+00	1.247250e-01	-9.823311e-01	-9.537602e-01	
8  344.037	6.946562e+01	2.060693e+00	1.252312e-01	-1.089793e+00	-9.619443e-01	
4  344.52	6.840759e+01	2.060296e+00	1.250824e-01	-1.096709e+00	-9.378258e-01	
1  344.156	6.902152e+01	2.048012e+00	1.202966e-01	-1.085845e+00	-1.010060e+00	
2  344.207	6.853158e+01	2.043953e+00	1.212174e-01	-1.061238e+00	-1.094439e+00	
8  344.132	6.901022e+01	2.038504e+00	1.253408e-01	-1.099279e+00	-1.089204e+00	
1  343.852	6.924177e+01	2.079314e+00	1.260438e-01	-1.080537e+00	-1.093126e+00	
3  344.289	6.899377e+01	2.029198e+00	1.237217e-01	-1.019894e+00	-1.004570e+00	
4  343.804	6.888010e+01	2.007609e+00	1.250032e-01	-1.032475e+00	-9.815055e-01	
1  344.373	6.898882e+01	1.985165e+00	1.259624e-01	-1.026747e+00	-9.799005e-01	
4  343.633	6.871603e+01	1.984484e+00	1.256348e-01	-1.106236e+00	-8.858271e-01	
2  343.922	6.923184e+01	2.000454e+00	1.268509e-01	-1.158957e+00	-7.978304e-01	
2  343.47	6.906233e+01	1.984870e+00	1.271794e-01	-1.146567e+00	-7.124621e-01	
1  344.308	6.885239e+01	1.957095e+00	1.254916e-01	-1.175384e+00	-6.760976e-01	
1  344.637	6.889431e+01	1.926668e+00	1.272756e-01	-1.191999e+00	-7.068971e-01	
5  343.614	6.938129e+01	1.946836e+00	1.297958e-01	-1.162271e+00	-6.740676e-01	
3  344.309	6.979222e+01	1.984414e+00	1.283361e-01	-1.192592e+00	-6.332673e-01	
1  344.513	6.866204e+01	1.991221e+00	1.266871e-01	-1.188820e+00	-5.452227e-01	
3  344.01	6.951271e+01	1.968894e+00	1.267818e-01	-1.176091e+00	-5.515519e-01	
2  343.27	6.885781e+01	1.952049e+00	1.285542e-01	-1.137691e+00	-5.509244e-01	
1  344.088	6.800257e+01	1.970523e+00	1.301640e-01	-1.115634e+00	-5.775137e-01	
2  343.754	6.817168e+01	1.966491e+00	1.303345e-01	-1.122798e+00	-5.826381e-01	
3  343.162	6.844403e+01	1.976274e+00	1.290896e-01	-1.101868e+00	-5.707760e-01	
4  343.054	6.864613e+01	1.998060e+00	1.323477e-01	-1.084942e+00	-6.373085e-01	
1  343.236	6.871120e+01	1.985169e+00	1.367410e-01	-1.095133e+00	-6.142950e-01	
1  345.827	6.940806e+01	1.948194e+00	1.348360e-01	-1.087116e+00	-5.768981e-01	
4  343.22	6.882685e+01	1.956686e+00	1.369295e-01	-1.107858e+00	-6.052713e-01	
2  343.16	6.827502e+01	1.972161e+00	1.339603e-01	-1.085365e+00	-6.429427e-01	
1  343.187	6.821037e+01	1.955091e+00	1.315444e-01	-1.073285e+00	-6.986680e-01	
1  343.594	6.915363e+01	1.966512e+00	1.311051e-01	-1.107330e+00	-6.636439e-01	
6  343.309	6.918553e+01	1.957613e+00	1.313470e-01	-1.130133e+00	-7.011754e-01	
3  343.951	6.945063e+01	1.971474e+00	1.308556e-01	-1.141079e+00	-5.700664e-01	
2  343.267	6.893468e+01	1.976331e+00	1.276274e-01	-1.137332e+00	-5.672544e-01	
1  345.119	6.935159e+01	1.981328e+00	1.286095e-01	-1.082832e+00	-6.592400e-01	
1  346.257	6.953163e+01	1.958947e+00	1.304546e-01	-1.084444e+00	-6.352427e-01	
3  343.708	6.817644e+01	1.962184e+00	1.305868e-01	-1.026708e+00	-7.063540e-01	
4  343.524	6.822356e+01	1.943139e+00	1.323831e-01	-1.054159e+00	-6.263356e-01	
2  343.159	6.878510e+01	1.919003e+00	1.313679e-01	-1.141362e+00	-6.535964e-01	
1  344.048	6.866306e+01	1.960823e+00	1.378061e-01	-1.158910e+00	-6.788314e-01	
1  343.696	6.936577e+01	1.952024e+00	1.364638e-01	-1.121951e+00	-7.492297e-01	
2  343.722	6.933068e+01	1.963695e+00	1.354782e-01	-1.105525e+00	-7.959016e-01	
7  342.964	6.852444e+01	1.941893e+00	1.340969e-01	-1.072060e+00	-8.780881e-01	
1  343.976	6.962017e+01	1.994413e+00	1.303372e-01	-1.155662e+00	-7.952149e-01	
1  344.5	6.983723e+01	2.024008e+00	1.285699e-01	-1.189141e+00	-7.289383e-01	
6  344.212	6.928527e+01	2.066811e+00	1.290000e-01	-1.180098e+00	-6.900073e-01	
3  343.916	6.934352e+01	2.028312e+00	1.255334e-01	-1.100203e+00	-7.754945e-01	
2  343.532	6.834341e+01	2.064042e+00	1.252729e-01	-1.094910e+00	-7.087499e-01	
1  345.682	6.947940e+01	2.048311e+00	1.262751e-01	-1.066209e+00	-6.805701e-01	
2  343.507	6.928622e+01	2.034499e+00	1.291371e-01	-1.157142e+00	-6.813663e-01	
8  343.704	6.875948e+01	2.036937e+00	1.277751e-01	-1.152082e+00	-6.405469e-01	
2  343.368	6.920195e+01	2.001339e+00	1.280219e-01	-1.162058e+00	-5.876866e-01	
23  343.158	6.885584e+01	2.042694e+00	1.270408e-01	-1.143608e+00	-5.365054e-01	
2  343.154	6.876793e+01	2.030519e+00	1.341077e-01	-1.111776e+00	-5.206189e-01	
3  343.3	6.832954e+01	1.997411e+00	1.291723e-01	-1.120498e+00	-4.772235e-01	
7  343.65	6.955582e+01	1.977848e+00	1.321725e-01	-1.203530e+00	-3.911558e-01	
1  343.971	6.962472e+01	1.931778e+00	1.332449e-01	-1.261265e+00	-3.540348e-01	
3  344.567	6.997984e+01	1.933356e+00	1.303699e-01	-1.262518e+00	-3.242243e-01	
1  344.35	6.869375e+01	1.953773e+00	1.335556e-01	-1.224388e+00	-3.611622e-01	
3  343.914	6.830117e+01	1.952685e+00	1.326753e-01	-1.174963e+00	-3.504910e-01	
2  343.819	6.811275e+01	1.913138e+00	1.316682e-01	-1.132037e+00	-3.215837e-01	
1  344.405	6.865963e+01	1.884968e+00	1.293636e-01	-1.140196e+00	-2.884445e-01	
1  343.701	6.831852e+01	1.878084e+00	1.324810e-01	-1.161599e+00	-2.901814e-01	
1  343.878	6.803020e+01	1.929397e+00	1.320956e-01	-1.129354e+00	-3.144805e-01	
1  344.047	6.881080e+01	1.931511e+00	1.293023e-01	-1.227157e+00	-3.317582e-01	
1  343.92	6.844382e+01	1.911492e+00	1.306217e-01	-1.182954e+00	-4.329670e-01	
2  344.802	6.820361e+01	1.881223e+00	1.302999e-01	-1.177795e+00	-5.255453e-01	
5  344.412	6.825541e+01	1.871198e+00	1.340938e-01	-1.185080e+00	-4.886742e-01	
4  344.335	6.823342e+01	1.856165e+00	1.327041e-01	-1.183197e+00	-4.532312e-01	
2  345.977	6.750619e+01	1.880512e+00	1.310285e-01	-1.131527e+00	-4.751279e-01	
8  343.962	6.841861e+01	1.854907e+00	1.291065e-01	-1.137656e+00	-4.854688e-01	
1  344.631	6.819730e+01	1.845299e+00	1.275214e-01	-1.150312e+00	-5.257094e-01	
2  344.717	6.788150e+01	1.889713e+00	1.278373e-01	-1.128515e+00	-4.211120e-01	
3  344.512	6.855295e+01	1.912113e+00	1.284387e-01	-1.217202e+00	-3.519474e-01	
11  344.13	6.836359e+01	1.886856e+00	1.271377e-01	-1.137523e+00	-4.221973e-01	
8  343.768	6.899083e+01	1.924190e+00	1.272018e-01	-1.192669e+00	-4.803791e-01	
2  345.574	6.992075e+01	1.931931e+00	1.233879e-01	-1.229669e+00	-5.064754e-01	
4  344.787	6.958195e+01	1.978475e+00	1.224081e-01	-1.223614e+00	-4.871550e-01	
6  345.893	6.992036e+01	1.956413e+00	1.207946e-01	-1.248020e+00	-4.280927e-01	
2  346.776	6.867034e+01	1.929182e+00	1.203426e-01	-1.220160e+00	-5.548195e-01	
1  344.67	6.884953e+01	1.930071e+00	1.217963e-01	-1.135393e+00	-5.476622e-01	
1  345.709	6.981752e+01	1.997922e+00	1.267198e-01	-1.123723e+00	-6.454803e-01	
1  347.065	6.992399e+01	2.026890e+00	1.218255e-01	-1.109789e+00	-6.732985e-01	
3  344.58	6.966736e+01	2.049302e+00	1.211452e-01	-1.172182e+00	-5.897322e-01	
1  345.642	6.964556e+01	2.013680e+00	1.193993e-01	-1.217488e+00	-6.445067e-01	
7  346.093	6.990819e+01	2.007847e+00	1.204924e-01	-1.248373e+00	-6.028095e-01	
1  346.772	7.046560e+01	2.048718e+00	1.201756e-01	-1.247252e+00	-4.988009e-01	
3  349.792	7.122738e+01	2.057577e+00	1.230579e-01	-1.262484e+00	-4.770952e-01	
1  344.215	6.957012e+01	2.077549e+00	1.258529e-01	-1.216034e+00	-4.984077e-01	
1  343.48	6.865643e+01	2.053450e+00	1.289212e-01	-1.162145e+00	-4.382305e-01	
1  343.991	6.804354e+01	2.031772e+00	1.269763e-01	-1.119669e+00	-4.501493e-01	
3  343.746	6.809857e+01	2.044480e+00	1.302606e-01	-1.088653e+00	-2.871234e-01	
2  343.176	6.892110e+01	2.089740e+00	1.298862e-01	-1.157815e+00	-2.392925e-01	
3  343.495	6.941857e+01	2.094836e+00	1.277678e-01	-1.197455e+00	-1.710758e-01	
4  343.345	6.925418e+01	2.101734e+00	1.244340e-01	-1.185104e+00	-2.464637e-01	
3  343.192	6.909448e+01	2.114770e+00	1.271557e-01	-1.173269e+00	-3.145590e-01	
5  343.894	6.969671e+01	2.127511e+00	1.285056e-01	-1.200992e+00	-3.085388e-01	
1  343.246	6.916001e+01	2.146492e+00	1.274850e-01	-1.171544e+00	-2.544997e-01	
1  344.641	6.956908e+01	2.115947e+00	1.236440e-01	-1.147153e+00	-2.780567e-01	
4  343.775	6.856351e+01	2.134577e+00	1.211708e-01	-1.174779e+00	-2.131483e-01	
1  343.89	6.959041e+01	2.136297e+00	1.215485e-01	-1.213663e+00	-2.823944e-01	
3  343.216	6.878731e+01	2.126190e+00	1.251777e-01	-1.165908e+00	-2.667519e-01	
2  343.824	6.853536e+01	2.192679e+00	1.246405e-01	-1.157608e+00	-2.797294e-01	
1  343.498	6.878826e+01	2.138219e+00	1.265386e-01	-1.187207e+00	-1.847705e-01	
1  343.837	6.928353e+01	2.096201e+00	1.256814e-01	-1.160104e+00	-1.699837e-01	
10  343.492	6.932704e+01	2.060420e+00	1.294878e-01	-1.187855e+00	-1.842495e-01	
1  345.828	6.842370e+01	2.033690e+00	1.306715e-01	-1.242057e+00	-1.596669e-01	
5  343.549	6.936581e+01	2.013525e+00	1.296927e-01	-1.247121e+00	-1.020167e-01	
4  343.744	6.939853e+01	2.053722e+00	1.274130e-01	-1.253959e+00	-8.580464e-02	
7  344.269	6.985794e+01	2.042173e+00	1.285365e-01	-1.282809e+00	-1.004689e-01	
1  343.503	6.921331e+01	2.013768e+00	1.317099e-01	-1.222668e+00	-4.946029e-02	
3  344.111	6.892996e+01	2.047973e+00	1.341149e-01	-1.230185e+00	-8.769316e-02	
5  347.032	6.998076e+01	2.028012e+00	1.336214e-01	-1.327677e+00	4.054090e-03	
1  346.34	6.944932e+01	2.009546e+00	1.315024e-01	-1.223228e+00	2.741296e-02	
1  345.615	6.884906e+01	2.008525e+00	1.317667e-01	-1.223965e+00	7.495809e-03	
1  344.379	6.922256e+01	2.028411e+00	1.303110e-01	-1.257861e+00	-2.488306e-02	
1  344.54	6.957323e+01	2.042851e+00	1.316659e-01	-1.266160e+00	-2.284239e-02	
6  348.933	6.992269e+01	2.067706e+00	1.308684e-01	-1.212165e+00	3.838415e-02	
1  346.309	6.971940e+01	2.083578e+00	1.334400e-01	-1.211802e+00	1.122304e-02	
2  344.616	6.924935e+01	2.070184e+00	1.330557e-01	-1.231834e+00	-2.365724e-02	
2  346.995	6.813151e+01	2.116201e+00	1.357286e-01	-1.199324e+00	-1.106773e-01	
2  347.917	6.789998e+01	2.103571e+00	1.356004e-01	-1.196860e+00	-1.162982e-01	
1  346.581	6.963632e+01	2.068077e+00	1.358739e-01	-1.144022e+00	-8.482307e-02	
1  344.792	6.975733e+01	2.019872e+00	1.387074e-01	-1.252827e+00	-6.176665e-02	
3  345.093	6.999828e+01	2.016239e+00	1.399274e-01	-1.263573e+00	-1.522994e-01	
1  344.745	6.961306e+01	1.993002e+00	1.406481e-01	-1.217989e+00	-9.889146e-02	
7  344.561	6.954779e+01	2.079521e+00	1.373671e-01	-1.201384e+00	-1.264343e-01	
1  344.973	6.991033e+01	2.054534e+00	1.378830e-01	-1.244190e+00	-1.104687e-01	
1  344.612	6.987561e+01	2.061283e+00	1.351599e-01	-1.262918e+00	-9.491465e-02	
1  345.094	6.945565e+01	2.059742e+00	1.311463e-01	-1.295794e+00	-1.341584e-01	
1  344.887	6.955717e+01	2.055122e+00	1.332098e-01	-1.292203e+00	-1.261309e-01	
4  344.586	7.004826e+01	2.001520e+00	1.327403e-01	-1.292861e+00	-1.614130e-01	
1  344.785	6.985014e+01	2.005323e+00	1.322159e-01	-1.216052e+00	-1.070376e-01	
1  344.579	6.887377e+01	2.021787e+00	1.289187e-01	-1.259304e+00	-1.174892e-01	
1  344.109	6.979001e+01	2.022099e+00	1.302839e-01	-1.236651e+00	-5.465982e-02	
3  343.536	6.871462e+01	2.029701e+00	1.238050e-01	-1.196226e+00	-6.508869e-02	
2  344.377	6.979357e+01	2.031632e+00	1.229198e-01	-1.202253e+00	-1.772716e-02	
1  344.424	6.997942e+01	2.068649e+00	1.222045e-01	-1.262956e+00	-3.370347e-02	
1  343.656	6.909815e+01	2.055170e+00	1.242779e-01	-1.232365e+00	-1.001722e-01	
6  343.532	6.854435e+01	2.043129e+00	1.269163e-01	-1.140382e+00	-9.211697e-02	
4  343.398	6.880560e+01	2.075033e+00	1.294603e-01	-1.158015e+00	-6.563609e-02	
2  344.055	6.837996e+01	2.104182e+00	1.270746e-01	-1.156361e+00	-3.202794e-02	
3  347.302	6.776579e+01	2.091162e+00	1.264033e-01	-1.094602e+00	1.088186e-02	
9  343.637	6.866253e+01	2.057512e+00	1.279154e-01	-1.126478e+00	-2.281486e-02	
3  343.378	6.877422e+01	2.073515e+00	1.306630e-01	-1.187516e+00	-1.458246e-01	
7  343.32	6.907644e+01	2.095471e+00	1.306057e-01	-1.175661e+00	-1.708213e-01	
4  343.544	6.845412e+01	2.083827e+00	1.332824e-01	-1.125318e+00	-2.384585e-01	
5  346.375	7.006855e+01	2.091187e+00	1.345947e-01	-1.160945e+00	-3.289589e-01	
5  344.189	6.955588e+01	2.090902e+00	1.334784e-01	-1.225108e+00	-3.231632e-01	
1  344.471	6.984157e+01	2.086592e+00	1.343203e-01	-1.219934e+00	-3.179410e-01	
1  345.482	6.980001e+01	2.091696e+00	1.296677e-01	-1.146467e+00	-3.101017e-01	
2  343.204	6.850410e+01	2.080900e+00	1.281589e-01	-1.114961e+00	-3.050046e-01	
9  343.752	6.860031e+01	2.057197e+00	1.279966e-01	-1.086747e+00	-3.484120e-01	
1  343.411	6.935328e+01	2.100524e+00	1.267733e-01	-1.174005e+00	-2.891474e-01	
1  343.406	6.881151e+01	2.076486e+00	1.235896e-01	-1.154565e+00	-1.924651e-01	
1  343.98	6.902493e+01	2.062068e+00	1.231368e-01	-1.152058e+00	-1.614967e-01	
6  343.633	6.885867e+01	2.030537e+00	1.231260e-01	-1.183524e+00	-1.856585e-01	
1  344.104	6.866140e+01	2.009715e+00	1.230863e-01	-1.150052e+00	-1.186416e-01	
1  344.314	6.825050e+01	1.997481e+00	1.230282e-01	-1.166380e+00	-1.456676e-01	
1  344.716	6.849983e+01	1.990220e+00	1.200797e-01	-1.189995e+00	-1.559315e-01	
2  344.479	6.841796e+01	1.997282e+00	1.219281e-01	-1.140446e+00	-1.279843e-01	
4  343.812	6.883575e+01	1.992177e+00	1.245245e-01	-1.218557e+00	-1.229848e-01	
3  343.995	6.856652e+01	1.969612e+00	1.240336e-01	-1.202418e+00	-7.960390e-03	
5  343.686	6.891229e+01	2.005522e+00	1.210986e-01	-1.206970e+00	-3.899457e-02	
2  343.724	6.884204e+01	2.022582e+00	1.187108e-01	-1.200137e+00	-1.793352e-02	
2  346.424	6.907700e+01	2.022800e+00	1.178767e-01	-1.101786e+00	-3.546925e-02	
2  345.426	6.843509e+01	2.023061e+00	1.172118e-01	-1.107297e+00	-6.528839e-02	
1  344.607	6.814497e+01	2.050159e+00	1.162200e-01	-1.154942e+00	-2.895319e-02	
5  344.918	6.902261e+01	2.059780e+00	1.172505e-01	-1.153098e+00	-9.093915e-02	
3  345.488	6.919633e+01	2.029114e+00	1.180553e-01	-1.271545e+00	-1.389070e-01	
2  345.864	6.958885e+01	2.038445e+00	1.150872e-01	-1.226722e+00	-1.800877e-01	
1  344.592	6.912971e+01	2.042740e+00	1.178795e-01	-1.210969e+00	-2.298112e-01	
1  344.479	6.870774e+01	2.054285e+00	1.173998e-01	-1.176500e+00	-2.039492e-01	
1  344.999	6.932794e+01	2.031207e+00	1.172744e-01	-1.209939e+00	-2.234273e-01	
1  346.593	6.837093e+01	2.036433e+00	1.191741e-01	-1.234704e+00	-1.901444e-01	
3  345.271	6.825710e+01	2.074446e+00	1.191566e-01	-1.200119e+00	-1.074439e-01	
3  345.315	6.829018e+01	2.092524e+00	1.204286e-01	-1.201332e+00	-1.739946e-01	
6  345.402	7.011907e+01	2.082231e+00	1.277188e-01	-1.214998e+00	-1.425188e-01	
2  344.039	6.968919e+01	2.111370e+00	1.296125e-01	-1.221944e+00	-6.516947e-02	
23  344.391	6.978361e+01	2.108200e+00	1.293864e-01	-1.254952e+00	-4.396701e-02	
21  343.713	6.950253e+01	2.079997e+00	1.288444e-01	-1.212900e+00	-4.591208e-02	
1  344.303	6.818473e+01	2.077241e+00	1.284742e-01	-1.161682e+00	-5.460581e-02	
3  346.444	6.879326e+01	2.061284e+00	1.272878e-01	-1.203277e+00	1.925931e-02	
1  343.809	6.896306e+01	2.068030e+00	1.239722e-01	-1.159520e+00	9.353475e-03	
2  345.767	6.908641e+01	2.052163e+00	1.239290e-01	-1.172552e+00	3.144905e-02	
4  345.984	6.969598e+01	2.068027e+00	1.259285e-01	-1.118769e+00	1.722951e-02	
1  344.421	6.973342e+01	2.042541e+00	1.266770e-01	-1.287332e+00	-3.533233e-02	
2  344.967	7.015802e+01	2.020528e+00	1.240953e-01	-1.225432e+00	1.563785e-02	
1  345.045	6.920707e+01	2.051274e+00	1.225614e-01	-1.079799e+00	7.066479e-03	
1  344.282	6.935079e+01	2.088808e+00	1.226882e-01	-1.119811e+00	4.307291e-03	
5  346.66	6.975738e+01	2.117186e+00	1.214532e-01	-1.088319e+00	2.384918e-02	
2  344.243	6.888329e+01	2.085734e+00	1.241020e-01	-1.099361e+00	-2.663660e-02	
9  344.154	6.865081e+01	2.059046e+00	1.209616e-01	-1.057863e+00	1.102036e-02	
6  344.177	6.796207e+01	2.078049e+00	1.210324e-01	-1.073042e+00	-2.675612e-03	
9  343.431	6.860659e+01	2.082506e+00	1.222060e-01	-1.168207e+00	-2.795712e-02	
3  343.825	6.828277e+01	2.079362e+00	1.201393e-01	-1.077599e+00	-1.972612e-02	
3  344.999	6.861250e+01	2.082675e+00	1.186897e-01	-1.137901e+00	2.587247e-02	
3  343.17	6.879492e+01	2.063086e+00	1.197029e-01	-1.148574e+00	-5.540628e-03	
4  344.004	6.978873e+01	2.075643e+00	1.234379e-01	-1.224574e+00	-8.801030e-03	
5  343.98	6.976251e+01	2.058788e+00	1.232761e-01	-1.213035e+00	-1.142166e-02	
9  345.071	7.020956e+01	2.075058e+00	1.240406e-01	-1.269066e+00	1.979835e-03	
3  344.175	6.977645e+01	2.063490e+00	1.221725e-01	-1.188028e+00	-1.620761e-04	
3  343.771	6.950813e+01	2.116129e+00	1.210990e-01	-1.177260e+00	4.758218e-03	
9  344.556	6.885347e+01	2.135531e+00	1.195358e-01	-1.225503e+00	-3.113420e-02	
2  344.407	6.895534e+01	2.142099e+00	1.203161e-01	-1.232242e+00	-1.405459e-01	
1  345.033	6.810854e+01	2.139287e+00	1.174645e-01	-1.167242e+00	-1.311931e-01	
5  344.042	6.898911e+01	2.229555e+00	1.162666e-01	-1.111420e+00	-1.450153e-01	
1  343.756	6.886570e+01	2.220840e+00	1.195748e-01	-1.098290e+00	-1.970993e-01	
7  343.479	6.918818e+01	2.205560e+00	1.174313e-01	-1.164946e+00	-1.220218e-01	
2  344.725	6.909088e+01	2.211754e+00	1.212696e-01	-1.094895e+00	-1.513085e-01	
12  343.37	6.915149e+01	2.158106e+00	1.218951e-01	-1.158630e+00	-1.887028e-01	
1  343.654	6.946762e+01	2.187246e+00	1.197004e-01	-1.188173e+00	-2.896351e-01	
3  343.661	6.893451e+01	2.214597e+00	1.225138e-01	-1.173166e+00	-3.233052e-01	
4  344.294	6.971866e+01	2.193101e+00	1.196534e-01	-1.159669e+00	-3.368715e-01	
4  343.432	6.885945e+01	2.133595e+00	1.196094e-01	-1.127226e+00	-3.439790e-01	
1  343.486	6.814013e+01	2.141708e+00	1.222267e-01	-1.078918e+00	-3.528573e-01	
6  343.815	6.795744e+01	2.150644e+00	1.232301e-01	-1.083573e+00	-4.224549e-01	
2  343.789	6.907722e+01	2.183553e+00	1.252371e-01	-1.079320e+00	-4.354710e-01	
8  343.043	6.869774e+01	2.125954e+00	1.258778e-01	-1.105235e+00	-3.999729e-01	
8  343.363	6.841687e+01	2.139500e+00	1.283826e-01	-1.118950e+00	-3.695882e-01	
2  343.333	6.846760e+01	2.103458e+00	1.280249e-01	-1.139247e+00	-3.296044e-01	
1  343.338	6.881981e+01	2.106470e+00	1.300209e-01	-1.114887e+00	-3.181676e-01	
2  343.201	6.913175e+01	2.116656e+00	1.286410e-01	-1.155624e+00	-3.863390e-01	
3  344.051	6.931924e+01	2.097650e+00	1.302220e-01	-1.117268e+00	-4.076885e-01	
1  344.002	6.781571e+01	2.070104e+00	1.301104e-01	-1.029155e+00	-4.774729e-01	
1  343.824	6.799040e+01	2.077297e+00	1.309521e-01	-1.064488e+00	-3.591527e-01	
1  343.899	6.814580e+01	2.057573e+00	1.312878e-01	-1.120806e+00	-4.578028e-01	
2  343.535	6.874222e+01	2.121370e+00	1.340390e-01	-1.093496e+00	-5.225198e-01	
1  345.605	6.898372e+01	2.109372e+00	1.337923e-01	-1.188621e+00	-6.133125e-01	
2  345.6	6.996910e+01	2.081960e+00	1.361780e-01	-1.229507e+00	-5.650125e-01	
2  345.57	6.814255e+01	2.097612e+00	1.333664e-01	-1.142211e+00	-5.063061e-01	
1  344.674	6.949139e+01	2.101410e+00	1.363667e-01	-1.124871e+00	-4.817966e-01	
3  343.476	6.857341e+01	2.059263e+00	1.331960e-01	-1.082677e+00	-4.398804e-01	
4  343.774	6.841299e+01	2.063375e+00	1.346128e-01	-1.055489e+00	-4.934830e-01	
3  344.361	6.949065e+01	2.068078e+00	1.313412e-01	-1.111494e+00	-5.480700e-01	
1  344.408	6.945565e+01	2.090839e+00	1.313765e-01	-1.116784e+00	-4.490114e-01	
1  344.113	6.922601e+01	2.093678e+00	1.323573e-01	-1.190100e+00	-5.024464e-01	
1  344.429	6.902340e+01	2.081369e+00	1.337067e-01	-1.195641e+00	-4.684235e-01	
5  343.413	6.850394e+01	2.015033e+00	1.359327e-01	-1.132731e+00	-4.407450e-01	
2  343.312	6.876903e+01	1.999414e+00	1.343295e-01	-1.176105e+00	-3.615028e-01	
1  344.073	6.947637e+01	2.007465e+00	1.314320e-01	-1.160978e+00	-3.541006e-01	
1  345.58	6.932681e+01	2.056217e+00	1.326399e-01	-1.276712e+00	-3.036013e-01	
1  346.554	7.050897e+01	2.046186e+00	1.292678e-01	-1.313703e+00	-4.021310e-01	
1  348.068	7.105183e+01	2.063956e+00	1.304565e-01	-1.285619e+00	-4.718921e-01	
3  345.178	7.025352e+01	2.062776e+00	1.311127e-01	-1.241120e+00	-4.052312e-01	
5  344.246	6.950212e+01	2.040535e+00	1.321785e-01	-1.244147e+00	-3.691562e-01	
2  344.758	6.940011e+01	2.003694e+00	1.326329e-01	-1.265714e+00	-3.730150e-01	
11  343.283	6.906322e+01	1.992163e+00	1.311548e-01	-1.205779e+00	-3.001813e-01	
1  343.77	6.921993e+01	1.982374e+00	1.312723e-01	-1.232299e+00	-3.692026e-01	
7  343.349	6.913516e+01	1.972640e+00	1.294548e-01	-1.151226e+00	-4.933124e-01	
3  343.3	6.915154e+01	2.008663e+00	1.278961e-01	-1.152538e+00	-4.878141e-01	
2  343.998	6.799646e+01	1.984955e+00	1.257636e-01	-1.100257e+00	-5.067437e-01	
1  346.278	6.740909e+01	1.929607e+00	1.252383e-01	-1.088732e+00	-6.266468e-01	
1  344.576	6.785150e+01	1.944456e+00	1.238922e-01	-1.066911e+00	-6.260729e-01	
1  343.796	6.840196e+01	1.973526e+00	1.248213e-01	-1.077918e+00	-5.912976e-01	
26  343.448	6.839127e+01	1.948133e+00	1.280646e-01	-1.097676e+00	-5.592973e-01	
8  343.739	6.876459e+01	1.955891e+00	1.272959e-01	-1.096860e+00	-5.755903e-01	
1  343.889	6.834310e+01	1.953036e+00	1.255747e-01	-1.125925e+00	-6.091478e-01	
7  343.541	6.886339e+01	1.974947e+00	1.251855e-01	-1.136617e+00	-6.475779e-01	
7  344.628	6.934520e+01	1.963494e+00	1.221273e-01	-1.170624e+00	-7.029157e-01	
3  345.702	6.968939e+01	1.919255e+00	1.227153e-01	-1.209228e+00	-7.710207e-01	
5  347.06	7.017372e+01	1.922100e+00	1.218974e-01	-1.189624e+00	-8.289704e-01	
4  345.28	6.931451e+01	1.910588e+00	1.229203e-01	-1.179752e+00	-8.497234e-01	
7  344.805	6.901563e+01	1.921140e+00	1.230805e-01	-1.087325e+00	-8.299766e-01	
2  344.351	6.811694e+01	1.928225e+00	1.234020e-01	-1.068956e+00	-7.850772e-01	
2  346.875	6.833623e+01	1.912158e+00	1.156659e-01	-1.064343e+00	-7.845990e-01	
1  348.401	6.873152e+01	1.890830e+00	1.181408e-01	-1.028262e+00	-8.159517e-01	
1  348.63	6.901124e+01	1.826897e+00	1.158448e-01	-1.128684e+00	-7.745016e-01	
3  348.124	6.885128e+01	1.840177e+00	1.160273e-01	-1.122182e+00	-7.418878e-01	
1  348.32	6.920226e+01	1.849685e+00	1.175531e-01	-1.228040e+00	-7.515156e-01	
1  347.629	6.984967e+01	1.887170e+00	1.209520e-01	-1.153821e+00	-7.115994e-01	
1  345.884	6.941563e+01	1.919990e+00	1.216126e-01	-1.134146e+00	-6.474487e-01	
2  344.477	6.867932e+01	1.940905e+00	1.241600e-01	-1.161899e+00	-6.794094e-01	
1  344.487	6.901584e+01	1.936067e+00	1.227821e-01	-1.121499e+00	-6.715240e-01	
3  344.675	6.839167e+01	1.920673e+00	1.232508e-01	-1.068980e+00	-6.666385e-01	
2  345.213	6.796886e+01	1.931205e+00	1.202228e-01	-1.051065e+00	-8.092002e-01	
6  344.964	6.864720e+01	1.914823e+00	1.205728e-01	-1.103499e+00	-7.892806e-01	
6  344.898	6.919746e+01	1.934470e+00	1.213689e-01	-1.134460e+00	-8.315957e-01	
1  344.359	6.885482e+01	1.935761e+00	1.223266e-01	-1.108472e+00	-7.807393e-01	
4  346.198	6.816084e+01	1.919740e+00	1.262440e-01	-1.144981e+00	-8.625820e-01	
2  344.862	6.852270e+01	1.909130e+00	1.238940e-01	-1.134219e+00	-8.521525e-01	
2  343.97	6.894266e+01	1.975347e+00	1.232283e-01	-1.081744e+00	-8.675999e-01	
2  343.828	6.830713e+01	1.977121e+00	1.254041e-01	-1.071625e+00	-9.625386e-01	
2  344.086	6.923677e+01	1.969500e+00	1.247194e-01	-1.113415e+00	-9.692669e-01	
1  344.849	6.946536e+01	1.917658e+00	1.261151e-01	-1.104991e+00	-9.268274e-01	
3  344.055	6.898844e+01	1.915210e+00	1.261023e-01	-1.092693e+00	-8.448847e-01	
1  344.879	6.760265e+01	1.910760e+00	1.255074e-01	-1.005439e+00	-8.298779e-01	
3  343.254	6.846355e+01	1.923151e+00	1.307107e-01	-1.102521e+00	-8.034754e-01	
1  344.127	6.803409e+01	1.913457e+00	1.313228e-01	-1.102566e+00	-7.950166e-01	
9  343.377	6.843242e+01	1.965493e+00	1.314674e-01	-1.052645e+00	-6.868686e-01	
1  343.757	6.810339e+01	1.955794e+00	1.346409e-01	-1.102658e+00	-6.913788e-01	
3  343.224	6.827302e+01	1.931453e+00	1.379214e-01	-1.057569e+00	-7.698164e-01	
2  344.109	6.916336e+01	1.910659e+00	1.418693e-01	-1.087729e+00	-7.963144e-01	
3  344.228	6.792263e+01	1.906389e+00	1.426359e-01	-1.074254e+00	-7.923224e-01	
2  345.387	6.879503e+01	1.876918e+00	1.403764e-01	-1.018989e+00	-8.263521e-01	
2  344.583	6.858512e+01	1.906748e+00	1.431872e-01	-1.017851e+00	-8.496279e-01	
1  343.244	6.833824e+01	1.883519e+00	1.410123e-01	-1.069302e+00	-9.337396e-01	
6  343.926	6.942857e+01	1.894064e+00	1.416814e-01	-1.142970e+00	-9.376276e-01	
1  345.072	6.953120e+01	1.881010e+00	1.416798e-01	-1.214270e+00	-9.118572e-01	
1  344.792	6.919184e+01	1.903569e+00	1.404735e-01	-1.190583e+00	-9.008768e-01	
3  344.058	6.884799e+01	1.886099e+00	1.440798e-01	-1.131120e+00	-9.698323e-01	
4  344.928	6.962861e+01	1.886046e+00	1.473675e-01	-1.147457e+00	-8.782717e-01	
4  344.869	6.866214e+01	1.855884e+00	1.451192e-01	-1.154111e+00	-9.719104e-01	
1  343.96	6.899873e+01	1.919225e+00	1.445148e-01	-1.081363e+00	-9.358796e-01	
3  344.283	6.914410e+01	1.914987e+00	1.459655e-01	-1.109501e+00	-9.586706e-01	
4  344.418	6.914693e+01	1.918670e+00	1.462703e-01	-1.104536e+00	-1.002272e+00	
1  344.797	6.925047e+01	1.890641e+00	1.477753e-01	-1.134659e+00	-1.035499e+00	
4  348.227	7.061922e+01	1.898020e+00	1.480120e-01	-1.185599e+00	-1.007127e+00	
8  349.014	7.077094e+01	1.893400e+00	1.496076e-01	-1.258867e+00	-9.619022e-01	
1  348.849	7.079396e+01	1.868812e+00	1.501133e-01	-1.224242e+00	-1.018740e+00	
2  348.913	7.054564e+01	1.829259e+00	1.542956e-01	-1.276888e+00	-9.918497e-01	
4  346.184	6.988378e+01	1.790876e+00	1.473921e-01	-1.262836e+00	-9.771489e-01	
2  344.295	6.894795e+01	1.799318e+00	1.444859e-01	-1.181930e+00	-9.660173e-01	
7  344.605	6.942951e+01	1.772679e+00	1.464795e-01	-1.236260e+00	-8.561536e-01	
2  344.374	6.987650e+01	1.749200e+00	1.442581e-01	-1.213637e+00	-8.007082e-01	
4  343.218	6.857137e+01	1.686965e+00	1.422572e-01	-1.143841e+00	-7.502877e-01	
2  343.214	6.863789e+01	1.731235e+00	1.409176e-01	-1.124288e+00	-7.628130e-01	
1  343.316	6.825758e+01	1.719792e+00	1.419664e-01	-1.117797e+00	-7.321494e-01	
1  343.557	6.870516e+01	1.721361e+00	1.443316e-01	-1.112776e+00	-7.262530e-01	
2  344.107	6.932036e+01	1.762299e+00	1.410134e-01	-1.135607e+00	-7.636720e-01	
5  343.296	6.825516e+01	1.733157e+00	1.415548e-01	-1.124249e+00	-7.315907e-01	
3  344.007	6.941515e+01	1.749635e+00	1.429367e-01	-1.151074e+00	-7.758294e-01	
2  343.193	6.863589e+01	1.759287e+00	1.427660e-01	-1.163753e+00	-7.433199e-01	
8  343.27	6.912987e+01	1.735917e+00	1.425335e-01	-1.200776e+00	-7.238384e-01	
6  343.542	6.839142e+01	1.754180e+00	1.409328e-01	-1.154805e+00	-7.933115e-01	
1  343.813	6.811677e+01	1.743948e+00	1.392365e-01	-1.078737e+00	-7.148624e-01	
5  343.838	6.858002e+01	1.766352e+00	1.367628e-01	-1.099231e+00	-6.986812e-01	
2  346.24	6.832564e+01	1.757863e+00	1.273524e-01	-1.071062e+00	-7.116701e-01	
4  348.576	6.940645e+01	1.728019e+00	1.261525e-01	-1.129855e+00	-7.131448e-01	
1  347.856	6.954891e+01	1.731695e+00	1.308619e-01	-1.128974e+00	-7.014837e-01	
1  345.475	6.886497e+01	1.748251e+00	1.296654e-01	-1.129342e+00	-6.375209e-01	
4  345.611	6.949216e+01	1.760514e+00	1.301678e-01	-1.177404e+00	-6.346573e-01	
4  346.846	7.001581e+01	1.771679e+00	1.332367e-01	-1.186657e+00	-6.159577e-01	
3  345.269	6.971883e+01	1.738079e+00	1.316077e-01	-1.249017e+00	-6.323579e-01	
1  345.191	6.938608e+01	1.735627e+00	1.320127e-01	-1.276007e+00	-5.691864e-01	
1  345.512	6.983563e+01	1.713801e+00	1.326061e-01	-1.271641e+00	-5.486980e-01	
3  343.951	6.871843e+01	1.709569e+00	1.373904e-01	-1.227695e+00	-5.105983e-01	
3  343.436	6.891662e+01	1.718607e+00	1.396951e-01	-1.216246e+00	-4.465852e-01	
2  343.686	6.944110e+01	1.752380e+00	1.420574e-01	-1.213329e+00	-5.058966e-01	
10  343.157	6.890617e+01	1.813738e+00	1.389737e-01	-1.192487e+00	-4.544682e-01	
1  344.838	6.763690e+01	1.817950e+00	1.400159e-01	-1.127791e+00	-4.852713e-01	
3  343.531	6.830141e+01	1.830689e+00	1.398215e-01	-1.166092e+00	-4.309310e-01	
2  345.3	6.974376e+01	1.824736e+00	1.390082e-01	-1.177540e+00	-4.738096e-01	
3  343.233	6.902760e+01	1.848799e+00	1.401543e-01	-1.200142e+00	-4.963685e-01	
4  344.722	6.902234e+01	1.860070e+00	1.420038e-01	-1.240615e+00	-5.892759e-01	
2  343.497	6.900002e+01	1.864211e+00	1.416011e-01	-1.143951e+00	-5.196358e-01	
3  343.885	6.925112e+01	1.846743e+00	1.438639e-01	-1.162258e+00	-5.034098e-01	
4  343.47	6.845567e+01	1.818924e+00	1.437594e-01	-1.168476e+00	-4.840754e-01	
5  344.072	6.851779e+01	1.863025e+00	1.481395e-01	-1.136868e+00	-4.988408e-01	
1  344.271	6.907440e+01	1.852273e+00	1.497397e-01	-1.194708e+00	-4.317348e-01	
10  344.815	6.878769e+01	1.855629e+00	1.525496e-01	-1.161802e+00	-5.008776e-01	
1  345.532	6.872380e+01	1.843987e+00	1.518552e-01	-1.103201e+00	-4.651572e-01	
4  344.866	6.879307e+01	1.870170e+00	1.517780e-01	-1.136545e+00	-5.093244e-01	
5  345.154	6.828167e+01	1.865748e+00	1.501473e-01	-1.165491e+00	-4.684684e-01	
1  345.596	6.845827e+01	1.923207e+00	1.500299e-01	-1.156340e+00	-5.462328e-01	
1  345.06	6.785725e+01	1.900745e+00	1.475866e-01	-1.082420e+00	-6.354720e-01	
2  344.571	6.906350e+01	1.904733e+00	1.485466e-01	-1.131543e+00	-6.169798e-01	
2  344.365	6.890404e+01	1.931797e+00	1.425622e-01	-1.174701e+00	-7.050391e-01	
4  346.379	6.792829e+01	1.985694e+00	1.405951e-01	-1.133516e+00	-6.493133e-01	
3  348.198	7.053177e+01	2.002479e+00	1.407550e-01	-1.164379e+00	-6.478855e-01	
5  347.44	7.038158e+01	1.993098e+00	1.437791e-01	-1.172730e+00	-6.896282e-01	
4  345.633	6.910478e+01	2.007279e+00	1.417207e-01	-1.197202e+00	-6.737651e-01	
2  346.238	6.964927e+01	2.014161e+00	1.473851e-01	-1.169742e+00	-6.874173e-01	
1  346.37	6.950019e+01	2.022669e+00	1.475239e-01	-1.107833e+00	-7.119711e-01	
1  346.419	6.875805e+01	2.069912e+00	1.482349e-01	-1.075035e+00	-7.672835e-01	
6  345.673	6.923094e+01	2.075847e+00	1.443980e-01	-1.117226e+00	-7.426526e-01	
1  345.672	6.908176e+01	2.051587e+00	1.427484e-01	-1.042568e+00	-7.370453e-01	
1  345.175	6.866949e+01	2.069700e+00	1.430704e-01	-1.035632e+00	-7.061593e-01	
1  347.869	6.783826e+01	2.052686e+00	1.423507e-01	-1.111102e+00	-7.012220e-01	
2  347.179	6.778229e+01	2.062996e+00	1.387334e-01	-1.112155e+00	-6.410207e-01	
5  343.954	6.860162e+01	2.092287e+00	1.339372e-01	-1.117333e+00	-6.586635e-01	
13  343.859	6.900403e+01	2.075312e+00	1.325455e-01	-1.151431e+00	-6.609632e-01	
4  344.138	6.926749e+01	2.054518e+00	1.322769e-01	-1.164696e+00	-7.515413e-01	
2  343.269	6.910874e+01	2.019002e+00	1.304706e-01	-1.090490e+00	-8.148349e-01	
2  343.973	6.814816e+01	2.042239e+00	1.294903e-01	-1.072038e+00	-8.845350e-01	
1  346.428	6.731638e+01	2.032004e+00	1.308078e-01	-1.045029e+00	-8.454635e-01	
1  344.072	6.928962e+01	2.050190e+00	1.310601e-01	-1.064483e+00	-8.095838e-01	
2  344.541	6.806658e+01	2.037487e+00	1.291261e-01	-1.100731e+00	-7.521124e-01	
1  348.022	6.770482e+01	2.044615e+00	1.289510e-01	-1.127821e+00	-7.464770e-01	
1  346.735	7.012240e+01	2.063892e+00	1.302727e-01	-1.097356e+00	-7.989706e-01	
1  343.035	6.883591e+01	2.066483e+00	1.302026e-01	-1.102983e+00	-6.742764e-01	
4  343.137	6.896087e+01	2.064647e+00	1.302219e-01	-1.117490e+00	-6.803796e-01	
1  343.119	6.879157e+01	2.110629e+00	1.272851e-01	-1.106081e+00	-6.660925e-01	
2  344.166	6.772793e+01	2.119560e+00	1.276923e-01	-1.036710e+00	-7.056418e-01	
2  345.109	6.826821e+01	2.123973e+00	1.285667e-01	-1.119148e+00	-6.990659e-01	
1  345.176	6.833845e+01	2.149536e+00	1.289778e-01	-1.126014e+00	-6.484830e-01	
1  343.496	6.910610e+01	2.165873e+00	1.295852e-01	-1.078996e+00	-6.763533e-01	
4  345.01	6.991254e+01	2.146715e+00	1.322382e-01	-1.146959e+00	-6.486549e-01	
4  344.217	6.953103e+01	2.143748e+00	1.320828e-01	-1.143857e+00	-6.480037e-01	
3  345.386	6.980304e+01	2.127640e+00	1.305298e-01	-1.194428e+00	-7.424755e-01	
3  344.836	6.996914e+01	2.123636e+00	1.279515e-01	-1.144542e+00	-7.209328e-01	
1  343.634	6.886552e+01	2.146289e+00	1.294893e-01	-1.048044e+00	-6.204357e-01	
7  343.316	6.863952e+01	2.128199e+00	1.304139e-01	-1.099470e+00	-6.125217e-01	
4  344.008	6.837035e+01	2.134943e+00	1.345735e-01	-1.083914e+00	-5.798573e-01	
4  343.722	6.804529e+01	2.105167e+00	1.316908e-01	-1.069503e+00	-5.316883e-01	
2  343.564	6.877483e+01	2.108983e+00	1.323448e-01	-1.071162e+00	-5.216119e-01	
2  343.841	6.960395e+01	2.092730e+00	1.288736e-01	-1.198011e+00	-4.523384e-01	
6  344.693	6.997667e+01	2.069442e+00	1.280401e-01	-1.194173e+00	-3.784040e-01	
3  344.372	6.989476e+01	2.044211e+00	1.278626e-01	-1.206230e+00	-3.782804e-01	
2  344.032	6.957723e+01	2.053966e+00	1.254374e-01	-1.234149e+00	-3.474272e-01	
2  344.236	6.959028e+01	2.024258e+00	1.239107e-01	-1.197897e+00	-3.170250e-01	
2  344.37	6.961559e+01	2.023850e+00	1.239131e-01	-1.237493e+00	-3.904538e-01	
1  346.96	7.047735e+01	2.018774e+00	1.209208e-01	-1.253499e+00	-3.551539e-01	
