1  348.173	6.696022e+01	2.224860e+00	1.180176e-01	-9.191084e-01	-3.285550e-01	
4  345.733	6.809381e+01	2.215063e+00	1.174327e-01	-9.906023e-01	-3.434624e-01	
3  344.077	6.831639e+01	2.211827e+00	1.171808e-01	-1.026613e+00	-4.222507e-01	
2  343.328	6.833797e+01	2.211141e+00	1.174006e-01	-1.079811e+00	-4.115481e-01	
1  344.241	6.770774e+01	2.249896e+00	1.205015e-01	-1.049809e+00	-4.224291e-01	
1  343.932	6.804338e+01	2.231263e+00	1.153330e-01	-1.031190e+00	-4.030976e-01	
2  344.264	6.799939e+01	2.206871e+00	1.133487e-01	-1.038918e+00	-4.517528e-01	
1  345.923	6.740695e+01	2.184908e+00	1.123479e-01	-1.005518e+00	-4.177296e-01	
4  346.414	6.743051e+01	2.209351e+00	1.112393e-01	-1.046991e+00	-5.449741e-01	
3  344.75	6.786715e+01	2.180255e+00	1.136891e-01	-1.014485e+00	-4.947499e-01	
2  344.47	6.758156e+01	2.192964e+00	1.176203e-01	-9.888134e-01	-5.347243e-01	
3  343.811	6.812613e+01	2.249067e+00	1.152890e-01	-1.063866e+00	-5.672321e-01	
2  343.561	6.893716e+01	2.237499e+00	1.165389e-01	-1.063607e+00	-5.229016e-01	
1  344.897	6.993480e+01	2.247211e+00	1.168158e-01	-1.136631e+00	-5.768109e-01	
3  343.997	6.948345e+01	2.268633e+00	1.154765e-01	-1.143980e+00	-5.585931e-01	
2  345.086	6.807734e+01	2.269648e+00	1.180204e-01	-1.101412e+00	-5.282733e-01	
4  343.103	6.853106e+01	2.265738e+00	1.201850e-01	-1.085001e+00	-4.893461e-01	
3  343.029	6.831527e+01	2.287814e+00	1.187953e-01	-1.038764e+00	-5.622696e-01	
1  343.442	6.883735e+01	2.285420e+00	1.129374e-01	-1.056723e+00	-5.755752e-01	
1  343.79	6.818399e+01	2.274324e+00	1.149555e-01	-9.918384e-01	-5.619427e-01	
4  343.82	6.814799e+01	2.250477e+00	1.145403e-01	-1.006853e+00	-5.339346e-01	
3  343.358	6.823855e+01	2.220212e+00	1.162254e-01	-1.026799e+00	-6.381281e-01	
1  344.291	6.943493e+01	2.192660e+00	1.168805e-01	-1.086864e+00	-6.809706e-01	
3  343.891	6.880330e+01	2.175552e+00	1.150808e-01	-1.057761e+00	-6.459839e-01	
2  343.982	6.930634e+01	2.167730e+00	1.167054e-01	-1.138816e+00	-5.986017e-01	
2  343.582	6.867601e+01	2.160430e+00	1.196236e-01	-1.121775e+00	-5.714980e-01	
1  344.092	6.801870e+01	2.114844e+00	1.192227e-01	-1.068667e+00	-6.478347e-01	
1  343.332	6.805638e+01	2.086068e+00	1.252498e-01	-1.033006e+00	-6.543377e-01	
1  343.366	6.822456e+01	2.102643e+00	1.259803e-01	-1.007238e+00	-7.205101e-01	
6  343.24	6.839175e+01	2.120797e+00	1.261433e-01	-1.029859e+00	-6.398144e-01	
6  343.856	6.800995e+01	2.139493e+00	1.272072e-01	-1.055061e+00	-7.185118e-01	
2  343.853	6.770251e+01	2.149197e+00	1.250404e-01	-1.014569e+00	-6.856432e-01	
1  345.042	6.911298e+01	2.119259e+00	1.247033e-01	-1.031965e+00	-6.508315e-01	
4  343.701	6.908754e+01	2.106314e+00	1.232762e-01	-1.081685e+00	-5.961549e-01	
1  343.452	6.897469e+01	2.110142e+00	1.204282e-01	-1.098468e+00	-7.212458e-01	
10  343.348	6.800337e+01	2.130399e+00	1.236048e-01	-1.029476e+00	-6.521285e-01	
4  346.786	6.838197e+01	2.133304e+00	1.271593e-01	-9.604494e-01	-5.493222e-01	
2  343.676	6.850437e+01	2.153816e+00	1.321888e-01	-1.047396e+00	-5.307755e-01	
2  344.176	6.843297e+01	2.131301e+00	1.302712e-01	-1.028627e+00	-4.658988e-01	
5  344.249	6.782331e+01	2.127536e+00	1.328063e-01	-1.021037e+00	-4.954345e-01	
7  344.34	6.774066e+01	2.144865e+00	1.320850e-01	-1.028327e+00	-5.107986e-01	
4  344.197	6.819185e+01	2.164605e+00	1.324449e-01	-1.077946e+00	-5.600492e-01	
2  343.133	6.886937e+01	2.135904e+00	1.293943e-01	-1.099417e+00	-5.369537e-01	
3  343.171	6.893030e+01	2.111043e+00	1.296101e-01	-1.126326e+00	-5.478650e-01	
4  343.399	6.861922e+01	2.077077e+00	1.308191e-01	-1.065289e+00	-5.261888e-01	
1  344.194	6.906979e+01	2.048644e+00	1.325221e-01	-1.183321e+00	-6.126815e-01	
3  343.521	6.937918e+01	2.092214e+00	1.291984e-01	-1.127896e+00	-6.038298e-01	
1  346.496	6.993101e+01	2.134442e+00	1.312490e-01	-1.105564e+00	-5.043066e-01	
3  346.914	7.056172e+01	2.179282e+00	1.299258e-01	-1.184188e+00	-6.000808e-01	
5  344.188	6.921305e+01	2.175697e+00	1.323754e-01	-1.150774e+00	-5.201549e-01	
1  345.238	6.910104e+01	2.146899e+00	1.305756e-01	-1.186906e+00	-5.938056e-01	
5  344.243	6.925419e+01	2.163710e+00	1.289807e-01	-1.161172e+00	-6.209395e-01	
3  344.339	6.967118e+01	2.147678e+00	1.307439e-01	-1.164922e+00	-6.014583e-01	
10  345.392	6.990752e+01	2.141203e+00	1.284798e-01	-1.231728e+00	-5.489641e-01	
7  345.505	7.030709e+01	2.109295e+00	1.276006e-01	-1.204067e+00	-5.301175e-01	
3  346.499	7.049459e+01	2.109724e+00	1.281354e-01	-1.184291e+00	-5.984547e-01	
1  343.229	6.851505e+01	2.053115e+00	1.296149e-01	-1.115462e+00	-5.980624e-01	
1  343.174	6.828049e+01	2.014610e+00	1.322039e-01	-1.086086e+00	-5.965353e-01	
8  343.407	6.881091e+01	2.052879e+00	1.351912e-01	-1.126067e+00	-5.785159e-01	
3  346.435	7.038624e+01	2.095057e+00	1.355408e-01	-1.192537e+00	-5.417500e-01	
1  344.154	6.925028e+01	2.119014e+00	1.351520e-01	-1.165421e+00	-4.840070e-01	
1  344.443	6.960570e+01	2.108314e+00	1.311111e-01	-1.122618e+00	-5.166832e-01	
1  343.825	6.888493e+01	2.114207e+00	1.300700e-01	-1.152470e+00	-5.701719e-01	
2  343.998	6.968854e+01	2.072234e+00	1.300145e-01	-1.180540e+00	-5.796200e-01	
2  343.492	6.931615e+01	2.022385e+00	1.343579e-01	-1.149040e+00	-5.374017e-01	
6  343.404	6.828681e+01	2.025014e+00	1.338448e-01	-1.105191e+00	-5.296019e-01	
1  343.593	6.805834e+01	1.974457e+00	1.346715e-01	-1.076728e+00	-4.778606e-01	
8  344.905	6.827425e+01	1.981156e+00	1.340002e-01	-1.037065e+00	-4.389293e-01	
3  343.613	6.826293e+01	1.973608e+00	1.365750e-01	-1.115299e+00	-3.245373e-01	
1  343.892	6.917642e+01	1.984212e+00	1.402766e-01	-1.156335e+00	-3.900772e-01	
3  343.988	6.887411e+01	2.006192e+00	1.407326e-01	-1.128699e+00	-3.864986e-01	
3  344.81	6.806513e+01	2.009824e+00	1.422575e-01	-1.110193e+00	-3.750516e-01	
2  345.57	6.835265e+01	2.001473e+00	1.428856e-01	-1.183361e+00	-3.351471e-01	
3  344.737	6.909298e+01	2.007222e+00	1.428486e-01	-1.192026e+00	-4.730140e-01	
3  344.079	6.856770e+01	2.005391e+00	1.413103e-01	-1.121859e+00	-3.435715e-01	
1  344.52	6.833478e+01	2.017403e+00	1.413671e-01	-1.146370e+00	-2.945868e-01	
1  344.211	6.881472e+01	2.029423e+00	1.410316e-01	-1.172551e+00	-2.090748e-01	
1  344.311	6.921620e+01	2.018750e+00	1.408227e-01	-1.177831e+00	-2.091962e-01	
3  346.954	6.722981e+01	1.963434e+00	1.412897e-01	-1.100822e+00	-1.696644e-01	
2  349.011	6.672684e+01	1.951964e+00	1.377634e-01	-1.091124e+00	-1.677286e-01	
1  347.221	6.692227e+01	1.917739e+00	1.367174e-01	-1.072291e+00	-2.481009e-01	
1  345.617	6.748691e+01	1.910354e+00	1.393658e-01	-1.127183e+00	-2.458831e-01	
1  345.573	6.961624e+01	1.878437e+00	1.379258e-01	-1.172979e+00	-2.888157e-01	
6  343.269	6.870024e+01	1.901096e+00	1.362717e-01	-1.193268e+00	-3.096650e-01	
3  344.284	6.862140e+01	1.912939e+00	1.391946e-01	-1.125006e+00	-2.378164e-01	
4  343.61	6.845388e+01	1.936515e+00	1.377881e-01	-1.128764e+00	-2.937444e-01	
5  344.1	6.892401e+01	1.941921e+00	1.352153e-01	-1.125093e+00	-3.314607e-01	
3  345.306	6.756721e+01	1.943348e+00	1.387823e-01	-1.115846e+00	-3.218717e-01	
4  343.926	6.819871e+01	1.980447e+00	1.361118e-01	-1.153585e+00	-1.522116e-01	
9  343.451	6.844991e+01	1.991677e+00	1.363851e-01	-1.135806e+00	-3.066080e-01	
4  343.147	6.884505e+01	1.988766e+00	1.348903e-01	-1.157386e+00	-3.824908e-01	
1  343.342	6.875571e+01	1.967507e+00	1.360995e-01	-1.180453e+00	-3.703869e-01	
1  343.594	6.880070e+01	1.976799e+00	1.396496e-01	-1.174813e+00	-3.217212e-01	
1  343.832	6.814300e+01	1.978167e+00	1.381509e-01	-1.116819e+00	-4.016055e-01	
1  345.687	6.890222e+01	2.043967e+00	1.357333e-01	-1.072549e+00	-3.073457e-01	
2  344.354	6.864402e+01	2.039984e+00	1.376004e-01	-1.095377e+00	-2.904027e-01	
4  343.817	6.814917e+01	2.029001e+00	1.361491e-01	-1.107298e+00	-3.841492e-01	
2  343.438	6.859550e+01	2.017992e+00	1.354030e-01	-1.145647e+00	-4.554700e-01	
6  344.225	6.885373e+01	2.058267e+00	1.352602e-01	-1.175550e+00	-5.096748e-01	
9  343.969	6.843936e+01	2.090466e+00	1.362356e-01	-1.114634e+00	-4.714481e-01	
2  343.7	6.859772e+01	2.076687e+00	1.360478e-01	-1.088301e+00	-4.445136e-01	
2  343.392	6.913271e+01	2.054491e+00	1.341779e-01	-1.148675e+00	-4.289798e-01	
10  343.403	6.906525e+01	2.044430e+00	1.347097e-01	-1.140283e+00	-4.178211e-01	
5  344.329	6.971239e+01	2.026675e+00	1.365310e-01	-1.188167e+00	-3.793835e-01	
2  344.004	6.956107e+01	2.016888e+00	1.372474e-01	-1.185703e+00	-4.334494e-01	
2  343.607	6.899008e+01	2.001035e+00	1.366035e-01	-1.116903e+00	-4.735783e-01	
1  343.864	6.855015e+01	2.053330e+00	1.359691e-01	-1.146034e+00	-4.456267e-01	
1  343.791	6.958829e+01	2.037213e+00	1.328612e-01	-1.176843e+00	-4.873210e-01	
1  343.109	6.873621e+01	2.010070e+00	1.341846e-01	-1.133752e+00	-4.656765e-01	
1  344.233	6.831592e+01	1.977221e+00	1.366423e-01	-1.154088e+00	-5.211459e-01	
2  343.718	6.917337e+01	1.996279e+00	1.310799e-01	-1.202783e+00	-5.191107e-01	
1  344.01	6.944038e+01	2.019490e+00	1.302589e-01	-1.128197e+00	-5.451242e-01	
6  343.817	6.865378e+01	2.027809e+00	1.261635e-01	-1.160749e+00	-5.523088e-01	
4  343.377	6.886034e+01	2.009943e+00	1.248140e-01	-1.122322e+00	-5.704284e-01	
4  344.179	6.943836e+01	2.028776e+00	1.225253e-01	-1.212004e+00	-4.247356e-01	
3  345.407	7.022993e+01	2.047093e+00	1.244033e-01	-1.257997e+00	-4.141850e-01	
2  346.814	7.054978e+01	2.038448e+00	1.227060e-01	-1.285210e+00	-4.736619e-01	
2  348.391	7.080102e+01	2.013219e+00	1.208130e-01	-1.313041e+00	-5.086126e-01	
3  345.452	7.007992e+01	2.005543e+00	1.244033e-01	-1.255897e+00	-5.184514e-01	
1  346.251	7.044033e+01	2.015052e+00	1.242584e-01	-1.276003e+00	-4.577543e-01	
1  344.631	6.962460e+01	1.989187e+00	1.233533e-01	-1.184348e+00	-4.717586e-01	
1  344.038	6.916787e+01	1.979752e+00	1.232121e-01	-1.167602e+00	-4.527888e-01	
5  345.775	6.983238e+01	1.999546e+00	1.213674e-01	-1.181820e+00	-4.235690e-01	
1  344.272	6.866049e+01	2.001368e+00	1.217634e-01	-1.183064e+00	-3.678281e-01	
1  345.924	6.898135e+01	1.993492e+00	1.191008e-01	-1.113375e+00	-3.743520e-01	
1  345.011	6.796361e+01	1.979936e+00	1.219965e-01	-1.132161e+00	-3.986457e-01	
2  344.416	6.900540e+01	2.009146e+00	1.246023e-01	-1.222760e+00	-4.041761e-01	
2  344.762	6.915834e+01	2.005036e+00	1.242292e-01	-1.232645e+00	-4.563465e-01	
1  345.702	6.950879e+01	1.979786e+00	1.240083e-01	-1.266229e+00	-5.050798e-01	
3  345.634	7.025947e+01	2.000273e+00	1.259449e-01	-1.227417e+00	-4.820269e-01	
6  345.385	7.020196e+01	2.002498e+00	1.283455e-01	-1.262681e+00	-5.196955e-01	
1  345.262	7.002999e+01	1.989726e+00	1.281073e-01	-1.264666e+00	-5.372312e-01	
1  345.85	7.027063e+01	1.993933e+00	1.263455e-01	-1.269132e+00	-5.475991e-01	
2  344.669	6.949308e+01	2.000318e+00	1.253980e-01	-1.228143e+00	-5.706749e-01	
2  346.506	6.964608e+01	2.002201e+00	1.255464e-01	-1.272562e+00	-6.167784e-01	
1  345.495	7.011778e+01	2.024399e+00	1.232948e-01	-1.216808e+00	-6.232684e-01	
1  345.119	6.955385e+01	2.024404e+00	1.222323e-01	-1.242354e+00	-4.987384e-01	
2  345.074	6.888099e+01	2.035753e+00	1.215837e-01	-1.207448e+00	-4.991903e-01	
3  344.896	6.959539e+01	2.019865e+00	1.212004e-01	-1.165563e+00	-4.751698e-01	
2  345.735	6.914133e+01	2.035634e+00	1.182221e-01	-1.113913e+00	-3.902207e-01	
1  345.615	6.977400e+01	2.054862e+00	1.205441e-01	-1.159234e+00	-4.095865e-01	
1  347.229	7.041519e+01	2.045661e+00	1.232842e-01	-1.178731e+00	-5.441298e-01	
3  344.388	6.925766e+01	2.096781e+00	1.242466e-01	-1.206162e+00	-5.154832e-01	
8  343.901	6.932563e+01	2.134405e+00	1.255445e-01	-1.185676e+00	-5.119481e-01	
2  343.509	6.937530e+01	2.098575e+00	1.246853e-01	-1.160360e+00	-5.351673e-01	
3  344.928	6.912258e+01	2.071970e+00	1.264345e-01	-1.209295e+00	-5.798808e-01	
8  344.355	6.916695e+01	2.091298e+00	1.276875e-01	-1.202915e+00	-5.163152e-01	
2  343.59	6.905136e+01	2.038594e+00	1.275846e-01	-1.189543e+00	-4.711377e-01	
2  344.291	6.942632e+01	2.005848e+00	1.322781e-01	-1.139765e+00	-4.040892e-01	
1  346.6	7.022163e+01	1.980854e+00	1.339579e-01	-1.188626e+00	-3.548773e-01	
1  345.872	6.994315e+01	1.974242e+00	1.319444e-01	-1.171332e+00	-3.663492e-01	
7  343.902	6.951075e+01	1.961802e+00	1.334502e-01	-1.257601e+00	-3.180835e-01	
1  344.449	6.993786e+01	1.993305e+00	1.359408e-01	-1.231434e+00	-3.972091e-01	
2  344.512	6.895948e+01	1.996206e+00	1.399447e-01	-1.221510e+00	-3.370889e-01	
4  344.116	6.923668e+01	1.968745e+00	1.391913e-01	-1.243531e+00	-2.989894e-01	
2  345.667	6.852767e+01	1.965454e+00	1.408749e-01	-1.234215e+00	-2.768668e-01	
4  343.227	6.885257e+01	1.931535e+00	1.353176e-01	-1.199202e+00	-2.795486e-01	
1  343.759	6.930033e+01	1.946706e+00	1.341968e-01	-1.241081e+00	-3.769022e-01	
3  343.61	6.930953e+01	1.950027e+00	1.352775e-01	-1.171038e+00	-3.762732e-01	
1  343.579	6.868290e+01	1.921023e+00	1.365329e-01	-1.201253e+00	-3.695065e-01	
1  343.729	6.955317e+01	1.972415e+00	1.348453e-01	-1.183821e+00	-4.737234e-01	
3  344.962	6.982007e+01	1.947108e+00	1.360283e-01	-1.165068e+00	-5.024568e-01	
2  343.652	6.854363e+01	2.011915e+00	1.385979e-01	-1.124747e+00	-5.137812e-01	
3  343.601	6.827563e+01	2.013525e+00	1.353593e-01	-1.072251e+00	-4.647824e-01	
1  345.34	6.765149e+01	1.992454e+00	1.325401e-01	-1.116131e+00	-4.850991e-01	
1  344.038	6.822506e+01	1.967603e+00	1.335327e-01	-1.048436e+00	-5.074464e-01	
2  345.082	6.820747e+01	1.939908e+00	1.338759e-01	-1.015569e+00	-5.742382e-01	
3  344.291	6.845982e+01	1.945723e+00	1.299081e-01	-1.045015e+00	-6.159779e-01	
1  343.909	6.785500e+01	1.980698e+00	1.272109e-01	-1.064642e+00	-6.599961e-01	
8  343.481	6.829729e+01	2.020624e+00	1.239063e-01	-1.062263e+00	-6.731914e-01	
3  344.009	6.954994e+01	2.054052e+00	1.236948e-01	-1.163852e+00	-6.211878e-01	
2  344.809	6.983459e+01	2.040662e+00	1.229848e-01	-1.200346e+00	-6.335604e-01	
5  347.014	7.013093e+01	1.990431e+00	1.187472e-01	-1.242431e+00	-6.806715e-01	
3  348.089	7.015814e+01	1.954693e+00	1.205829e-01	-1.283621e+00	-7.339125e-01	
13  348.038	6.984956e+01	1.938973e+00	1.211633e-01	-1.293243e+00	-6.684527e-01	
2  347.386	7.055531e+01	1.936016e+00	1.242384e-01	-1.280881e+00	-6.332599e-01	
1  346.214	7.028261e+01	1.938334e+00	1.265997e-01	-1.277985e+00	-5.984394e-01	
3  344.646	6.952103e+01	1.912226e+00	1.276650e-01	-1.244267e+00	-5.467934e-01	
2  346.392	6.837545e+01	1.937546e+00	1.259900e-01	-1.209788e+00	-5.517988e-01	
4  343.594	6.881341e+01	1.922776e+00	1.277296e-01	-1.170351e+00	-5.160994e-01	
1  343.625	6.841852e+01	1.917481e+00	1.303704e-01	-1.156180e+00	-5.112725e-01	
1  345.478	6.828977e+01	1.862494e+00	1.292374e-01	-1.200809e+00	-5.359690e-01	
4  344.84	6.937473e+01	1.841168e+00	1.283738e-01	-1.255458e+00	-5.071878e-01	
1  344.236	6.963611e+01	1.893686e+00	1.297481e-01	-1.251908e+00	-4.038336e-01	
1  344.393	6.956343e+01	1.828884e+00	1.311672e-01	-1.218367e+00	-4.708001e-01	
1  343.979	6.961418e+01	1.822926e+00	1.350280e-01	-1.264316e+00	-3.949069e-01	
2  346.42	6.941828e+01	1.835706e+00	1.342954e-01	-1.339001e+00	-3.828079e-01	
2  344.351	6.903292e+01	1.837886e+00	1.355398e-01	-1.280149e+00	-3.036065e-01	
5  343.787	6.933360e+01	1.863153e+00	1.365230e-01	-1.264532e+00	-3.535456e-01	
2  344.11	6.932598e+01	1.873585e+00	1.391016e-01	-1.276017e+00	-3.405920e-01	
7  344.178	6.933634e+01	1.834788e+00	1.328585e-01	-1.189204e+00	-4.109137e-01	
8  343.45	6.852884e+01	1.862210e+00	1.336113e-01	-1.164783e+00	-3.474552e-01	
1  345.411	6.855692e+01	1.840018e+00	1.325619e-01	-1.249588e+00	-4.207628e-01	
7  344.057	6.876006e+01	1.857747e+00	1.292016e-01	-1.201017e+00	-4.868652e-01	
1  345.235	6.845245e+01	1.878757e+00	1.299834e-01	-1.219210e+00	-4.732947e-01	
3  344.076	6.816178e+01	1.859938e+00	1.312968e-01	-1.149487e+00	-5.266853e-01	
2  343.915	6.831347e+01	1.872095e+00	1.304945e-01	-1.095507e+00	-5.354337e-01	
1  344.093	6.821398e+01	1.857754e+00	1.289281e-01	-1.120906e+00	-5.204753e-01	
2  344.297	6.803994e+01	1.848012e+00	1.318454e-01	-1.085298e+00	-4.975943e-01	
4  344.487	6.765173e+01	1.881908e+00	1.334285e-01	-1.071509e+00	-4.738912e-01	
1  344.356	6.773127e+01	1.907877e+00	1.366190e-01	-1.062088e+00	-4.484108e-01	
4  343.132	6.890623e+01	1.898436e+00	1.389218e-01	-1.157097e+00	-5.860306e-01	
2  343.07	6.851795e+01	1.905286e+00	1.361865e-01	-1.101460e+00	-6.358075e-01	
7  343.319	6.823413e+01	1.886719e+00	1.351696e-01	-1.094555e+00	-5.832651e-01	
5  343.605	6.840571e+01	1.874780e+00	1.324299e-01	-1.080768e+00	-6.404197e-01	
10  343.809	6.788391e+01	1.864617e+00	1.356270e-01	-1.094830e+00	-6.089926e-01	
5  344.943	6.740139e+01	1.864003e+00	1.329988e-01	-1.055917e+00	-6.299415e-01	
1  344.988	6.807041e+01	1.864726e+00	1.302355e-01	-1.043720e+00	-5.821688e-01	
7  344.512	6.816220e+01	1.915638e+00	1.272937e-01	-1.046898e+00	-6.130836e-01	
2  344.522	6.784630e+01	1.942081e+00	1.306406e-01	-1.020263e+00	-5.804840e-01	
6  344.879	6.805403e+01	1.943737e+00	1.319555e-01	-1.002817e+00	-6.372995e-01	
7  343.824	6.802373e+01	1.983758e+00	1.357731e-01	-1.006294e+00	-7.389221e-01	
4  344.327	6.762697e+01	1.930309e+00	1.404075e-01	-1.015459e+00	-7.506290e-01	
1  344.705	6.819277e+01	1.941265e+00	1.402202e-01	-1.011464e+00	-6.626287e-01	
4  344.846	6.794978e+01	1.913749e+00	1.449706e-01	-1.021112e+00	-6.525160e-01	
4  343.945	6.881586e+01	1.915235e+00	1.456846e-01	-1.133410e+00	-6.525486e-01	
5  343.827	6.833981e+01	1.924028e+00	1.431741e-01	-1.072844e+00	-6.358631e-01	
6  343.568	6.827388e+01	1.889175e+00	1.428868e-01	-1.097978e+00	-6.253345e-01	
2  343.664	6.917316e+01	1.917586e+00	1.388504e-01	-1.115140e+00	-6.792399e-01	
4  343.219	6.829682e+01	1.874293e+00	1.382929e-01	-1.111488e+00	-6.079961e-01	
1  344.547	6.774460e+01	1.904729e+00	1.378682e-01	-1.109549e+00	-5.522212e-01	
1  343.406	6.823365e+01	1.876373e+00	1.390080e-01	-1.106443e+00	-5.180700e-01	
8  344.231	6.833187e+01	1.884407e+00	1.402544e-01	-1.063546e+00	-5.313489e-01	
5  344.611	6.821335e+01	1.829802e+00	1.422495e-01	-1.062324e+00	-5.197945e-01	
3  344.764	6.815290e+01	1.808268e+00	1.404939e-01	-1.069611e+00	-4.731214e-01	
1  344.233	6.812225e+01	1.788952e+00	1.431876e-01	-1.089196e+00	-4.792157e-01	
4  344.016	6.837825e+01	1.761029e+00	1.419693e-01	-1.136726e+00	-3.624925e-01	
3  344.341	6.797157e+01	1.735020e+00	1.388464e-01	-1.165587e+00	-3.497675e-01	
4  343.891	6.879632e+01	1.748120e+00	1.388209e-01	-1.163751e+00	-4.183810e-01	
1  343.442	6.873380e+01	1.757989e+00	1.442036e-01	-1.176872e+00	-3.857061e-01	
10  343.378	6.857782e+01	1.789272e+00	1.445698e-01	-1.184089e+00	-3.989570e-01	
7  343.514	6.842460e+01	1.789540e+00	1.446814e-01	-1.154507e+00	-4.101159e-01	
4  343.666	6.850492e+01	1.753677e+00	1.424496e-01	-1.171836e+00	-3.105529e-01	
5  344.959	6.892415e+01	1.750174e+00	1.442820e-01	-1.150360e+00	-3.231927e-01	
7  345.532	6.884244e+01	1.747900e+00	1.455154e-01	-1.118260e+00	-4.068364e-01	
1  344.064	6.826182e+01	1.759894e+00	1.451183e-01	-1.135127e+00	-3.525552e-01	
2  344.848	6.787858e+01	1.726308e+00	1.489036e-01	-1.107849e+00	-3.821269e-01	
4  345.06	6.765804e+01	1.729439e+00	1.492474e-01	-1.143773e+00	-4.108407e-01	
2  344.266	6.812524e+01	1.743995e+00	1.494749e-01	-1.104053e+00	-5.130531e-01	
3  344.037	6.817248e+01	1.744110e+00	1.506337e-01	-1.126934e+00	-5.291218e-01	
7  343.964	6.903735e+01	1.787202e+00	1.508024e-01	-1.214061e+00	-4.555867e-01	
14  343.921	6.837270e+01	1.797104e+00	1.482019e-01	-1.167998e+00	-5.001302e-01	
3  345.423	6.974980e+01	1.783890e+00	1.508333e-01	-1.203973e+00	-4.407456e-01	
7  344.971	6.966220e+01	1.771452e+00	1.507194e-01	-1.307906e+00	-4.201007e-01	
1  345.001	6.994506e+01	1.795627e+00	1.447393e-01	-1.231619e+00	-4.036706e-01	
8  343.271	6.893204e+01	1.780117e+00	1.440804e-01	-1.199236e+00	-4.066715e-01	
9  343.786	6.861658e+01	1.790325e+00	1.469592e-01	-1.214853e+00	-3.606339e-01	
1  343.441	6.916245e+01	1.786407e+00	1.452121e-01	-1.235483e+00	-3.895960e-01	
2  344.586	6.786665e+01	1.770753e+00	1.422494e-01	-1.174380e+00	-3.383382e-01	
3  345.662	6.742698e+01	1.759633e+00	1.455404e-01	-1.134685e+00	-3.875427e-01	
3  343.935	6.803542e+01	1.758991e+00	1.434945e-01	-1.121848e+00	-4.467908e-01	
2  343.465	6.890433e+01	1.711254e+00	1.483212e-01	-1.188078e+00	-4.660180e-01	
5  343.416	6.852004e+01	1.711012e+00	1.465858e-01	-1.200160e+00	-4.708205e-01	
1  343.768	6.820976e+01	1.725405e+00	1.475826e-01	-1.146098e+00	-4.516697e-01	
2  344.056	6.872303e+01	1.745538e+00	1.497849e-01	-1.138236e+00	-5.053499e-01	
1  346.882	6.907663e+01	1.760459e+00	1.508377e-01	-1.105107e+00	-4.608035e-01	
8  346.874	6.709411e+01	1.739731e+00	1.519539e-01	-1.080057e+00	-4.911883e-01	
2  345.536	6.808140e+01	1.728494e+00	1.494786e-01	-1.058726e+00	-5.391341e-01	
2  344.487	6.785162e+01	1.689605e+00	1.512223e-01	-1.124553e+00	-4.817506e-01	
8  343.563	6.873275e+01	1.736218e+00	1.509382e-01	-1.180057e+00	-5.866875e-01	
4  343.703	6.919496e+01	1.726321e+00	1.503170e-01	-1.196913e+00	-5.367947e-01	
4  343.654	6.928245e+01	1.723952e+00	1.489285e-01	-1.214469e+00	-4.767960e-01	
1  344.299	6.957515e+01	1.742839e+00	1.490739e-01	-1.232428e+00	-3.677069e-01	
11  346.157	6.993144e+01	1.760652e+00	1.517274e-01	-1.335272e+00	-5.395801e-01	
1  345.23	6.911468e+01	1.751986e+00	1.500887e-01	-1.293067e+00	-4.851762e-01	
7  343.867	6.946596e+01	1.748792e+00	1.495806e-01	-1.234810e+00	-5.119366e-01	
5  344.144	6.913386e+01	1.753237e+00	1.507220e-01	-1.245741e+00	-5.479684e-01	
1  345.21	6.889829e+01	1.789534e+00	1.547044e-01	-1.233203e+00	-4.873859e-01	
2  344.301	6.922628e+01	1.779009e+00	1.523904e-01	-1.225300e+00	-5.371265e-01	
3  344.274	6.920534e+01	1.748832e+00	1.528834e-01	-1.239731e+00	-5.577698e-01	
1  344.953	6.860900e+01	1.757934e+00	1.536960e-01	-1.212679e+00	-5.926762e-01	
6  344.948	6.785444e+01	1.740906e+00	1.537524e-01	-1.120691e+00	-5.505803e-01	
1  346.033	6.925989e+01	1.767900e+00	1.498789e-01	-1.119580e+00	-5.448137e-01	
5  346.345	6.990406e+01	1.770971e+00	1.547067e-01	-1.196270e+00	-5.652826e-01	
2  346.226	6.955843e+01	1.750584e+00	1.596176e-01	-1.265701e+00	-6.204599e-01	
1  346.44	6.989008e+01	1.725057e+00	1.611843e-01	-1.249544e+00	-6.427672e-01	
5  347.264	7.017319e+01	1.715527e+00	1.604781e-01	-1.325049e+00	-6.361099e-01	
4  345.619	6.972336e+01	1.651413e+00	1.621889e-01	-1.285158e+00	-6.330432e-01	
1  344.576	6.948292e+01	1.623268e+00	1.588913e-01	-1.281185e+00	-6.637830e-01	
1  344.457	6.939473e+01	1.624694e+00	1.561302e-01	-1.204584e+00	-5.794438e-01	
2  344.29	6.876648e+01	1.680256e+00	1.572931e-01	-1.214785e+00	-5.906920e-01	
4  345.009	6.933836e+01	1.708235e+00	1.565544e-01	-1.260060e+00	-6.736381e-01	
1  345.338	6.964980e+01	1.688642e+00	1.586152e-01	-1.211623e+00	-6.255681e-01	
1  346.953	6.986557e+01	1.672318e+00	1.593179e-01	-1.183480e+00	-6.564988e-01	
3  346.529	6.921805e+01	1.643674e+00	1.624335e-01	-1.141853e+00	-6.402623e-01	
5  345.33	6.822188e+01	1.650160e+00	1.608624e-01	-1.197528e+00	-5.656959e-01	
3  345.154	6.916389e+01	1.665740e+00	1.592250e-01	-1.281947e+00	-5.541631e-01	
3  345.107	6.928549e+01	1.694107e+00	1.590973e-01	-1.261773e+00	-5.898993e-01	
1  344.527	6.864398e+01	1.681651e+00	1.586537e-01	-1.195533e+00	-6.385218e-01	
3  345.333	6.822209e+01	1.654430e+00	1.575627e-01	-1.210136e+00	-6.439666e-01	
7  344.976	6.794421e+01	1.671597e+00	1.539106e-01	-1.168473e+00	-6.892821e-01	
4  343.609	6.857120e+01	1.697940e+00	1.528338e-01	-1.164708e+00	-7.265180e-01	
2  343.576	6.880455e+01	1.689001e+00	1.496293e-01	-1.220455e+00	-6.399279e-01	
8  343.261	6.917645e+01	1.669328e+00	1.474323e-01	-1.212694e+00	-6.834839e-01	
3  345.09	7.019325e+01	1.684921e+00	1.436936e-01	-1.304558e+00	-6.537600e-01	
1  344.504	6.937375e+01	1.674673e+00	1.437455e-01	-1.293006e+00	-6.549524e-01	
1  344.491	6.981270e+01	1.639889e+00	1.428865e-01	-1.251806e+00	-6.671378e-01	
1  343.393	6.913030e+01	1.637459e+00	1.469192e-01	-1.241961e+00	-6.607703e-01	
1  344.606	6.877825e+01	1.618679e+00	1.451825e-01	-1.122693e+00	-6.987051e-01	
1  346.622	6.975033e+01	1.625276e+00	1.454234e-01	-1.157489e+00	-7.604049e-01	
1  344.077	6.897769e+01	1.608019e+00	1.416235e-01	-1.150824e+00	-8.539024e-01	
1  343.628	6.863373e+01	1.609725e+00	1.419965e-01	-1.166715e+00	-7.781926e-01	
1  344.174	6.919227e+01	1.610941e+00	1.446570e-01	-1.163420e+00	-7.801755e-01	
2  344.041	6.972617e+01	1.615561e+00	1.479160e-01	-1.273480e+00	-7.347549e-01	
1  343.4	6.932471e+01	1.641118e+00	1.478449e-01	-1.211398e+00	-7.921659e-01	
1  343.787	6.888825e+01	1.658777e+00	1.471419e-01	-1.236774e+00	-7.326091e-01	
2  343.873	6.907331e+01	1.680344e+00	1.492543e-01	-1.247952e+00	-6.951566e-01	
1  345.806	6.970481e+01	1.665798e+00	1.444926e-01	-1.161301e+00	-7.373379e-01	
1  343.341	6.888827e+01	1.678209e+00	1.458367e-01	-1.164927e+00	-6.468418e-01	
2  345.33	6.863386e+01	1.664769e+00	1.450494e-01	-1.086288e+00	-6.649361e-01	
2  347.166	6.691027e+01	1.699145e+00	1.403125e-01	-1.084156e+00	-5.702657e-01	
1  343.992	6.820399e+01	1.678180e+00	1.437102e-01	-1.134351e+00	-4.909837e-01	
2  343.887	6.805672e+01	1.668355e+00	1.464262e-01	-1.144063e+00	-5.003769e-01	
4  344.043	6.953257e+01	1.638946e+00	1.459677e-01	-1.247385e+00	-4.593639e-01	
2  344.021	6.873456e+01	1.597554e+00	1.457899e-01	-1.199243e+00	-4.169197e-01	
2  345.34	6.850049e+01	1.608005e+00	1.459611e-01	-1.142041e+00	-4.080548e-01	
6  344.457	6.810275e+01	1.635750e+00	1.485236e-01	-1.119995e+00	-4.967131e-01	
3  344.406	6.824065e+01	1.654526e+00	1.484742e-01	-1.128295e+00	-4.543232e-01	
1  344.019	6.889259e+01	1.673896e+00	1.487035e-01	-1.167441e+00	-4.725788e-01	
1  346.407	7.001629e+01	1.671630e+00	1.486579e-01	-1.213006e+00	-5.150082e-01	
3  343.579	6.910636e+01	1.675178e+00	1.501594e-01	-1.195968e+00	-5.391082e-01	
4  343.572	6.835228e+01	1.660629e+00	1.513331e-01	-1.170613e+00	-5.404979e-01	
1  346.553	6.792591e+01	1.659201e+00	1.509637e-01	-1.227372e+00	-6.178164e-01	
2  345.515	6.820420e+01	1.657475e+00	1.484726e-01	-1.241481e+00	-5.968937e-01	
5  345.565	6.836820e+01	1.636730e+00	1.447146e-01	-1.265618e+00	-5.760409e-01	
1  343.795	6.916754e+01	1.613285e+00	1.439931e-01	-1.266254e+00	-6.141364e-01	
2  344.438	6.980376e+01	1.643092e+00	1.430373e-01	-1.262180e+00	-5.866786e-01	
1  344.924	6.901303e+01	1.634711e+00	1.378768e-01	-1.287087e+00	-5.184340e-01	
4  344.917	6.856008e+01	1.609123e+00	1.364893e-01	-1.219744e+00	-5.570049e-01	
6  344.109	6.840464e+01	1.645361e+00	1.389119e-01	-1.183943e+00	-5.442340e-01	
6  346.495	6.731338e+01	1.634884e+00	1.391856e-01	-1.092547e+00	-4.938236e-01	
1  346.806	6.759815e+01	1.578049e+00	1.399488e-01	-1.131888e+00	-3.566257e-01	
2  344.645	6.862600e+01	1.599709e+00	1.424642e-01	-1.191189e+00	-3.751262e-01	
1  345.707	6.823805e+01	1.600295e+00	1.455957e-01	-1.292309e+00	-3.257000e-01	
2  343.633	6.912471e+01	1.627092e+00	1.464163e-01	-1.290693e+00	-3.722319e-01	
1  343.956	6.881240e+01	1.572759e+00	1.482992e-01	-1.292229e+00	-4.159841e-01	
1  343.801	6.880501e+01	1.563248e+00	1.472074e-01	-1.279620e+00	-3.652546e-01	
1  344.357	6.954218e+01	1.591547e+00	1.491713e-01	-1.253802e+00	-4.105295e-01	
1  343.636	6.913260e+01	1.633084e+00	1.538835e-01	-1.227246e+00	-4.810837e-01	
2  344.563	6.826588e+01	1.649615e+00	1.546664e-01	-1.126393e+00	-4.986942e-01	
5  345.069	6.760840e+01	1.664913e+00	1.526529e-01	-1.106983e+00	-5.032551e-01	
4  344.64	6.780348e+01	1.683437e+00	1.515662e-01	-1.099907e+00	-5.387827e-01	
4  343.678	6.818978e+01	1.668352e+00	1.510193e-01	-1.151146e+00	-5.994962e-01	
4  344.004	6.848389e+01	1.666746e+00	1.505368e-01	-1.214945e+00	-6.503847e-01	
1  344.014	6.891793e+01	1.668375e+00	1.530661e-01	-1.249093e+00	-6.034831e-01	
1  344.361	6.794418e+01	1.662467e+00	1.546014e-01	-1.136461e+00	-7.031588e-01	
1  344.075	6.872834e+01	1.703295e+00	1.515844e-01	-1.207888e+00	-7.540209e-01	
1  344.286	6.822797e+01	1.715264e+00	1.505957e-01	-1.170679e+00	-7.211400e-01	
1  343.476	6.869367e+01	1.703459e+00	1.503865e-01	-1.182514e+00	-7.445697e-01	
3  344.088	6.929262e+01	1.706701e+00	1.477952e-01	-1.263564e+00	-6.738286e-01	
2  344.38	6.904415e+01	1.691411e+00	1.494587e-01	-1.260094e+00	-6.914610e-01	
2  344.742	6.994677e+01	1.646688e+00	1.486250e-01	-1.304307e+00	-7.428442e-01	
3  345.37	6.963251e+01	1.641617e+00	1.476730e-01	-1.330259e+00	-7.107999e-01	
2  345.222	6.892528e+01	1.617330e+00	1.469042e-01	-1.291300e+00	-7.223652e-01	
4  345.423	6.970356e+01	1.581336e+00	1.450962e-01	-1.345000e+00	-6.903419e-01	
1  348.774	7.089338e+01	1.560290e+00	1.421353e-01	-1.327326e+00	-6.464580e-01	
2  346.974	7.045028e+01	1.587534e+00	1.464449e-01	-1.416348e+00	-5.945719e-01	
2  346.101	7.059320e+01	1.579008e+00	1.485712e-01	-1.371678e+00	-5.282505e-01	
3  346.531	7.027320e+01	1.526889e+00	1.492393e-01	-1.426310e+00	-5.608770e-01	
1  347.42	7.049991e+01	1.551608e+00	1.476087e-01	-1.448116e+00	-5.339408e-01	
1  347.373	7.000650e+01	1.543418e+00	1.462784e-01	-1.428098e+00	-5.865153e-01	
1  346.374	7.049949e+01	1.508186e+00	1.517609e-01	-1.429474e+00	-5.361868e-01	
1  346.751	7.076503e+01	1.527232e+00	1.534601e-01	-1.427576e+00	-5.234435e-01	
1  344.889	6.896711e+01	1.555587e+00	1.484158e-01	-1.328229e+00	-5.112838e-01	
2  345.102	6.983651e+01	1.557152e+00	1.475610e-01	-1.388904e+00	-4.024394e-01	
3  343.905	6.935200e+01	1.543290e+00	1.495054e-01	-1.323227e+00	-4.455610e-01	
1  344.699	6.840633e+01	1.524943e+00	1.501921e-01	-1.282298e+00	-4.896196e-01	
1  344.629	6.881366e+01	1.497144e+00	1.519460e-01	-1.314101e+00	-5.920106e-01	
3  344.257	6.867611e+01	1.459551e+00	1.486465e-01	-1.273793e+00	-5.735439e-01	
2  345.102	6.952331e+01	1.447219e+00	1.536719e-01	-1.256778e+00	-5.150259e-01	
1  344.426	6.980753e+01	1.462703e+00	1.519248e-01	-1.336713e+00	-5.772730e-01	
1  344.574	6.913357e+01	1.419544e+00	1.544133e-01	-1.347519e+00	-6.267453e-01	
2  345.698	7.037128e+01	1.423967e+00	1.542567e-01	-1.359521e+00	-6.715130e-01	
2  344.538	6.995233e+01	1.434694e+00	1.553950e-01	-1.339070e+00	-7.035295e-01	
3  344.507	6.933299e+01	1.464848e+00	1.534779e-01	-1.351083e+00	-6.044706e-01	
2  344.687	6.989694e+01	1.498728e+00	1.576337e-01	-1.299861e+00	-5.043030e-01	
1  343.987	6.946756e+01	1.499159e+00	1.574155e-01	-1.284260e+00	-4.420118e-01	
1  343.865	6.890302e+01	1.507090e+00	1.599325e-01	-1.238506e+00	-4.455777e-01	
1  344.756	6.935645e+01	1.513917e+00	1.596742e-01	-1.233422e+00	-4.744317e-01	
1  343.834	6.919444e+01	1.503716e+00	1.585870e-01	-1.249298e+00	-5.063651e-01	
3  343.676	6.848886e+01	1.481346e+00	1.588212e-01	-1.241690e+00	-5.192735e-01	
1  343.758	6.889890e+01	1.477374e+00	1.609290e-01	-1.226513e+00	-5.710589e-01	
5  345.567	6.826328e+01	1.487836e+00	1.614460e-01	-1.123783e+00	-5.859094e-01	
5  344.301	6.874435e+01	1.509051e+00	1.586711e-01	-1.179651e+00	-5.683462e-01	
3  343.972	6.822357e+01	1.521529e+00	1.567015e-01	-1.188600e+00	-4.988869e-01	
1  345.646	6.803331e+01	1.518636e+00	1.558571e-01	-1.097493e+00	-5.982378e-01	
2  344.882	6.823225e+01	1.544548e+00	1.551355e-01	-1.112066e+00	-6.243371e-01	
6  343.441	6.877573e+01	1.513885e+00	1.538668e-01	-1.243695e+00	-4.995532e-01	
2  343.607	6.891900e+01	1.505149e+00	1.541896e-01	-1.237961e+00	-4.930979e-01	
3  343.509	6.864582e+01	1.521800e+00	1.538178e-01	-1.251109e+00	-5.285660e-01	
5  344.856	6.987228e+01	1.542388e+00	1.523653e-01	-1.267446e+00	-5.564578e-01	
3  343.399	6.913039e+01	1.524353e+00	1.560315e-01	-1.260293e+00	-5.846449e-01	
2  344.012	6.918770e+01	1.550603e+00	1.574845e-01	-1.223256e+00	-5.295548e-01	
1  344.276	6.935501e+01	1.487347e+00	1.573471e-01	-1.247596e+00	-5.090251e-01	
4  343.606	6.902043e+01	1.503644e+00	1.555231e-01	-1.236113e+00	-5.379498e-01	
4  343.642	6.831939e+01	1.489356e+00	1.572386e-01	-1.205545e+00	-6.176508e-01	
1  343.46	6.854615e+01	1.482013e+00	1.535399e-01	-1.207904e+00	-6.692631e-01	
2  345.332	6.855770e+01	1.495634e+00	1.534444e-01	-1.137165e+00	-6.074461e-01	
1  345.687	6.864935e+01	1.481002e+00	1.500369e-01	-1.131561e+00	-6.964830e-01	
1  346.235	6.862452e+01	1.463803e+00	1.524986e-01	-1.123487e+00	-6.791505e-01	
1  344.955	6.764477e+01	1.489903e+00	1.527264e-01	-1.172891e+00	-6.332870e-01	
1  343.591	6.894513e+01	1.490084e+00	1.524780e-01	-1.270018e+00	-7.002406e-01	
5  343.925	6.846415e+01	1.480654e+00	1.520840e-01	-1.239329e+00	-7.535098e-01	
1  344.248	6.940665e+01	1.482156e+00	1.513147e-01	-1.227017e+00	-7.422904e-01	
5  343.751	6.918961e+01	1.483477e+00	1.543963e-01	-1.209323e+00	-7.754475e-01	
4  344.579	6.914726e+01	1.545397e+00	1.560633e-01	-1.151660e+00	-8.046433e-01	
3  344.138	6.800624e+01	1.494300e+00	1.559806e-01	-1.189273e+00	-7.799179e-01	
4  344.099	6.790440e+01	1.478552e+00	1.577463e-01	-1.156192e+00	-7.281530e-01	
7  343.515	6.838727e+01	1.487259e+00	1.544634e-01	-1.184273e+00	-7.013887e-01	
1  345.655	6.973100e+01	1.461774e+00	1.554472e-01	-1.219887e+00	-7.403761e-01	
1  345.105	7.001985e+01	1.452953e+00	1.538636e-01	-1.297605e+00	-6.633357e-01	
4  345.101	6.830639e+01	1.449572e+00	1.536330e-01	-1.279222e+00	-6.810484e-01	
1  344.97	6.806911e+01	1.444243e+00	1.507862e-01	-1.244807e+00	-6.011671e-01	
2  344.327	6.828223e+01	1.467186e+00	1.530594e-01	-1.253281e+00	-6.127143e-01	
1  344.781	6.778763e+01	1.450941e+00	1.544935e-01	-1.170528e+00	-5.608341e-01	
6  346.136	6.763810e+01	1.442203e+00	1.517388e-01	-1.112973e+00	-5.969283e-01	
1  346.42	6.910966e+01	1.446324e+00	1.526009e-01	-1.161339e+00	-6.888520e-01	
1  349.65	6.912614e+01	1.427147e+00	1.525270e-01	-1.131913e+00	-6.269901e-01	
1  347.587	6.834290e+01	1.437430e+00	1.499189e-01	-1.096608e+00	-6.939886e-01	
4  345.948	6.823451e+01	1.453076e+00	1.515148e-01	-1.118942e+00	-6.475753e-01	
5  344.142	6.797436e+01	1.483091e+00	1.520756e-01	-1.165826e+00	-6.850566e-01	
1  345.337	6.904902e+01	1.492197e+00	1.535038e-01	-1.151923e+00	-7.343882e-01	
1  344.301	6.893216e+01	1.460240e+00	1.520430e-01	-1.173826e+00	-8.024496e-01	
2  345.415	6.763809e+01	1.453285e+00	1.542146e-01	-1.188733e+00	-8.124650e-01	
2  347.342	6.846469e+01	1.451294e+00	1.492648e-01	-1.089634e+00	-7.754751e-01	
2  345.213	6.787776e+01	1.489070e+00	1.445450e-01	-1.116663e+00	-8.052064e-01	
1  346.761	6.852027e+01	1.495514e+00	1.426600e-01	-1.094683e+00	-8.512321e-01	
6  347.064	6.842799e+01	1.467341e+00	1.461623e-01	-1.089396e+00	-8.077781e-01	
4  345.375	6.759082e+01	1.470937e+00	1.470531e-01	-1.115359e+00	-8.069602e-01	
3  344.725	6.833958e+01	1.476523e+00	1.478993e-01	-1.134979e+00	-7.747598e-01	
5  344.1	6.798010e+01	1.508889e+00	1.485599e-01	-1.152432e+00	-8.070584e-01	
1  345.912	6.792461e+01	1.501245e+00	1.501654e-01	-1.062270e+00	-7.943285e-01	
1  346.825	6.745069e+01	1.508755e+00	1.549860e-01	-1.011811e+00	-8.407520e-01	
5  348.151	6.785342e+01	1.498862e+00	1.533201e-01	-1.011426e+00	-8.192036e-01	
2  348.084	6.735482e+01	1.526104e+00	1.551353e-01	-9.792684e-01	-8.487672e-01	
5  347.252	6.678726e+01	1.521603e+00	1.551525e-01	-1.067627e+00	-7.334619e-01	
1  345.231	6.772159e+01	1.512288e+00	1.597079e-01	-1.092869e+00	-6.858182e-01	
4  344.31	6.817782e+01	1.507030e+00	1.604123e-01	-1.135294e+00	-6.900466e-01	
2  345.027	6.756443e+01	1.536891e+00	1.581483e-01	-1.106583e+00	-6.822363e-01	
9  344.168	6.845095e+01	1.516150e+00	1.610539e-01	-1.144874e+00	-7.206813e-01	
1  344.663	6.896497e+01	1.548760e+00	1.652646e-01	-1.195306e+00	-6.564009e-01	
2  344.577	6.963994e+01	1.544519e+00	1.625619e-01	-1.268762e+00	-6.112621e-01	
6  344.073	6.934261e+01	1.570094e+00	1.590755e-01	-1.297611e+00	-5.439220e-01	
1  344.148	6.961758e+01	1.606339e+00	1.544712e-01	-1.306010e+00	-5.851058e-01	
2  344.932	6.998234e+01	1.605910e+00	1.532537e-01	-1.261317e+00	-5.825577e-01	
5  345.393	6.965209e+01	1.630640e+00	1.539106e-01	-1.198261e+00	-5.747149e-01	
2  343.411	6.861826e+01	1.581638e+00	1.552767e-01	-1.207252e+00	-6.414842e-01	
2  343.816	6.926627e+01	1.548990e+00	1.524892e-01	-1.228493e+00	-5.705686e-01	
1  343.848	6.903814e+01	1.557545e+00	1.549729e-01	-1.221046e+00	-4.714762e-01	
2  344.396	6.924981e+01	1.538773e+00	1.605386e-01	-1.328630e+00	-4.779762e-01	
5  343.727	6.924005e+01	1.482335e+00	1.588089e-01	-1.264307e+00	-5.200883e-01	
2  343.666	6.883982e+01	1.493403e+00	1.579803e-01	-1.281681e+00	-5.730156e-01	
3  345.279	7.023630e+01	1.459882e+00	1.542588e-01	-1.336710e+00	-6.164702e-01	
2  343.59	6.902195e+01	1.474659e+00	1.519022e-01	-1.266218e+00	-5.815043e-01	
2  344.316	6.905319e+01	1.437019e+00	1.520618e-01	-1.241573e+00	-5.553554e-01	
3  344.237	6.837315e+01	1.449727e+00	1.568634e-01	-1.185475e+00	-5.468772e-01	
1  345.124	6.962789e+01	1.492340e+00	1.551131e-01	-1.236046e+00	-5.878020e-01	
4  343.767	6.881361e+01	1.465652e+00	1.548961e-01	-1.211677e+00	-6.110575e-01	
2  345.13	6.981986e+01	1.465460e+00	1.516694e-01	-1.270147e+00	-6.391622e-01	
4  345.431	6.895535e+01	1.438885e+00	1.502259e-01	-1.196125e+00	-5.963136e-01	
2  345.196	6.828621e+01	1.453630e+00	1.483808e-01	-1.274886e+00	-5.572380e-01	
1  347.927	7.045476e+01	1.442451e+00	1.444876e-01	-1.337384e+00	-6.014394e-01	
2  345.565	6.869500e+01	1.456972e+00	1.442850e-01	-1.302198e+00	-5.764645e-01	
5  345.245	6.932115e+01	1.486283e+00	1.429939e-01	-1.263352e+00	-5.630161e-01	
2  344.473	6.927321e+01	1.528977e+00	1.436464e-01	-1.299495e+00	-5.222901e-01	
5  344.599	6.925730e+01	1.509554e+00	1.453109e-01	-1.312850e+00	-6.044973e-01	
4  345.216	6.945026e+01	1.528275e+00	1.424047e-01	-1.328797e+00	-5.938956e-01	
1  345.73	6.839604e+01	1.513997e+00	1.399937e-01	-1.245323e+00	-6.527674e-01	
3  345.744	6.790966e+01	1.564124e+00	1.388847e-01	-1.181292e+00	-7.043480e-01	
4  345.603	6.822740e+01	1.530660e+00	1.380121e-01	-1.174666e+00	-7.158817e-01	
2  345.736	6.889651e+01	1.574421e+00	1.370144e-01	-1.154712e+00	-7.575205e-01	
7  346.05	6.772995e+01	1.570830e+00	1.367526e-01	-1.123747e+00	-7.573781e-01	
5  345.202	6.820897e+01	1.552654e+00	1.383200e-01	-1.172135e+00	-7.960619e-01	
2  345.114	6.914326e+01	1.546817e+00	1.386883e-01	-1.216149e+00	-7.581699e-01	
1  345.118	6.943641e+01	1.540716e+00	1.398728e-01	-1.255866e+00	-7.619708e-01	
2  344.606	6.940579e+01	1.546623e+00	1.465269e-01	-1.285233e+00	-9.032657e-01	
1  345.71	6.837675e+01	1.552674e+00	1.487856e-01	-1.257952e+00	-8.242423e-01	
1  344.76	6.825716e+01	1.509520e+00	1.494615e-01	-1.229004e+00	-8.375410e-01	
1  343.677	6.920617e+01	1.554630e+00	1.508237e-01	-1.172396e+00	-9.074541e-01	
2  343.366	6.854718e+01	1.597264e+00	1.524747e-01	-1.163985e+00	-1.022890e+00	
2  343.821	6.915303e+01	1.626123e+00	1.553114e-01	-1.199604e+00	-1.023217e+00	
2  343.964	6.852855e+01	1.616003e+00	1.525310e-01	-1.187037e+00	-9.856437e-01	
1  343.563	6.924786e+01	1.611625e+00	1.548746e-01	-1.180115e+00	-9.534699e-01	
3  344.098	6.845171e+01	1.619612e+00	1.550677e-01	-1.182424e+00	-9.389982e-01	
3  344.461	6.930525e+01	1.654267e+00	1.540705e-01	-1.130482e+00	-9.343540e-01	
2  345.144	6.857235e+01	1.683093e+00	1.538995e-01	-1.198797e+00	-9.583514e-01	
3  343.758	6.781451e+01	1.687623e+00	1.482892e-01	-1.051381e+00	-9.532605e-01	
1  343.575	6.880609e+01	1.652178e+00	1.516204e-01	-1.108171e+00	-9.322663e-01	
8  343.38	6.925049e+01	1.640700e+00	1.506209e-01	-1.196995e+00	-9.033790e-01	
3  343.442	6.920221e+01	1.660619e+00	1.494547e-01	-1.150095e+00	-9.680738e-01	
2  343.298	6.915517e+01	1.655553e+00	1.498453e-01	-1.160353e+00	-9.972108e-01	
5  343.593	6.825762e+01	1.683520e+00	1.446559e-01	-1.136022e+00	-9.697890e-01	
1  343.04	6.864738e+01	1.638023e+00	1.489079e-01	-1.145932e+00	-8.927334e-01	
2  343.342	6.919487e+01	1.627050e+00	1.519319e-01	-1.200089e+00	-8.556452e-01	
1  344.447	6.846147e+01	1.661995e+00	1.507715e-01	-1.196851e+00	-8.908974e-01	
3  344.975	6.764075e+01	1.643963e+00	1.508231e-01	-1.135622e+00	-7.766440e-01	
7  343.999	6.775223e+01	1.654852e+00	1.474388e-01	-1.083130e+00	-7.962988e-01	
7  345.336	6.845779e+01	1.665141e+00	1.481052e-01	-1.038226e+00	-8.678982e-01	
3  343.634	6.814914e+01	1.663656e+00	1.470133e-01	-1.072441e+00	-8.670444e-01	
1  343.283	6.882958e+01	1.706899e+00	1.477296e-01	-1.111533e+00	-9.174987e-01	
1  343.99	6.792994e+01	1.700032e+00	1.525148e-01	-1.077479e+00	-9.063620e-01	
3  343.511	6.885345e+01	1.698306e+00	1.517164e-01	-1.152026e+00	-1.003239e+00	
1  344.022	6.800922e+01	1.711924e+00	1.526690e-01	-1.080284e+00	-1.018445e+00	
2  343.634	6.922190e+01	1.698906e+00	1.471187e-01	-1.179459e+00	-1.072074e+00	
3  344.357	6.904880e+01	1.723551e+00	1.470581e-01	-1.183169e+00	-1.140697e+00	
2  343.323	6.805457e+01	1.742579e+00	1.455405e-01	-1.035697e+00	-1.254600e+00	
2  343.924	6.807366e+01	1.785520e+00	1.451243e-01	-1.061718e+00	-1.227849e+00	
2  343.423	6.825238e+01	1.763063e+00	1.479049e-01	-1.059772e+00	-1.153940e+00	
3  344.031	6.783943e+01	1.777137e+00	1.487338e-01	-1.028505e+00	-1.157452e+00	
14  343.212	6.844449e+01	1.780292e+00	1.452291e-01	-1.035118e+00	-1.173859e+00	
3  344.931	6.787082e+01	1.765808e+00	1.463408e-01	-9.481000e-01	-1.139455e+00	
5  345.289	6.704977e+01	1.780358e+00	1.451626e-01	-9.563385e-01	-1.212049e+00	
1  344.521	6.807637e+01	1.722338e+00	1.455519e-01	-9.719385e-01	-1.164305e+00	
1  344.629	6.850402e+01	1.669875e+00	1.448434e-01	-1.001476e+00	-1.219317e+00	
5  345.442	6.700731e+01	1.649943e+00	1.439739e-01	-9.833699e-01	-1.272525e+00	
1  345.85	6.780737e+01	1.634547e+00	1.450229e-01	-9.402653e-01	-1.251345e+00	
2  344.334	6.794772e+01	1.666739e+00	1.446336e-01	-9.768703e-01	-1.226581e+00	
3  344.085	6.815159e+01	1.635967e+00	1.456057e-01	-1.001722e+00	-1.231358e+00	
2  344.139	6.778096e+01	1.618787e+00	1.476248e-01	-9.787560e-01	-1.294387e+00	
3  344.163	6.819464e+01	1.638323e+00	1.520039e-01	-9.679944e-01	-1.446796e+00	
2  345.075	6.869703e+01	1.621512e+00	1.513787e-01	-9.828689e-01	-1.453448e+00	
2  345.549	6.843088e+01	1.636698e+00	1.548036e-01	-9.435502e-01	-1.520336e+00	
1  346.278	6.902301e+01	1.657961e+00	1.541654e-01	-9.635308e-01	-1.611593e+00	
4  343.477	6.857799e+01	1.620218e+00	1.532981e-01	-1.050131e+00	-1.678966e+00	
6  343.678	6.862946e+01	1.624996e+00	1.537472e-01	-1.052177e+00	-1.727494e+00	
2  343.692	6.876491e+01	1.582114e+00	1.550298e-01	-1.108439e+00	-1.568826e+00	
2  343.381	6.892322e+01	1.589450e+00	1.509911e-01	-1.086318e+00	-1.613581e+00	
3  343.114	6.853694e+01	1.576676e+00	1.520920e-01	-1.042477e+00	-1.582066e+00	
2  344.372	6.881240e+01	1.587542e+00	1.537061e-01	-9.976606e-01	-1.622420e+00	
6  344.158	6.833238e+01	1.613936e+00	1.539780e-01	-1.072165e+00	-1.653525e+00	
2  343.542	6.870066e+01	1.583913e+00	1.511110e-01	-1.086901e+00	-1.666036e+00	
3  343.671	6.877291e+01	1.619423e+00	1.474162e-01	-1.079844e+00	-1.691765e+00	
1  343.996	6.905618e+01	1.578840e+00	1.492942e-01	-1.124325e+00	-1.659428e+00	
1  344.014	6.879935e+01	1.544564e+00	1.495487e-01	-1.135247e+00	-1.595673e+00	
1  344.349	6.848397e+01	1.510506e+00	1.500424e-01	-1.129745e+00	-1.619668e+00	
2  344.036	6.919832e+01	1.485660e+00	1.507936e-01	-1.146081e+00	-1.677790e+00	
1  344.19	6.939286e+01	1.504489e+00	1.514095e-01	-1.152448e+00	-1.670212e+00	
4  343.818	6.892258e+01	1.511708e+00	1.513539e-01	-1.118483e+00	-1.731774e+00	
4  343.523	6.847676e+01	1.457066e+00	1.507894e-01	-1.083873e+00	-1.715539e+00	
6  343.497	6.862839e+01	1.481605e+00	1.502500e-01	-1.080041e+00	-1.755096e+00	
2  344.022	6.934859e+01	1.506636e+00	1.528610e-01	-1.114034e+00	-1.779192e+00	
6  346.449	6.849089e+01	1.518502e+00	1.545466e-01	-1.165993e+00	-1.709032e+00	
1  343.673	6.909861e+01	1.480848e+00	1.548262e-01	-1.138521e+00	-1.669431e+00	
15  343.132	6.832192e+01	1.442644e+00	1.556437e-01	-1.072929e+00	-1.632147e+00	
2  345.109	6.771304e+01	1.430946e+00	1.554827e-01	-1.105615e+00	-1.576331e+00	
8  343.143	6.847318e+01	1.444527e+00	1.548879e-01	-1.070355e+00	-1.591675e+00	
8  343.225	6.871881e+01	1.440519e+00	1.540634e-01	-1.097369e+00	-1.583490e+00	
1  343.475	6.835293e+01	1.409649e+00	1.535451e-01	-1.074995e+00	-1.496731e+00	
1  344.127	6.814067e+01	1.391020e+00	1.517182e-01	-1.126460e+00	-1.465880e+00	
5  343.932	6.900068e+01	1.417814e+00	1.524414e-01	-1.099854e+00	-1.568382e+00	
6  344.696	6.824545e+01	1.405352e+00	1.538359e-01	-1.149983e+00	-1.600364e+00	
2  345.146	6.975854e+01	1.403073e+00	1.537660e-01	-1.154110e+00	-1.630947e+00	
1  345.693	6.940854e+01	1.443620e+00	1.523799e-01	-1.081056e+00	-1.532717e+00	
3  344.16	6.897110e+01	1.437310e+00	1.498762e-01	-1.098310e+00	-1.498163e+00	
3  344.481	6.925497e+01	1.485582e+00	1.503699e-01	-1.089340e+00	-1.521950e+00	
4  343.541	6.820375e+01	1.467930e+00	1.505748e-01	-1.048393e+00	-1.477750e+00	
1  344.279	6.871378e+01	1.467074e+00	1.482452e-01	-1.057139e+00	-1.507216e+00	
1  343.641	6.860159e+01	1.418951e+00	1.505094e-01	-1.109886e+00	-1.511170e+00	
1  343.736	6.875604e+01	1.456150e+00	1.490676e-01	-1.143189e+00	-1.461486e+00	
3  345.735	6.960145e+01	1.422726e+00	1.499774e-01	-1.129993e+00	-1.479106e+00	
1  344.478	6.938311e+01	1.422823e+00	1.502212e-01	-1.147707e+00	-1.532086e+00	
1  343.303	6.845915e+01	1.474135e+00	1.506575e-01	-1.067833e+00	-1.601150e+00	
2  344.548	6.859663e+01	1.438732e+00	1.469885e-01	-1.060346e+00	-1.518904e+00	
1  343.982	6.802289e+01	1.472763e+00	1.475747e-01	-1.035263e+00	-1.479215e+00	
4  343.597	6.846107e+01	1.488566e+00	1.471790e-01	-1.098015e+00	-1.408106e+00	
2  344.463	6.859475e+01	1.467811e+00	1.465911e-01	-1.058968e+00	-1.441475e+00	
1  343.662	6.798618e+01	1.477453e+00	1.494719e-01	-1.065226e+00	-1.443977e+00	
2  343.887	6.776912e+01	1.518036e+00	1.471724e-01	-1.022798e+00	-1.538658e+00	
2  343.998	6.754291e+01	1.540950e+00	1.489845e-01	-9.806361e-01	-1.536722e+00	
1  343.869	6.766548e+01	1.524265e+00	1.485962e-01	-1.002462e+00	-1.523406e+00	
1  343.22	6.864081e+01	1.556922e+00	1.482232e-01	-1.098120e+00	-1.455472e+00	
2  343.375	6.796388e+01	1.589878e+00	1.513294e-01	-1.042759e+00	-1.427148e+00	
1  343.362	6.791729e+01	1.562295e+00	1.526998e-01	-1.030464e+00	-1.444023e+00	
2  343.199	6.879488e+01	1.536759e+00	1.566292e-01	-1.108826e+00	-1.430323e+00	
1  343.236	6.860169e+01	1.546389e+00	1.569995e-01	-1.068776e+00	-1.458070e+00	
1  344.61	6.735245e+01	1.516890e+00	1.584740e-01	-1.002872e+00	-1.341389e+00	
1  343.844	6.809844e+01	1.561121e+00	1.607202e-01	-1.053830e+00	-1.400127e+00	
5  343.378	6.828894e+01	1.511011e+00	1.602323e-01	-1.077377e+00	-1.449971e+00	
4  343.803	6.849096e+01	1.512740e+00	1.626312e-01	-1.051084e+00	-1.455007e+00	
3  344.233	6.785777e+01	1.503929e+00	1.631782e-01	-1.008734e+00	-1.440730e+00	
2  344.572	6.791837e+01	1.453932e+00	1.668497e-01	-1.009260e+00	-1.463639e+00	
3  343.608	6.917135e+01	1.405333e+00	1.644093e-01	-1.188551e+00	-1.456956e+00	
2  343.726	6.861023e+01	1.411094e+00	1.683432e-01	-1.133838e+00	-1.512203e+00	
6  344.35	6.817930e+01	1.407034e+00	1.721390e-01	-1.082105e+00	-1.535599e+00	
1  344.305	6.835163e+01	1.395249e+00	1.727311e-01	-1.101637e+00	-1.599145e+00	
4  344.73	6.923238e+01	1.380237e+00	1.732921e-01	-1.126235e+00	-1.650449e+00	
2  344.499	6.897483e+01	1.341867e+00	1.744458e-01	-1.104090e+00	-1.643227e+00	
1  345.871	6.952530e+01	1.307107e+00	1.739767e-01	-1.116879e+00	-1.658267e+00	
3  344.274	6.909921e+01	1.313081e+00	1.709913e-01	-1.108443e+00	-1.643425e+00	
2  343.535	6.843328e+01	1.340429e+00	1.684902e-01	-1.071915e+00	-1.612413e+00	
10  343.845	6.880421e+01	1.377526e+00	1.703433e-01	-1.133951e+00	-1.685194e+00	
3  343.56	6.879264e+01	1.361904e+00	1.697361e-01	-1.131341e+00	-1.635883e+00	
1  344.616	6.918434e+01	1.404072e+00	1.670010e-01	-1.080446e+00	-1.666013e+00	
2  344.474	6.866591e+01	1.403938e+00	1.654794e-01	-1.027918e+00	-1.654801e+00	
3  343.602	6.834343e+01	1.412573e+00	1.660874e-01	-1.032598e+00	-1.733359e+00	
4  343.685	6.841064e+01	1.388331e+00	1.694049e-01	-1.076873e+00	-1.600240e+00	
1  344.626	6.890605e+01	1.403596e+00	1.655821e-01	-1.049594e+00	-1.628451e+00	
3  343.612	6.800737e+01	1.409615e+00	1.650321e-01	-1.034339e+00	-1.600269e+00	
1  343.558	6.848147e+01	1.442937e+00	1.644343e-01	-1.052970e+00	-1.603424e+00	
1  345.247	6.786340e+01	1.427364e+00	1.649067e-01	-1.119329e+00	-1.583328e+00	
1  343.773	6.933191e+01	1.361648e+00	1.648945e-01	-1.161691e+00	-1.500991e+00	
1  344.722	6.792671e+01	1.323140e+00	1.663731e-01	-1.163173e+00	-1.480924e+00	
5  343.576	6.868286e+01	1.329334e+00	1.641026e-01	-1.188857e+00	-1.536925e+00	
1  344.389	6.842940e+01	1.333424e+00	1.693781e-01	-1.182855e+00	-1.581505e+00	
12  343.324	6.908905e+01	1.318635e+00	1.654236e-01	-1.181328e+00	-1.556135e+00	
1  343.184	6.884715e+01	1.352012e+00	1.647310e-01	-1.129692e+00	-1.634217e+00	
8  343.109	6.856305e+01	1.350032e+00	1.626996e-01	-1.134065e+00	-1.578371e+00	
1  344.269	6.949822e+01	1.327842e+00	1.627663e-01	-1.157486e+00	-1.586102e+00	
1  344.119	6.948633e+01	1.307379e+00	1.659045e-01	-1.175693e+00	-1.523518e+00	
1  343.712	6.828566e+01	1.312308e+00	1.663353e-01	-1.076104e+00	-1.469577e+00	
1  344.15	6.865504e+01	1.337753e+00	1.668886e-01	-1.083605e+00	-1.438978e+00	
4  343.891	6.810578e+01	1.350253e+00	1.679163e-01	-1.065178e+00	-1.415149e+00	
1  344.063	6.825012e+01	1.369362e+00	1.666481e-01	-1.171796e+00	-1.382464e+00	
1  344.14	6.766852e+01	1.330904e+00	1.666769e-01	-1.064311e+00	-1.368221e+00	
1  343.712	6.810922e+01	1.311270e+00	1.657714e-01	-1.091304e+00	-1.345783e+00	
2  343.755	6.797125e+01	1.291701e+00	1.612939e-01	-1.134152e+00	-1.352253e+00	
4  344.649	6.756111e+01	1.291898e+00	1.632903e-01	-1.042357e+00	-1.400819e+00	
1  346.733	6.702753e+01	1.296259e+00	1.601629e-01	-9.685611e-01	-1.451269e+00	
5  345.738	6.751739e+01	1.290155e+00	1.589781e-01	-1.015257e+00	-1.395683e+00	
1  346.171	6.750858e+01	1.266630e+00	1.612111e-01	-1.015422e+00	-1.356322e+00	
1  345.77	6.715738e+01	1.276127e+00	1.626670e-01	-1.015475e+00	-1.395795e+00	
2  344.987	6.766842e+01	1.251402e+00	1.648200e-01	-1.044859e+00	-1.396861e+00	
4  344.228	6.776727e+01	1.217425e+00	1.634264e-01	-1.123681e+00	-1.460223e+00	
2  344.628	6.887560e+01	1.172159e+00	1.636644e-01	-1.150827e+00	-1.507133e+00	
1  344.454	6.849863e+01	1.191588e+00	1.624096e-01	-1.129883e+00	-1.450568e+00	
1  344.141	6.927409e+01	1.232488e+00	1.648408e-01	-1.189842e+00	-1.410419e+00	
1  344.662	6.961693e+01	1.215722e+00	1.656443e-01	-1.230532e+00	-1.346002e+00	
2  343.432	6.869345e+01	1.222902e+00	1.671485e-01	-1.229806e+00	-1.371949e+00	
2  343.416	6.855105e+01	1.193864e+00	1.670275e-01	-1.209834e+00	-1.353757e+00	
4  343.44	6.848680e+01	1.219825e+00	1.702318e-01	-1.157009e+00	-1.346594e+00	
2  343.45	6.821780e+01	1.195656e+00	1.711626e-01	-1.178683e+00	-1.410088e+00	
8  343.212	6.851995e+01	1.206963e+00	1.701241e-01	-1.185383e+00	-1.408805e+00	
8  343.3	6.889696e+01	1.198204e+00	1.705820e-01	-1.239730e+00	-1.378553e+00	
1  343.407	6.905081e+01	1.189673e+00	1.685113e-01	-1.230767e+00	-1.401320e+00	
6  343.7	6.879324e+01	1.159619e+00	1.709405e-01	-1.269491e+00	-1.395946e+00	
5  343.633	6.918991e+01	1.161624e+00	1.753561e-01	-1.234805e+00	-1.358910e+00	
2  344.945	6.894692e+01	1.176050e+00	1.703514e-01	-1.319602e+00	-1.420152e+00	
2  344.685	6.918094e+01	1.147683e+00	1.679784e-01	-1.318242e+00	-1.478017e+00	
2  344.562	6.971361e+01	1.145003e+00	1.674632e-01	-1.290805e+00	-1.530616e+00	
6  344.751	6.962934e+01	1.125048e+00	1.677617e-01	-1.333263e+00	-1.453391e+00	
3  344.427	6.913125e+01	1.090069e+00	1.689700e-01	-1.318623e+00	-1.413696e+00	
9  344.548	6.917673e+01	1.104736e+00	1.671718e-01	-1.224871e+00	-1.446918e+00	
2  344.297	6.913586e+01	1.152500e+00	1.631252e-01	-1.248708e+00	-1.463398e+00	
7  344.206	6.910655e+01	1.139295e+00	1.652498e-01	-1.273188e+00	-1.466612e+00	
1  344.652	6.821839e+01	1.149425e+00	1.655190e-01	-1.231560e+00	-1.440652e+00	
5  343.711	6.887106e+01	1.160227e+00	1.656407e-01	-1.227481e+00	-1.453036e+00	
1  343.717	6.808426e+01	1.155554e+00	1.686049e-01	-1.150024e+00	-1.491739e+00	
1  344.429	6.802476e+01	1.127108e+00	1.682891e-01	-1.202820e+00	-1.507056e+00	
3  345.465	6.824284e+01	1.134314e+00	1.663201e-01	-1.249086e+00	-1.583004e+00	
4  343.531	6.866839e+01	1.155888e+00	1.671020e-01	-1.187818e+00	-1.522255e+00	
1  344.421	6.940324e+01	1.126316e+00	1.667561e-01	-1.258749e+00	-1.408446e+00	
2  344.486	6.916787e+01	1.141378e+00	1.695244e-01	-1.324807e+00	-1.414761e+00	
1  343.63	6.817180e+01	1.159250e+00	1.723225e-01	-1.161521e+00	-1.362821e+00	
4  343.903	6.834499e+01	1.166234e+00	1.722181e-01	-1.152940e+00	-1.307875e+00	
2  344.162	6.965193e+01	1.189920e+00	1.702203e-01	-1.283382e+00	-1.234087e+00	
1  343.603	6.878194e+01	1.189308e+00	1.732832e-01	-1.196571e+00	-1.256371e+00	
3  343.534	6.884850e+01	1.155947e+00	1.785797e-01	-1.236515e+00	-1.262695e+00	
2  343.633	6.858066e+01	1.181964e+00	1.786423e-01	-1.228254e+00	-1.233054e+00	
1  343.696	6.901100e+01	1.178215e+00	1.781638e-01	-1.235482e+00	-1.242154e+00	
2  344.531	6.978098e+01	1.152824e+00	1.786951e-01	-1.294030e+00	-1.307858e+00	
3  344.108	6.926986e+01	1.151109e+00	1.784461e-01	-1.325152e+00	-1.336033e+00	
1  343.578	6.924956e+01	1.097631e+00	1.777469e-01	-1.294462e+00	-1.345722e+00	
2  343.719	6.903302e+01	1.106988e+00	1.776065e-01	-1.307144e+00	-1.370516e+00	
1  344.088	6.962409e+01	1.134192e+00	1.737582e-01	-1.284033e+00	-1.389301e+00	
3  344.484	6.867612e+01	1.125611e+00	1.716754e-01	-1.303760e+00	-1.371200e+00	
1  344.907	7.005375e+01	1.100872e+00	1.744686e-01	-1.377902e+00	-1.281450e+00	
4  344.435	6.965415e+01	1.074606e+00	1.731599e-01	-1.368003e+00	-1.254845e+00	
1  344.518	6.930235e+01	1.041702e+00	1.711614e-01	-1.349814e+00	-1.275263e+00	
2  344.819	6.900676e+01	1.022349e+00	1.735552e-01	-1.375704e+00	-1.221977e+00	
3  345.153	6.944226e+01	9.827518e-01	1.744108e-01	-1.401320e+00	-1.345541e+00	
1  345.289	6.907395e+01	1.000370e+00	1.725687e-01	-1.381539e+00	-1.322018e+00	
2  345.62	7.011075e+01	1.034075e+00	1.726769e-01	-1.378364e+00	-1.284923e+00	
2  347.228	7.041469e+01	1.028702e+00	1.693502e-01	-1.390781e+00	-1.222887e+00	
2  344.515	6.926147e+01	1.035269e+00	1.716432e-01	-1.355173e+00	-1.070407e+00	
1  345.354	6.960685e+01	1.015163e+00	1.710183e-01	-1.413845e+00	-1.138050e+00	
2  345.06	6.951875e+01	1.030792e+00	1.698586e-01	-1.372113e+00	-1.106493e+00	
1  345.441	6.951100e+01	1.027182e+00	1.701744e-01	-1.342441e+00	-1.026789e+00	
2  344.913	6.887152e+01	1.034756e+00	1.703495e-01	-1.364160e+00	-1.054773e+00	
1  346.658	7.011542e+01	1.024741e+00	1.730691e-01	-1.356365e+00	-1.074734e+00	
2  344.865	6.983788e+01	1.059366e+00	1.729334e-01	-1.405942e+00	-1.092943e+00	
2  344.536	6.917277e+01	9.989267e-01	1.774462e-01	-1.401782e+00	-1.125643e+00	
3  344.356	6.926392e+01	1.043427e+00	1.773519e-01	-1.398010e+00	-1.098859e+00	
6  344.213	6.956395e+01	1.039826e+00	1.776193e-01	-1.379425e+00	-1.042667e+00	
1  344.8	6.932193e+01	1.018935e+00	1.740461e-01	-1.416760e+00	-1.006517e+00	
1  345.832	6.842331e+01	1.041145e+00	1.715578e-01	-1.369421e+00	-1.017812e+00	
2  343.873	6.897408e+01	1.067843e+00	1.753539e-01	-1.343508e+00	-9.931096e-01	
1  344.004	6.937848e+01	1.026304e+00	1.796739e-01	-1.366737e+00	-1.048867e+00	
1  344.813	6.965394e+01	1.004496e+00	1.789160e-01	-1.355615e+00	-1.063947e+00	
2  344.28	6.941837e+01	9.630701e-01	1.830998e-01	-1.350978e+00	-1.173663e+00	
1  345.463	6.772786e+01	9.977720e-01	1.857751e-01	-1.274834e+00	-1.155996e+00	
3  345.787	6.787593e+01	1.009889e+00	1.840830e-01	-1.314177e+00	-1.140190e+00	
4  344.325	6.889235e+01	9.960971e-01	1.896973e-01	-1.285463e+00	-1.169743e+00	
1  346.31	6.877571e+01	9.756083e-01	1.895468e-01	-1.222078e+00	-1.129859e+00	
6  349.309	6.991540e+01	1.018288e+00	1.914945e-01	-1.259863e+00	-1.149206e+00	
1  348.179	7.040781e+01	1.052878e+00	1.883061e-01	-1.340068e+00	-1.074805e+00	
3  348.152	7.039788e+01	1.030548e+00	1.906618e-01	-1.355391e+00	-1.043202e+00	
1  346.456	6.872798e+01	1.049146e+00	1.897226e-01	-1.219868e+00	-9.849883e-01	
4  346.048	6.771046e+01	1.068331e+00	1.905455e-01	-1.218826e+00	-9.974637e-01	
3  345.288	6.850858e+01	1.077028e+00	1.916603e-01	-1.256826e+00	-9.848015e-01	
4  346.097	6.763719e+01	1.031681e+00	1.878575e-01	-1.181493e+00	-1.039933e+00	
1  347.006	6.846421e+01	1.048929e+00	1.871946e-01	-1.182801e+00	-9.935224e-01	
2  345.851	6.890843e+01	1.076213e+00	1.872763e-01	-1.229057e+00	-1.019775e+00	
1  344.513	6.818586e+01	1.075379e+00	1.860406e-01	-1.258516e+00	-1.055665e+00	
4  344.873	6.915356e+01	1.033462e+00	1.870189e-01	-1.277411e+00	-1.096050e+00	
2  344.223	6.831281e+01	1.040774e+00	1.848757e-01	-1.267433e+00	-1.052336e+00	
10  343.862	6.892251e+01	1.050939e+00	1.842650e-01	-1.338422e+00	-1.041605e+00	
3  345.637	7.001990e+01	1.095899e+00	1.842190e-01	-1.354423e+00	-9.789186e-01	
3  345.677	7.003280e+01	1.128654e+00	1.865814e-01	-1.366986e+00	-1.001193e+00	
3  345.712	6.973878e+01	1.114435e+00	1.912109e-01	-1.394754e+00	-1.040034e+00	
3  346.533	7.026790e+01	1.150041e+00	1.858672e-01	-1.435813e+00	-1.168824e+00	
2  346.208	6.958279e+01	1.158585e+00	1.874421e-01	-1.397258e+00	-1.204062e+00	
2  345.432	6.886541e+01	1.159338e+00	1.864583e-01	-1.345610e+00	-1.080618e+00	
1  345.539	6.920108e+01	1.187588e+00	1.873177e-01	-1.248684e+00	-1.083806e+00	
1  347.886	6.868123e+01	1.184210e+00	1.886325e-01	-1.144656e+00	-1.072216e+00	
3  348.755	6.703729e+01	1.184286e+00	1.892530e-01	-1.086855e+00	-1.099512e+00	
4  346.944	6.755747e+01	1.152752e+00	1.841034e-01	-1.099293e+00	-1.088801e+00	
4  346.336	6.794183e+01	1.186158e+00	1.862496e-01	-1.121602e+00	-1.144840e+00	
3  345.887	6.762004e+01	1.183988e+00	1.849781e-01	-1.142185e+00	-1.166688e+00	
2  347.392	6.849359e+01	1.165990e+00	1.857794e-01	-1.109660e+00	-1.214616e+00	
3  345.042	6.773827e+01	1.122577e+00	1.839368e-01	-1.153560e+00	-1.244810e+00	
2  345.223	6.775580e+01	1.120643e+00	1.858079e-01	-1.191234e+00	-1.202055e+00	
1  345.641	6.794372e+01	1.137235e+00	1.864879e-01	-1.243026e+00	-1.233272e+00	
1  345.368	6.841802e+01	1.199607e+00	1.872337e-01	-1.243245e+00	-1.145779e+00	
7  344.946	6.943719e+01	1.209519e+00	1.841867e-01	-1.308123e+00	-1.198015e+00	
5  345.019	6.822793e+01	1.146744e+00	1.876143e-01	-1.212530e+00	-1.138716e+00	
1  345.159	6.850334e+01	1.126079e+00	1.883396e-01	-1.293072e+00	-1.213611e+00	
5  345.279	6.868034e+01	1.159201e+00	1.879373e-01	-1.291964e+00	-1.239789e+00	
2  344.75	6.948364e+01	1.128846e+00	1.851313e-01	-1.274353e+00	-1.252417e+00	
1  345.268	6.980517e+01	1.119104e+00	1.838856e-01	-1.293375e+00	-1.232547e+00	
1  344.272	6.893875e+01	1.137820e+00	1.847941e-01	-1.303630e+00	-1.219148e+00	
2  343.779	6.876710e+01	1.128271e+00	1.811893e-01	-1.293614e+00	-1.101881e+00	
7  344.206	6.933634e+01	1.141787e+00	1.810831e-01	-1.273677e+00	-1.161157e+00	
1  344.117	6.937239e+01	1.146405e+00	1.811096e-01	-1.283080e+00	-1.179626e+00	
1  344.564	6.964980e+01	1.114583e+00	1.795004e-01	-1.298779e+00	-1.162894e+00	
7  345.001	6.989917e+01	1.136813e+00	1.838011e-01	-1.363129e+00	-1.260100e+00	
2  346.674	7.023449e+01	1.164730e+00	1.843690e-01	-1.425084e+00	-1.281775e+00	
4  345.242	6.989430e+01	1.138690e+00	1.831811e-01	-1.396875e+00	-1.211470e+00	
2  344.401	6.904094e+01	1.148384e+00	1.843849e-01	-1.325958e+00	-1.116732e+00	
2  345.615	6.896222e+01	1.127456e+00	1.870437e-01	-1.216760e+00	-1.102354e+00	
3  347.397	6.830559e+01	1.098453e+00	1.880079e-01	-1.143964e+00	-1.057298e+00	
2  345.528	6.760708e+01	1.068385e+00	1.868932e-01	-1.207764e+00	-1.170553e+00	
1  344.541	6.809949e+01	1.039447e+00	1.840214e-01	-1.278994e+00	-1.213370e+00	
4  344.282	6.855668e+01	1.035708e+00	1.857041e-01	-1.231753e+00	-1.204514e+00	
1  344.646	6.871377e+01	1.048383e+00	1.817418e-01	-1.216337e+00	-1.195360e+00	
7  344.145	6.911080e+01	1.094424e+00	1.794260e-01	-1.248834e+00	-1.205943e+00	
1  343.782	6.830258e+01	1.085087e+00	1.779534e-01	-1.227251e+00	-1.205761e+00	
2  344.549	6.800207e+01	1.059292e+00	1.765319e-01	-1.261141e+00	-1.189676e+00	
2  343.966	6.859862e+01	1.084791e+00	1.751736e-01	-1.301022e+00	-1.255236e+00	
2  344.346	6.820446e+01	1.066450e+00	1.719410e-01	-1.256547e+00	-1.182411e+00	
5  343.727	6.854312e+01	1.083651e+00	1.751583e-01	-1.276894e+00	-1.274090e+00	
1  343.666	6.923534e+01	1.084811e+00	1.763754e-01	-1.271023e+00	-1.380107e+00	
1  343.975	6.800249e+01	1.077318e+00	1.755460e-01	-1.196530e+00	-1.385903e+00	
3  343.852	6.863406e+01	1.020595e+00	1.753529e-01	-1.262053e+00	-1.346796e+00	
3  343.716	6.886044e+01	1.008972e+00	1.799459e-01	-1.313255e+00	-1.214831e+00	
3  344.269	6.959241e+01	1.021963e+00	1.775052e-01	-1.370500e+00	-1.191246e+00	
4  343.889	6.912175e+01	1.055797e+00	1.769949e-01	-1.342066e+00	-1.279041e+00	
5  343.873	6.896083e+01	1.069101e+00	1.754078e-01	-1.321522e+00	-1.324675e+00	
4  343.956	6.895339e+01	1.075443e+00	1.743454e-01	-1.320427e+00	-1.338874e+00	
1  345.042	7.005409e+01	1.098760e+00	1.758795e-01	-1.326517e+00	-1.350965e+00	
3  346.219	7.046024e+01	1.085787e+00	1.742036e-01	-1.354809e+00	-1.443926e+00	
1  345.703	7.025831e+01	1.104884e+00	1.721580e-01	-1.410687e+00	-1.308318e+00	
5  344.813	6.964241e+01	1.116657e+00	1.758260e-01	-1.385395e+00	-1.327017e+00	
2  344.576	6.974485e+01	1.145350e+00	1.759790e-01	-1.372617e+00	-1.271537e+00	
4  345.598	7.022555e+01	1.142222e+00	1.728651e-01	-1.409257e+00	-1.285393e+00	
2  344.978	7.005345e+01	1.167973e+00	1.687538e-01	-1.342851e+00	-1.299371e+00	
1  344.664	6.957373e+01	1.205135e+00	1.666178e-01	-1.332393e+00	-1.375504e+00	
3  345.176	7.004685e+01	1.240064e+00	1.678697e-01	-1.340778e+00	-1.401430e+00	
5  344.656	6.994742e+01	1.206649e+00	1.692793e-01	-1.290944e+00	-1.414543e+00	
1  344.433	6.971005e+01	1.205973e+00	1.694566e-01	-1.328507e+00	-1.364040e+00	
1  345.139	6.948848e+01	1.212024e+00	1.683871e-01	-1.350790e+00	-1.370592e+00	
6  344.293	6.928631e+01	1.221690e+00	1.669333e-01	-1.312348e+00	-1.337951e+00	
1  345.207	7.002178e+01	1.190716e+00	1.667115e-01	-1.293139e+00	-1.308204e+00	
2  343.972	6.940735e+01	1.202853e+00	1.680008e-01	-1.244988e+00	-1.272236e+00	
2  344.229	6.943489e+01	1.154646e+00	1.698444e-01	-1.266947e+00	-1.196621e+00	
1  344.034	6.849554e+01	1.141167e+00	1.693229e-01	-1.276040e+00	-1.206556e+00	
1  344.26	6.934977e+01	1.182756e+00	1.715193e-01	-1.227395e+00	-1.255764e+00	
1  343.611	6.898315e+01	1.178950e+00	1.706526e-01	-1.292822e+00	-1.222775e+00	
1  344.836	6.929903e+01	1.174127e+00	1.737694e-01	-1.369070e+00	-1.213560e+00	
4  343.979	6.954088e+01	1.182958e+00	1.759026e-01	-1.327896e+00	-1.178654e+00	
2  343.841	6.928877e+01	1.189784e+00	1.755035e-01	-1.317886e+00	-1.193021e+00	
4  344.393	6.834876e+01	1.178932e+00	1.795706e-01	-1.269503e+00	-1.119132e+00	
1  345.217	6.851174e+01	1.175564e+00	1.815194e-01	-1.313488e+00	-1.131413e+00	
1  344.211	6.872018e+01	1.136753e+00	1.785102e-01	-1.338467e+00	-9.862882e-01	
2  344.329	6.936234e+01	1.152589e+00	1.766507e-01	-1.383322e+00	-1.018172e+00	
2  344.143	6.957465e+01	1.122141e+00	1.782542e-01	-1.377529e+00	-1.062554e+00	
1  343.837	6.902221e+01	1.130322e+00	1.745446e-01	-1.343934e+00	-1.025657e+00	
7  344.556	6.869911e+01	1.097849e+00	1.712808e-01	-1.354363e+00	-9.609990e-01	
3  344.184	6.913718e+01	1.076560e+00	1.713067e-01	-1.346146e+00	-9.651306e-01	
3  343.964	6.868538e+01	1.069592e+00	1.748572e-01	-1.311395e+00	-9.444833e-01	
3  344.935	6.793588e+01	1.078562e+00	1.747181e-01	-1.277266e+00	-9.504359e-01	
1  344.265	6.821194e+01	1.082990e+00	1.767428e-01	-1.264906e+00	-9.343467e-01	
3  345.105	6.838298e+01	1.069916e+00	1.760159e-01	-1.213153e+00	-9.844271e-01	
1  343.808	6.859562e+01	1.082072e+00	1.785699e-01	-1.250962e+00	-1.108201e+00	
1  343.988	6.872947e+01	1.096922e+00	1.830835e-01	-1.318720e+00	-1.057765e+00	
1  343.821	6.868005e+01	1.116896e+00	1.801312e-01	-1.302000e+00	-9.485543e-01	
1  344.234	6.821898e+01	1.157327e+00	1.787050e-01	-1.247940e+00	-9.057208e-01	
2  345.655	6.768356e+01	1.152660e+00	1.766648e-01	-1.265146e+00	-8.245098e-01	
2  345.66	6.957882e+01	1.174428e+00	1.747453e-01	-1.283887e+00	-8.021623e-01	
6  345.045	6.913750e+01	1.137405e+00	1.736686e-01	-1.275314e+00	-7.824596e-01	
1  346.397	6.944304e+01	1.116960e+00	1.691261e-01	-1.283456e+00	-8.011972e-01	
2  344.215	6.892465e+01	1.151311e+00	1.723442e-01	-1.378853e+00	-7.288864e-01	
1  344.076	6.940601e+01	1.121196e+00	1.753126e-01	-1.370334e+00	-7.413946e-01	
10  344.022	6.924422e+01	1.131435e+00	1.739605e-01	-1.362881e+00	-6.868481e-01	
1  344.293	6.862733e+01	1.160112e+00	1.775983e-01	-1.346607e+00	-7.341618e-01	
2  344.886	6.999935e+01	1.163296e+00	1.747672e-01	-1.381321e+00	-7.872251e-01	
3  344.715	6.968827e+01	1.164787e+00	1.777562e-01	-1.352122e+00	-7.251092e-01	
11  344.228	6.901494e+01	1.145035e+00	1.822243e-01	-1.343000e+00	-7.163822e-01	
2  345.08	6.947581e+01	1.189711e+00	1.838274e-01	-1.347662e+00	-6.715282e-01	
1  345.571	6.913737e+01	1.218501e+00	1.862878e-01	-1.368432e+00	-6.491848e-01	
2  346.179	6.953685e+01	1.238383e+00	1.863441e-01	-1.413575e+00	-5.924383e-01	
1  346.101	6.921938e+01	1.250538e+00	1.853030e-01	-1.389558e+00	-6.511619e-01	
3  346.697	6.855547e+01	1.200307e+00	1.858587e-01	-1.379828e+00	-6.818929e-01	
1  345.068	6.937826e+01	1.156919e+00	1.865412e-01	-1.398209e+00	-6.511309e-01	
10  344.435	6.955559e+01	1.114238e+00	1.813797e-01	-1.429701e+00	-6.529875e-01	
3  344.45	6.972316e+01	1.094165e+00	1.810091e-01	-1.424806e+00	-7.670198e-01	
5  344.248	6.927427e+01	1.066194e+00	1.797694e-01	-1.375043e+00	-6.995233e-01	
1  344.335	6.840489e+01	1.080478e+00	1.788655e-01	-1.310802e+00	-7.432682e-01	
2  344.337	6.959791e+01	1.124719e+00	1.739244e-01	-1.379496e+00	-7.283376e-01	
1  344.55	6.974678e+01	1.179679e+00	1.706970e-01	-1.429152e+00	-7.036140e-01	
4  345.052	6.892389e+01	1.195979e+00	1.699649e-01	-1.406711e+00	-6.810440e-01	
3  345.631	6.869145e+01	1.236858e+00	1.681166e-01	-1.392947e+00	-6.640497e-01	
1  345.664	6.878792e+01	1.247482e+00	1.680134e-01	-1.401380e+00	-6.524260e-01	
3  345.935	6.903662e+01	1.258750e+00	1.721577e-01	-1.434264e+00	-5.697720e-01	
1  345.06	7.014717e+01	1.271410e+00	1.686967e-01	-1.447175e+00	-5.397683e-01	
1  345.162	6.815194e+01	1.308897e+00	1.673343e-01	-1.312860e+00	-5.273130e-01	
1  344.217	6.834828e+01	1.311953e+00	1.701699e-01	-1.239725e+00	-6.054851e-01	
2  344.315	6.835903e+01	1.302763e+00	1.702622e-01	-1.235375e+00	-5.947764e-01	
1  344.4	6.885271e+01	1.311601e+00	1.707916e-01	-1.241416e+00	-6.359429e-01	
3  344.722	6.856527e+01	1.286074e+00	1.706888e-01	-1.212430e+00	-6.632473e-01	
4  344.29	6.814492e+01	1.287435e+00	1.684418e-01	-1.220889e+00	-6.736979e-01	
2  345.228	6.784825e+01	1.280068e+00	1.676628e-01	-1.176679e+00	-6.599735e-01	
1  343.751	6.877348e+01	1.282302e+00	1.646847e-01	-1.308419e+00	-6.232024e-01	
1  344.483	6.985340e+01	1.270398e+00	1.663638e-01	-1.364413e+00	-6.441593e-01	
2  344.531	6.873504e+01	1.292300e+00	1.646928e-01	-1.354503e+00	-6.108802e-01	
2  343.836	6.887073e+01	1.266078e+00	1.657966e-01	-1.332559e+00	-5.756906e-01	
3  344.626	6.904177e+01	1.254057e+00	1.675925e-01	-1.270835e+00	-5.920579e-01	
1  345.606	6.996518e+01	1.247266e+00	1.700098e-01	-1.343468e+00	-5.754542e-01	
2  345.687	6.877835e+01	1.261475e+00	1.709977e-01	-1.236863e+00	-4.976597e-01	
5  345.744	6.766155e+01	1.251477e+00	1.715856e-01	-1.248705e+00	-4.987619e-01	
2  344.058	6.889048e+01	1.262741e+00	1.739155e-01	-1.326816e+00	-5.236580e-01	
8  346.358	6.797527e+01	1.234516e+00	1.769267e-01	-1.329959e+00	-5.647366e-01	
2  344.944	6.921798e+01	1.260006e+00	1.755000e-01	-1.290401e+00	-5.566944e-01	
2  344.978	6.809518e+01	1.227335e+00	1.774934e-01	-1.273784e+00	-6.146716e-01	
1  346.155	6.772313e+01	1.274337e+00	1.741593e-01	-1.277612e+00	-4.805693e-01	
1  347.448	6.968604e+01	1.307561e+00	1.712236e-01	-1.260538e+00	-5.166397e-01	
1  345.567	6.834047e+01	1.304564e+00	1.686584e-01	-1.349295e+00	-5.341043e-01	
3  345.594	6.866936e+01	1.290190e+00	1.661181e-01	-1.393870e+00	-5.023771e-01	
3  345.505	7.002566e+01	1.258131e+00	1.671317e-01	-1.386149e+00	-3.831207e-01	
6  344.856	6.891881e+01	1.210623e+00	1.637411e-01	-1.405613e+00	-3.493946e-01	
1  345.362	6.914764e+01	1.162742e+00	1.640690e-01	-1.368232e+00	-3.608842e-01	
1  345.421	6.835679e+01	1.173969e+00	1.666502e-01	-1.372463e+00	-4.603314e-01	
1  345.742	6.921607e+01	1.172456e+00	1.646578e-01	-1.452265e+00	-5.686052e-01	
4  346.986	6.883862e+01	1.178933e+00	1.669019e-01	-1.464198e+00	-5.270357e-01	
1  345.154	6.987153e+01	1.187631e+00	1.676216e-01	-1.392770e+00	-5.100992e-01	
1  345.045	6.990629e+01	1.160498e+00	1.677086e-01	-1.425736e+00	-5.501330e-01	
1  344.864	6.988829e+01	1.149464e+00	1.696535e-01	-1.444659e+00	-5.856600e-01	
1  345.049	6.934963e+01	1.176180e+00	1.694521e-01	-1.444977e+00	-6.430871e-01	
7  344.256	6.907671e+01	1.166579e+00	1.667418e-01	-1.367102e+00	-6.627887e-01	
1  344.293	6.950260e+01	1.187216e+00	1.674769e-01	-1.370133e+00	-6.467314e-01	
3  344.421	6.959680e+01	1.225933e+00	1.680696e-01	-1.420882e+00	-5.983268e-01	
2  344.205	6.954416e+01	1.229696e+00	1.683145e-01	-1.353804e+00	-6.102496e-01	
5  344.678	6.870486e+01	1.216012e+00	1.700989e-01	-1.375747e+00	-6.157735e-01	
2  344.166	6.942584e+01	1.209137e+00	1.681734e-01	-1.347064e+00	-6.355206e-01	
1  344.305	6.853460e+01	1.236663e+00	1.658837e-01	-1.326229e+00	-4.754990e-01	
3  345.121	6.864602e+01	1.213848e+00	1.682633e-01	-1.266607e+00	-4.847675e-01	
1  344.286	6.898675e+01	1.218109e+00	1.682260e-01	-1.340787e+00	-4.098451e-01	
2  344.955	6.898710e+01	1.208042e+00	1.640449e-01	-1.319205e+00	-4.437543e-01	
4  345.315	6.842502e+01	1.205501e+00	1.619659e-01	-1.282567e+00	-4.824221e-01	
2  347.08	6.957849e+01	1.174111e+00	1.635798e-01	-1.323377e+00	-4.794731e-01	
4  344.986	6.904518e+01	1.152278e+00	1.642118e-01	-1.399337e+00	-5.253424e-01	
2  345.322	6.854905e+01	1.134040e+00	1.646499e-01	-1.361289e+00	-5.306060e-01	
1  344.911	6.911623e+01	1.133355e+00	1.669557e-01	-1.419218e+00	-5.619885e-01	
1  344.598	6.847310e+01	1.155452e+00	1.686871e-01	-1.337551e+00	-5.505330e-01	
10  347.315	6.738098e+01	1.181189e+00	1.654347e-01	-1.271132e+00	-5.796028e-01	
1  346.141	6.783006e+01	1.176632e+00	1.639896e-01	-1.228431e+00	-5.884861e-01	
3  346.557	6.797509e+01	1.167828e+00	1.620910e-01	-1.224263e+00	-5.991404e-01	
2  346.146	6.820901e+01	1.139904e+00	1.606876e-01	-1.279914e+00	-6.505275e-01	
1  346.614	6.797685e+01	1.098635e+00	1.630668e-01	-1.299352e+00	-6.649334e-01	
8  346.383	6.872534e+01	1.089850e+00	1.610095e-01	-1.333770e+00	-6.687588e-01	
1  346.22	6.866054e+01	1.076819e+00	1.640662e-01	-1.393800e+00	-6.337332e-01	
1  346.016	6.787095e+01	1.126275e+00	1.673305e-01	-1.307899e+00	-6.687933e-01	
2  345.75	6.778586e+01	1.163114e+00	1.691166e-01	-1.290535e+00	-6.892613e-01	
3  345.137	6.849073e+01	1.154898e+00	1.709684e-01	-1.235763e+00	-7.136842e-01	
1  347.249	6.733196e+01	1.176710e+00	1.674243e-01	-1.258929e+00	-7.346092e-01	
3  345.538	6.791289e+01	1.167013e+00	1.685231e-01	-1.300916e+00	-7.115537e-01	
1  344.651	6.883653e+01	1.171649e+00	1.684047e-01	-1.266688e+00	-7.299183e-01	
1  344.556	6.873888e+01	1.204525e+00	1.618785e-01	-1.329574e+00	-7.444206e-01	
1  345.211	6.889615e+01	1.218376e+00	1.634415e-01	-1.386896e+00	-7.221862e-01	
2  348.694	6.886600e+01	1.233290e+00	1.637420e-01	-1.458253e+00	-7.195620e-01	
3  345.187	7.009692e+01	1.234252e+00	1.659388e-01	-1.436024e+00	-7.372528e-01	
4  345.717	7.011292e+01	1.200047e+00	1.683896e-01	-1.368388e+00	-6.635527e-01	
2  344.951	6.963390e+01	1.188602e+00	1.657860e-01	-1.353899e+00	-6.248953e-01	
1  345.533	6.864558e+01	1.135825e+00	1.669149e-01	-1.403389e+00	-5.828806e-01	
1  346.346	6.831969e+01	1.120308e+00	1.685164e-01	-1.404618e+00	-5.238002e-01	
1  346.419	6.810863e+01	1.097845e+00	1.687179e-01	-1.379713e+00	-4.915166e-01	
3  345.177	6.854232e+01	1.072327e+00	1.731256e-01	-1.322055e+00	-5.368396e-01	
4  346.704	6.751084e+01	1.082189e+00	1.752213e-01	-1.271951e+00	-5.342129e-01	
2  347.233	6.886440e+01	1.040655e+00	1.777738e-01	-1.309403e+00	-4.163835e-01	
3  346.686	6.809143e+01	1.021978e+00	1.797254e-01	-1.292853e+00	-4.323641e-01	
8  345.658	6.841766e+01	1.002894e+00	1.779286e-01	-1.350527e+00	-4.616969e-01	
1  345.219	6.844871e+01	1.006130e+00	1.777922e-01	-1.393761e+00	-5.191827e-01	
3  345.598	6.881175e+01	1.021579e+00	1.756374e-01	-1.341202e+00	-5.414523e-01	
1  345.418	6.803713e+01	1.052797e+00	1.788920e-01	-1.334097e+00	-5.509817e-01	
