1  347.699	6.758097e+01	2.213178e+00	1.169669e-01	-9.413127e-01	-3.392623e-01	
2  347.269	6.822029e+01	2.205216e+00	1.171007e-01	-9.858293e-01	-2.899440e-01	
1  348.293	6.885115e+01	2.200628e+00	1.242248e-01	-1.008535e+00	-2.537880e-01	
1  348.191	6.712664e+01	2.188865e+00	1.239439e-01	-9.418552e-01	-2.166587e-01	
2  351.918	6.803621e+01	2.146689e+00	1.225265e-01	-9.315331e-01	-2.826366e-01	
1  351.031	6.664403e+01	2.137192e+00	1.210472e-01	-8.941657e-01	-3.092529e-01	
4  352.025	6.595928e+01	2.167196e+00	1.167358e-01	-9.019640e-01	-3.333561e-01	
2  350.058	6.695690e+01	2.126594e+00	1.142847e-01	-9.324968e-01	-3.316794e-01	
2  348.933	6.757742e+01	2.134223e+00	1.161998e-01	-9.601140e-01	-2.885977e-01	
2  348.387	6.813643e+01	2.103908e+00	1.149137e-01	-9.957846e-01	-3.515283e-01	
1  346.992	6.846454e+01	2.072962e+00	1.152231e-01	-1.032781e+00	-4.290004e-01	
1  345.579	6.869756e+01	2.125601e+00	1.129935e-01	-1.063178e+00	-4.584535e-01	
1  345.241	6.787325e+01	2.111968e+00	1.139648e-01	-1.073747e+00	-4.853303e-01	
1  344.885	6.932932e+01	2.135568e+00	1.142025e-01	-1.120701e+00	-5.265002e-01	
2  344.888	6.785078e+01	2.134387e+00	1.149124e-01	-1.017619e+00	-5.317675e-01	
8  344.424	6.824446e+01	2.121955e+00	1.148027e-01	-1.060074e+00	-5.233942e-01	
3  344.747	6.920191e+01	2.058750e+00	1.175042e-01	-1.185762e+00	-5.179542e-01	
1  345.208	6.859600e+01	2.020210e+00	1.180272e-01	-1.082369e+00	-4.702662e-01	
3  346.477	6.743131e+01	2.001154e+00	1.193342e-01	-1.088816e+00	-4.138582e-01	
2  345.962	6.737334e+01	2.013122e+00	1.211530e-01	-1.066032e+00	-3.675135e-01	
4  346.225	6.785470e+01	1.988855e+00	1.209441e-01	-1.043104e+00	-3.449848e-01	
5  346.886	6.792877e+01	1.985712e+00	1.187507e-01	-1.047307e+00	-3.323792e-01	
9  348.125	6.801277e+01	1.974506e+00	1.180127e-01	-1.005441e+00	-4.938368e-01	
3  345.357	6.781290e+01	2.012618e+00	1.180311e-01	-1.075989e+00	-5.361690e-01	
7  345.454	6.752357e+01	1.998735e+00	1.202103e-01	-1.041321e+00	-6.465128e-01	
2  344.67	6.850785e+01	2.007166e+00	1.183142e-01	-1.070767e+00	-6.721010e-01	
5  345.086	6.815131e+01	2.010097e+00	1.174277e-01	-1.053373e+00	-6.276565e-01	
7  344.069	6.856880e+01	2.049506e+00	1.189938e-01	-1.106444e+00	-6.839120e-01	
5  344.201	6.847639e+01	2.058099e+00	1.174803e-01	-1.056445e+00	-7.540059e-01	
1  344.027	6.875903e+01	2.034444e+00	1.194447e-01	-1.106526e+00	-7.218057e-01	
2  344.954	6.903601e+01	2.041042e+00	1.188573e-01	-1.046811e+00	-8.574900e-01	
1  344.059	6.821796e+01	2.042197e+00	1.195614e-01	-1.047589e+00	-8.840852e-01	
7  343.64	6.814900e+01	1.999949e+00	1.241419e-01	-1.051176e+00	-8.436293e-01	
4  343.769	6.792342e+01	1.971181e+00	1.272717e-01	-1.037922e+00	-9.310855e-01	
1  344.85	6.850461e+01	1.957737e+00	1.283890e-01	-9.857572e-01	-9.124126e-01	
3  345.103	6.749503e+01	1.971503e+00	1.303183e-01	-1.037106e+00	-9.371306e-01	
2  343.515	6.789315e+01	1.983703e+00	1.297327e-01	-9.942331e-01	-8.968646e-01	
1  343.019	6.838846e+01	1.963021e+00	1.313131e-01	-1.049029e+00	-9.502817e-01	
1  344.504	6.844487e+01	2.025023e+00	1.354853e-01	-1.090584e+00	-9.890959e-01	
2  343.886	6.895962e+01	2.010952e+00	1.373395e-01	-1.087976e+00	-1.044680e+00	
3  344.147	6.931926e+01	1.986561e+00	1.393260e-01	-1.077397e+00	-1.054467e+00	
3  346.073	6.898247e+01	1.983883e+00	1.342438e-01	-1.167975e+00	-1.043943e+00	
1  344.634	6.940416e+01	1.981930e+00	1.318972e-01	-1.150978e+00	-1.062330e+00	
1  345.88	7.020237e+01	1.989830e+00	1.319672e-01	-1.143443e+00	-1.103578e+00	
2  344.668	6.971842e+01	1.991634e+00	1.293087e-01	-1.095504e+00	-1.116070e+00	
2  344.751	6.936545e+01	2.023419e+00	1.317593e-01	-1.132620e+00	-1.110994e+00	
6  346.382	6.928157e+01	2.053798e+00	1.306562e-01	-1.151697e+00	-1.163545e+00	
2  345.365	6.997503e+01	2.028922e+00	1.313053e-01	-1.102479e+00	-1.139124e+00	
1  345.34	6.964785e+01	2.002915e+00	1.268025e-01	-1.050407e+00	-1.130424e+00	
4  346.017	6.984387e+01	2.026196e+00	1.268077e-01	-1.045567e+00	-1.189672e+00	
6  346.146	6.924067e+01	2.010977e+00	1.281959e-01	-1.145898e+00	-1.225584e+00	
2  344.798	6.974694e+01	2.022504e+00	1.295321e-01	-1.095622e+00	-1.192638e+00	
1  344.943	6.873220e+01	2.042795e+00	1.297847e-01	-1.093068e+00	-1.183711e+00	
1  344.599	6.845354e+01	2.105314e+00	1.297933e-01	-1.052697e+00	-1.155043e+00	
4  343.689	6.844587e+01	2.111364e+00	1.302597e-01	-1.012962e+00	-1.188523e+00	
1  343.953	6.929066e+01	2.077897e+00	1.271166e-01	-1.046697e+00	-1.222195e+00	
2  344.968	6.948914e+01	2.069703e+00	1.246439e-01	-1.013452e+00	-1.272296e+00	
1  344.29	6.851737e+01	2.084278e+00	1.279117e-01	-1.027252e+00	-1.326636e+00	
6  344.95	6.818926e+01	2.139643e+00	1.295146e-01	-1.002826e+00	-1.313403e+00	
5  343.956	6.808487e+01	2.141793e+00	1.316758e-01	-9.502896e-01	-1.305729e+00	
3  343.877	6.874452e+01	2.142115e+00	1.323638e-01	-9.860664e-01	-1.255444e+00	
1  344.552	6.804363e+01	2.159827e+00	1.288233e-01	-9.717236e-01	-1.329522e+00	
1  343.276	6.822726e+01	2.154046e+00	1.246188e-01	-9.290627e-01	-1.307864e+00	
3  344.883	6.721230e+01	2.110974e+00	1.239936e-01	-9.056198e-01	-1.317915e+00	
1  345.209	6.821516e+01	2.138666e+00	1.228880e-01	-8.613996e-01	-1.301600e+00	
1  345.722	6.693454e+01	2.151432e+00	1.205445e-01	-8.223106e-01	-1.225669e+00	
2  347.109	6.704199e+01	2.182032e+00	1.214749e-01	-7.922128e-01	-1.135228e+00	
1  344.25	6.731896e+01	2.220675e+00	1.222792e-01	-8.836752e-01	-1.154187e+00	
1  344.84	6.754255e+01	2.218509e+00	1.211955e-01	-8.389245e-01	-1.170767e+00	
2  343.478	6.812844e+01	2.230191e+00	1.211320e-01	-9.005597e-01	-1.218721e+00	
1  343.586	6.783255e+01	2.247521e+00	1.216380e-01	-9.208818e-01	-1.206428e+00	
3  344.818	6.758555e+01	2.252844e+00	1.230059e-01	-9.335189e-01	-1.235251e+00	
1  346.388	6.909037e+01	2.287583e+00	1.253849e-01	-8.844976e-01	-1.324859e+00	
1  345.227	6.879286e+01	2.250295e+00	1.290128e-01	-8.923050e-01	-1.335465e+00	
2  345.08	6.762785e+01	2.238155e+00	1.305539e-01	-8.993612e-01	-1.334448e+00	
3  345.089	6.752205e+01	2.232410e+00	1.300912e-01	-8.425246e-01	-1.198380e+00	
2  344.118	6.865376e+01	2.194301e+00	1.310834e-01	-9.448144e-01	-1.182575e+00	
2  344.216	6.861548e+01	2.154573e+00	1.306506e-01	-9.428195e-01	-1.092492e+00	
11  344.516	6.848971e+01	2.187353e+00	1.340951e-01	-9.406814e-01	-1.106448e+00	
1  345.93	6.819164e+01	2.202746e+00	1.380196e-01	-9.135249e-01	-1.012255e+00	
1  345.129	6.790425e+01	2.165096e+00	1.355738e-01	-9.895318e-01	-1.018886e+00	
6  343.887	6.787818e+01	2.151490e+00	1.303157e-01	-9.272172e-01	-1.003946e+00	
8  343.716	6.773243e+01	2.130412e+00	1.271382e-01	-9.737256e-01	-9.908297e-01	
2  343.296	6.847448e+01	2.115158e+00	1.303402e-01	-9.813464e-01	-1.041947e+00	
1  344.903	6.864446e+01	2.083286e+00	1.314866e-01	-9.462334e-01	-1.020718e+00	
2  343.722	6.882184e+01	2.088706e+00	1.306649e-01	-9.952113e-01	-1.007434e+00	
2  344.006	6.914485e+01	2.071933e+00	1.330790e-01	-1.030847e+00	-9.735976e-01	
1  344.42	6.839657e+01	2.067650e+00	1.302636e-01	-1.083799e+00	-9.799462e-01	
1  344.589	6.971976e+01	2.080709e+00	1.299771e-01	-1.090161e+00	-9.662479e-01	
5  344.087	6.958461e+01	2.032966e+00	1.310995e-01	-1.137456e+00	-8.997415e-01	
1  344.307	6.957548e+01	2.030867e+00	1.312125e-01	-1.146038e+00	-9.415179e-01	
1  343.863	6.887106e+01	2.030425e+00	1.321163e-01	-1.121464e+00	-8.986887e-01	
3  343.593	6.889178e+01	2.027528e+00	1.275348e-01	-1.034161e+00	-9.095552e-01	
1  343.291	6.849566e+01	2.057524e+00	1.246049e-01	-1.012677e+00	-9.275902e-01	
1  344.023	6.838870e+01	2.069975e+00	1.205203e-01	-9.868908e-01	-9.379284e-01	
3  343.426	6.809337e+01	2.116049e+00	1.206191e-01	-9.819000e-01	-1.032771e+00	
5  344.857	6.956498e+01	2.139824e+00	1.208195e-01	-1.046198e+00	-1.008684e+00	
1  343.327	6.891404e+01	2.126016e+00	1.222307e-01	-1.070589e+00	-9.004603e-01	
3  343.631	6.790720e+01	2.149727e+00	1.197747e-01	-9.946483e-01	-9.181424e-01	
1  343.343	6.836074e+01	2.122528e+00	1.208368e-01	-9.982046e-01	-9.052081e-01	
1  343.973	6.881369e+01	2.127257e+00	1.168436e-01	-1.030114e+00	-9.124445e-01	
2  343.877	6.774097e+01	2.133361e+00	1.193319e-01	-9.740925e-01	-9.180087e-01	
4  343.314	6.851592e+01	2.088420e+00	1.224370e-01	-1.002364e+00	-1.013553e+00	
4  343.912	6.814801e+01	2.062777e+00	1.193799e-01	-1.012587e+00	-1.005612e+00	
4  344.009	6.931761e+01	2.131217e+00	1.224261e-01	-1.044554e+00	-1.000928e+00	
1  345.716	7.004456e+01	2.160659e+00	1.224813e-01	-1.088117e+00	-1.015648e+00	
1  346.182	7.019212e+01	2.144207e+00	1.219671e-01	-1.106589e+00	-9.773840e-01	
2  345.045	6.971268e+01	2.143190e+00	1.218549e-01	-1.144254e+00	-9.423283e-01	
1  344.491	6.971607e+01	2.156319e+00	1.229403e-01	-1.111884e+00	-9.149613e-01	
2  343.911	6.946036e+01	2.162741e+00	1.276289e-01	-1.096055e+00	-8.356817e-01	
2  344.595	6.929175e+01	2.172628e+00	1.281295e-01	-1.151043e+00	-7.457151e-01	
1  346.47	6.827878e+01	2.195929e+00	1.289716e-01	-1.115408e+00	-7.480934e-01	
6  343.932	6.810419e+01	2.162979e+00	1.323800e-01	-1.024344e+00	-7.713245e-01	
2  345.499	6.786932e+01	2.164781e+00	1.333451e-01	-1.049427e+00	-7.711350e-01	
12  344.151	6.893721e+01	2.140281e+00	1.352863e-01	-1.102865e+00	-7.015878e-01	
2  344.022	6.841029e+01	2.136670e+00	1.317082e-01	-1.101645e+00	-6.213344e-01	
1  343.528	6.883922e+01	2.055832e+00	1.338173e-01	-1.077569e+00	-5.732775e-01	
2  343.952	6.846555e+01	2.056469e+00	1.340750e-01	-1.138705e+00	-5.284106e-01	
6  343.221	6.895804e+01	2.064238e+00	1.328464e-01	-1.131536e+00	-5.467075e-01	
1  343.533	6.838037e+01	2.057770e+00	1.282053e-01	-1.129342e+00	-5.094276e-01	
1  344.97	6.913066e+01	2.108873e+00	1.295748e-01	-1.066908e+00	-4.424924e-01	
2  343.321	6.895238e+01	2.091425e+00	1.273423e-01	-1.097102e+00	-4.904417e-01	
1  343.64	6.904404e+01	2.025982e+00	1.293203e-01	-1.183694e+00	-5.438859e-01	
5  344.247	6.980497e+01	2.012311e+00	1.314454e-01	-1.177443e+00	-5.463724e-01	
2  343.488	6.909524e+01	2.041004e+00	1.346583e-01	-1.112581e+00	-5.600852e-01	
2  343.434	6.842457e+01	2.081607e+00	1.327480e-01	-1.090806e+00	-6.452110e-01	
1  346.579	6.991154e+01	2.121075e+00	1.324812e-01	-1.098881e+00	-5.481604e-01	
2  345.154	6.985515e+01	2.132870e+00	1.321672e-01	-1.128649e+00	-5.576539e-01	
5  344.407	6.942618e+01	2.115343e+00	1.364469e-01	-1.131631e+00	-6.020122e-01	
5  344.556	6.909151e+01	2.149952e+00	1.365211e-01	-1.090115e+00	-4.855804e-01	
3  344.884	6.933870e+01	2.162798e+00	1.365536e-01	-1.108579e+00	-4.717360e-01	
1  346.87	6.775661e+01	2.126959e+00	1.328300e-01	-1.139039e+00	-3.607166e-01	
3  348.89	6.762605e+01	2.170442e+00	1.325393e-01	-1.140669e+00	-3.925517e-01	
1  350.109	6.704247e+01	2.125211e+00	1.319365e-01	-1.111394e+00	-3.508895e-01	
6  344.978	6.761401e+01	2.103149e+00	1.334167e-01	-1.071026e+00	-3.554760e-01	
1  347.566	6.703696e+01	2.083426e+00	1.365172e-01	-1.059777e+00	-2.961139e-01	
2  346.972	6.911021e+01	2.080574e+00	1.375216e-01	-1.054909e+00	-3.638550e-01	
3  344.216	6.798684e+01	2.083675e+00	1.346797e-01	-1.040492e+00	-4.273476e-01	
1  344.159	6.886575e+01	2.092940e+00	1.332224e-01	-1.089456e+00	-3.402973e-01	
3  345.151	6.788883e+01	2.122303e+00	1.321518e-01	-9.900846e-01	-4.402071e-01	
1  347.322	6.709772e+01	2.151472e+00	1.359343e-01	-9.428692e-01	-4.442108e-01	
2  346.532	6.736040e+01	2.123871e+00	1.348940e-01	-9.491336e-01	-4.731514e-01	
1  346.694	6.819045e+01	2.135339e+00	1.360094e-01	-9.786354e-01	-4.326583e-01	
7  345.197	6.833162e+01	2.088270e+00	1.320496e-01	-1.021215e+00	-3.881520e-01	
1  343.026	6.862770e+01	2.072678e+00	1.297404e-01	-1.112537e+00	-4.602232e-01	
2  343.633	6.896517e+01	2.082131e+00	1.288373e-01	-1.095512e+00	-4.330651e-01	
4  343.236	6.857189e+01	2.059315e+00	1.311179e-01	-1.081932e+00	-4.872773e-01	
8  344.342	6.832423e+01	2.072243e+00	1.315242e-01	-1.040528e+00	-4.035648e-01	
3  344.932	6.930051e+01	2.045667e+00	1.267767e-01	-1.115963e+00	-3.435169e-01	
7  344.505	6.767795e+01	2.073554e+00	1.265460e-01	-1.091770e+00	-2.748529e-01	
3  344.78	6.777152e+01	2.096780e+00	1.266272e-01	-1.126146e+00	-2.116315e-01	
1  344.891	6.843104e+01	2.091423e+00	1.242414e-01	-1.212376e+00	-1.573335e-01	
1  345.68	6.983550e+01	2.065629e+00	1.291689e-01	-1.168949e+00	-1.887953e-01	
1  343.799	6.889499e+01	2.032845e+00	1.308832e-01	-1.131514e+00	-2.203197e-01	
1  343.986	6.917634e+01	2.047800e+00	1.284113e-01	-1.144643e+00	-2.318590e-01	
3  343.835	6.953343e+01	2.081286e+00	1.274833e-01	-1.188946e+00	-1.944750e-01	
1  344.729	6.857382e+01	2.112546e+00	1.265204e-01	-1.217688e+00	-1.514941e-01	
2  343.665	6.901792e+01	2.166680e+00	1.314383e-01	-1.153560e+00	-1.688068e-01	
4  343.55	6.942667e+01	2.147717e+00	1.280466e-01	-1.203342e+00	-1.567799e-01	
4  343.194	6.895820e+01	2.175408e+00	1.268094e-01	-1.158061e+00	-2.245740e-01	
1  345.513	6.914211e+01	2.219271e+00	1.254104e-01	-1.070041e+00	-2.286401e-01	
1  344.34	6.918095e+01	2.233931e+00	1.280678e-01	-1.107139e+00	-2.015495e-01	
1  343.659	6.876986e+01	2.201330e+00	1.307560e-01	-1.130700e+00	-2.408362e-01	
4  343.64	6.904094e+01	2.173924e+00	1.307990e-01	-1.171833e+00	-2.020464e-01	
1  343.502	6.889150e+01	2.152249e+00	1.285862e-01	-1.182767e+00	-2.000938e-01	
1  344.41	6.989183e+01	2.133112e+00	1.275350e-01	-1.196839e+00	-2.562525e-01	
3  343.768	6.944727e+01	2.127429e+00	1.287637e-01	-1.169799e+00	-2.105231e-01	
2  344.15	6.933008e+01	2.137663e+00	1.341868e-01	-1.175530e+00	-1.484433e-01	
4  344.456	6.871574e+01	2.156754e+00	1.366857e-01	-1.139416e+00	-1.956846e-01	
3  344.934	6.884213e+01	2.173715e+00	1.356976e-01	-1.090954e+00	-2.310164e-01	
1  345.118	6.911842e+01	2.144493e+00	1.401892e-01	-1.144246e+00	-3.059626e-01	
6  345.625	6.899959e+01	2.166151e+00	1.399234e-01	-1.162796e+00	-3.629269e-01	
1  346.128	6.954411e+01	2.159067e+00	1.417072e-01	-1.168735e+00	-3.439887e-01	
1  347.117	6.859729e+01	2.166231e+00	1.400563e-01	-1.176605e+00	-3.643317e-01	
2  346.326	6.938504e+01	2.148974e+00	1.382593e-01	-1.225223e+00	-3.905804e-01	
5  345.252	6.895193e+01	2.135279e+00	1.393334e-01	-1.157665e+00	-4.643402e-01	
2  345.53	6.873665e+01	2.138436e+00	1.394622e-01	-1.153570e+00	-4.420008e-01	
6  345.809	6.885733e+01	2.152799e+00	1.425090e-01	-1.114847e+00	-4.730874e-01	
1  345.382	6.873998e+01	2.154929e+00	1.411811e-01	-1.101770e+00	-4.171294e-01	
6  345.961	6.782776e+01	2.147616e+00	1.383882e-01	-1.087319e+00	-3.366509e-01	
2  345.05	6.852321e+01	2.160566e+00	1.388266e-01	-1.075292e+00	-3.441572e-01	
3  344.522	6.879693e+01	2.138270e+00	1.378267e-01	-1.102910e+00	-3.325477e-01	
2  344.07	6.876823e+01	2.109647e+00	1.367585e-01	-1.106853e+00	-3.416141e-01	
1  344.286	6.843392e+01	2.109758e+00	1.365568e-01	-1.076371e+00	-3.358324e-01	
3  344.357	6.833593e+01	2.118941e+00	1.363644e-01	-1.126075e+00	-2.731597e-01	
1  345.437	6.771968e+01	2.095315e+00	1.366722e-01	-1.099760e+00	-2.558666e-01	
1  347.353	6.747138e+01	2.068753e+00	1.337670e-01	-1.142591e+00	-2.542795e-01	
1  344.483	6.788830e+01	2.100581e+00	1.345713e-01	-1.082979e+00	-2.698031e-01	
1  344.068	6.814789e+01	2.129866e+00	1.337864e-01	-1.078065e+00	-3.092788e-01	
4  345.003	6.895496e+01	2.138388e+00	1.360861e-01	-1.090666e+00	-2.718405e-01	
5  345.349	6.956128e+01	2.174941e+00	1.375109e-01	-1.159816e+00	-2.710445e-01	
1  345.759	6.867096e+01	2.191554e+00	1.376152e-01	-1.171364e+00	-2.113503e-01	
1  345.318	6.956558e+01	2.161707e+00	1.371171e-01	-1.220756e+00	-2.417482e-01	
1  345.011	6.880285e+01	2.163894e+00	1.380583e-01	-1.120935e+00	-1.642211e-01	
7  344.605	6.919253e+01	2.149428e+00	1.335155e-01	-1.223958e+00	-1.809996e-01	
5  344.193	6.919808e+01	2.147531e+00	1.320904e-01	-1.212498e+00	-2.282121e-01	
3  344.767	6.975542e+01	2.123025e+00	1.359498e-01	-1.222207e+00	-1.789429e-01	
1  345.551	6.898842e+01	2.110042e+00	1.376938e-01	-1.233716e+00	-1.863950e-01	
2  345.413	6.860818e+01	2.103622e+00	1.408538e-01	-1.109044e+00	-1.424449e-01	
4  346.318	6.805936e+01	2.140088e+00	1.391730e-01	-1.040501e+00	-1.854328e-01	
1  346.337	6.773910e+01	2.149631e+00	1.369684e-01	-1.110888e+00	-2.141630e-01	
4  347.778	6.714664e+01	2.169321e+00	1.349179e-01	-1.065614e+00	-1.975507e-01	
4  344.461	6.802011e+01	2.137260e+00	1.325697e-01	-1.113258e+00	-2.614677e-01	
1  344.735	6.951182e+01	2.143260e+00	1.296522e-01	-1.115970e+00	-3.669724e-01	
1  345.189	6.989080e+01	2.147491e+00	1.284294e-01	-1.146795e+00	-3.718286e-01	
6  344.443	6.982652e+01	2.134807e+00	1.315309e-01	-1.196519e+00	-4.141716e-01	
1  345.26	7.009365e+01	2.124012e+00	1.312697e-01	-1.181026e+00	-4.084054e-01	
1  345.419	6.897988e+01	2.083643e+00	1.296449e-01	-1.221887e+00	-4.832429e-01	
2  345.191	6.833397e+01	2.077255e+00	1.258469e-01	-1.162243e+00	-5.458563e-01	
1  345.382	6.964343e+01	2.087478e+00	1.249630e-01	-1.098490e+00	-5.688033e-01	
2  346.612	6.952620e+01	2.091378e+00	1.268727e-01	-1.060710e+00	-5.547094e-01	
2  346.569	6.979031e+01	2.082635e+00	1.303798e-01	-1.100246e+00	-4.749741e-01	
3  343.904	6.955999e+01	2.087042e+00	1.259316e-01	-1.137953e+00	-5.723944e-01	
1  343.259	6.899034e+01	2.159947e+00	1.288624e-01	-1.101092e+00	-6.138247e-01	
1  343.229	6.907327e+01	2.170889e+00	1.262964e-01	-1.089405e+00	-7.029756e-01	
3  343.234	6.904120e+01	2.211794e+00	1.252291e-01	-1.073683e+00	-6.766402e-01	
8  343.397	6.807378e+01	2.214611e+00	1.253295e-01	-9.963147e-01	-6.521035e-01	
7  344.582	6.828918e+01	2.262583e+00	1.234480e-01	-1.084519e+00	-6.655330e-01	
2  344.251	6.825878e+01	2.285731e+00	1.229879e-01	-1.052437e+00	-7.612585e-01	
1  343.551	6.910282e+01	2.285358e+00	1.222209e-01	-1.069973e+00	-7.970347e-01	
3  343.59	6.899869e+01	2.289687e+00	1.236148e-01	-1.030151e+00	-6.787228e-01	
1  344.528	6.929500e+01	2.284214e+00	1.235806e-01	-1.033029e+00	-6.387374e-01	
2  344.163	6.949978e+01	2.278159e+00	1.239266e-01	-1.133787e+00	-6.234950e-01	
1  344.71	6.936526e+01	2.234940e+00	1.254651e-01	-1.039926e+00	-6.689114e-01	
4  343.149	6.876138e+01	2.205237e+00	1.257768e-01	-1.037117e+00	-7.291192e-01	
2  343.73	6.800184e+01	2.214593e+00	1.263937e-01	-1.025126e+00	-7.234257e-01	
2  345.435	6.728577e+01	2.232500e+00	1.285446e-01	-9.745297e-01	-6.814091e-01	
2  345.667	6.705063e+01	2.203092e+00	1.282058e-01	-9.420350e-01	-6.979349e-01	
2  347.018	6.685808e+01	2.213827e+00	1.291877e-01	-8.888032e-01	-6.360628e-01	
6  347.357	6.726219e+01	2.223845e+00	1.274458e-01	-8.772078e-01	-6.072358e-01	
2  346.598	6.751342e+01	2.208623e+00	1.263028e-01	-8.942326e-01	-6.293011e-01	
1  344.321	6.749055e+01	2.188949e+00	1.264382e-01	-9.741992e-01	-6.351892e-01	
1  344.8	6.858717e+01	2.142065e+00	1.259308e-01	-9.846934e-01	-6.759551e-01	
2  343.832	6.879202e+01	2.174783e+00	1.265700e-01	-1.025673e+00	-6.247156e-01	
5  344.297	6.853672e+01	2.146496e+00	1.253553e-01	-9.987821e-01	-6.320051e-01	
1  343.423	6.820003e+01	2.118220e+00	1.204793e-01	-1.052924e+00	-6.309792e-01	
2  346.69	6.943811e+01	2.082302e+00	1.193491e-01	-1.062259e+00	-6.133685e-01	
3  347.064	6.859322e+01	2.065555e+00	1.231984e-01	-9.802246e-01	-6.230815e-01	
4  346.757	6.927672e+01	2.057725e+00	1.209581e-01	-1.031934e+00	-7.231763e-01	
1  346.397	6.919260e+01	2.065576e+00	1.191958e-01	-1.053233e+00	-5.999512e-01	
7  343.599	6.845099e+01	2.052077e+00	1.213769e-01	-1.061933e+00	-6.689582e-01	
1  343.724	6.842140e+01	2.063156e+00	1.231064e-01	-1.041393e+00	-6.184958e-01	
4  343.849	6.806126e+01	2.084472e+00	1.219183e-01	-1.075274e+00	-6.435320e-01	
1  343.915	6.938717e+01	2.100723e+00	1.215018e-01	-1.116543e+00	-6.464988e-01	
3  344.289	6.909628e+01	2.081401e+00	1.189517e-01	-1.151926e+00	-6.762473e-01	
12  344.142	6.933043e+01	2.061727e+00	1.217256e-01	-1.167094e+00	-6.686780e-01	
2  344.199	6.941900e+01	2.042617e+00	1.217273e-01	-1.136480e+00	-6.446726e-01	
1  343.915	6.894887e+01	2.041895e+00	1.221728e-01	-1.075299e+00	-7.029664e-01	
2  344.188	6.814019e+01	2.061688e+00	1.221160e-01	-1.095761e+00	-6.766172e-01	
1  345.272	6.961424e+01	2.092431e+00	1.234116e-01	-1.076432e+00	-7.407761e-01	
3  344.932	6.906355e+01	2.043892e+00	1.205873e-01	-1.168732e+00	-7.583700e-01	
2  344.947	6.909278e+01	2.032929e+00	1.189506e-01	-1.172507e+00	-6.871665e-01	
3  344.147	6.909291e+01	2.027820e+00	1.201127e-01	-1.117718e+00	-6.966833e-01	
4  344.749	6.930440e+01	2.025352e+00	1.189286e-01	-1.115820e+00	-7.691211e-01	
1  345.169	6.904620e+01	2.048751e+00	1.148955e-01	-1.124167e+00	-7.311239e-01	
1  345.682	6.761590e+01	2.066553e+00	1.167066e-01	-1.040509e+00	-7.891665e-01	
5  343.774	6.797732e+01	2.056824e+00	1.222852e-01	-1.042032e+00	-7.650210e-01	
2  343.474	6.875256e+01	2.075162e+00	1.247126e-01	-1.024282e+00	-8.716578e-01	
2  343.5	6.848581e+01	2.063766e+00	1.245304e-01	-1.074504e+00	-8.998071e-01	
6  343.493	6.908174e+01	2.082051e+00	1.290326e-01	-1.110925e+00	-8.506451e-01	
3  343.129	6.876693e+01	2.045533e+00	1.297923e-01	-1.088323e+00	-8.507527e-01	
3  343.948	6.903789e+01	2.044234e+00	1.279578e-01	-1.139688e+00	-8.512343e-01	
3  345.211	6.864206e+01	2.079038e+00	1.286286e-01	-1.137414e+00	-8.630565e-01	
3  344.046	6.926209e+01	2.073637e+00	1.280203e-01	-1.055650e+00	-8.276983e-01	
4  343.902	6.939249e+01	2.101637e+00	1.302365e-01	-1.113980e+00	-8.830383e-01	
1  344.2	6.963742e+01	2.078155e+00	1.278926e-01	-1.125003e+00	-9.078728e-01	
2  344.001	6.948814e+01	2.069987e+00	1.293962e-01	-1.083457e+00	-9.900418e-01	
1  343.64	6.920869e+01	2.039220e+00	1.319702e-01	-1.087137e+00	-1.033396e+00	
1  343.317	6.877326e+01	2.067628e+00	1.305472e-01	-1.065426e+00	-9.939431e-01	
2  343.748	6.913951e+01	2.019704e+00	1.260443e-01	-1.080377e+00	-1.100799e+00	
1  345.865	6.992093e+01	2.022318e+00	1.278423e-01	-1.078696e+00	-1.013857e+00	
1  345.966	7.006088e+01	2.000771e+00	1.281088e-01	-1.198432e+00	-9.956373e-01	
5  344.028	6.950953e+01	2.054342e+00	1.283741e-01	-1.088216e+00	-9.604391e-01	
1  344.32	6.957750e+01	2.058336e+00	1.330342e-01	-1.090836e+00	-8.987051e-01	
5  343.148	6.851703e+01	2.080293e+00	1.310660e-01	-1.022270e+00	-8.540037e-01	
2  344.275	6.901633e+01	2.098260e+00	1.327609e-01	-1.017466e+00	-8.614316e-01	
11  344.208	6.766699e+01	2.101629e+00	1.307912e-01	-1.003753e+00	-8.728179e-01	
1  344.342	6.738099e+01	2.030299e+00	1.300649e-01	-9.750553e-01	-8.900676e-01	
5  344.467	6.784760e+01	2.076343e+00	1.266738e-01	-9.469507e-01	-8.027310e-01	
3  343.672	6.840050e+01	2.104457e+00	1.286698e-01	-9.895197e-01	-7.965943e-01	
3  343.535	6.819171e+01	2.095120e+00	1.286886e-01	-1.059977e+00	-8.005170e-01	
1  343.323	6.881949e+01	2.060104e+00	1.305037e-01	-1.045090e+00	-7.915068e-01	
1  344.753	6.770171e+01	2.058163e+00	1.266693e-01	-1.067147e+00	-7.091036e-01	
2  343.546	6.858498e+01	2.078052e+00	1.200636e-01	-1.081581e+00	-7.231428e-01	
2  343.248	6.882777e+01	2.067140e+00	1.235853e-01	-1.101230e+00	-7.256287e-01	
4  343.928	6.932591e+01	2.069400e+00	1.266215e-01	-1.091148e+00	-6.757362e-01	
4  343.021	6.844475e+01	2.085181e+00	1.260121e-01	-1.044494e+00	-7.333423e-01	
2  342.976	6.852439e+01	2.087089e+00	1.257355e-01	-1.062894e+00	-7.376179e-01	
2  343.141	6.888401e+01	2.087116e+00	1.243947e-01	-1.077748e+00	-7.427871e-01	
5  343.072	6.855916e+01	2.093298e+00	1.273208e-01	-1.077563e+00	-7.585067e-01	
2  343.322	6.882842e+01	2.112542e+00	1.279220e-01	-1.110143e+00	-7.175328e-01	
1  344.577	6.780726e+01	2.109802e+00	1.273609e-01	-1.058514e+00	-7.479131e-01	
4  343.056	6.842405e+01	2.104208e+00	1.289855e-01	-1.063917e+00	-6.952855e-01	
2  343.341	6.821964e+01	2.125681e+00	1.309064e-01	-1.028102e+00	-6.892969e-01	
1  343.287	6.811285e+01	2.118932e+00	1.275455e-01	-1.055093e+00	-5.559974e-01	
1  343.265	6.844163e+01	2.124065e+00	1.292860e-01	-1.036046e+00	-6.291535e-01	
3  344.742	6.747202e+01	2.102248e+00	1.273101e-01	-1.036717e+00	-6.031395e-01	
1  343.843	6.843982e+01	2.082339e+00	1.211302e-01	-1.122852e+00	-5.643357e-01	
2  344.15	6.884821e+01	2.105196e+00	1.175945e-01	-1.141811e+00	-5.914886e-01	
5  343.542	6.863620e+01	2.120699e+00	1.189874e-01	-1.084691e+00	-5.067837e-01	
1  343.997	6.817784e+01	2.150239e+00	1.166127e-01	-1.087411e+00	-4.953474e-01	
2  344.086	6.861062e+01	2.175980e+00	1.143796e-01	-1.117661e+00	-5.275861e-01	
12  343.403	6.844360e+01	2.181110e+00	1.170648e-01	-1.079741e+00	-5.316030e-01	
1  343.7	6.827614e+01	2.161996e+00	1.164597e-01	-1.066055e+00	-5.068444e-01	
3  343.53	6.862982e+01	2.158550e+00	1.199415e-01	-1.060170e+00	-4.909660e-01	
1  343.194	6.844930e+01	2.163982e+00	1.237726e-01	-1.075470e+00	-3.830787e-01	
3  343.898	6.901827e+01	2.177468e+00	1.186719e-01	-1.090100e+00	-4.014386e-01	
9  343.863	6.827175e+01	2.160621e+00	1.160493e-01	-1.077468e+00	-4.139256e-01	
1  344.394	6.911146e+01	2.155224e+00	1.210758e-01	-1.080321e+00	-4.168956e-01	
2  343.937	6.858489e+01	2.176614e+00	1.213543e-01	-1.051528e+00	-3.812394e-01	
13  343.458	6.860611e+01	2.149266e+00	1.183798e-01	-1.124317e+00	-3.410021e-01	
11  343.96	6.929044e+01	2.152088e+00	1.166926e-01	-1.181227e+00	-2.943744e-01	
2  343.943	6.967398e+01	2.152234e+00	1.215395e-01	-1.192404e+00	-2.936542e-01	
3  344.396	6.949029e+01	2.136781e+00	1.193525e-01	-1.154502e+00	-2.811561e-01	
1  343.787	6.935849e+01	2.089093e+00	1.217787e-01	-1.187624e+00	-2.194826e-01	
3  343.804	6.953303e+01	2.102902e+00	1.230231e-01	-1.221335e+00	-2.523095e-01	
5  343.484	6.936096e+01	2.115093e+00	1.239032e-01	-1.181633e+00	-2.370585e-01	
2  343.862	6.948888e+01	2.103022e+00	1.242431e-01	-1.236665e+00	-2.258946e-01	
3  344.08	6.982928e+01	2.135606e+00	1.248460e-01	-1.220577e+00	-2.447981e-01	
1  343.526	6.850530e+01	2.174210e+00	1.186861e-01	-1.139450e+00	-2.711142e-01	
1  343.769	6.855504e+01	2.207778e+00	1.169354e-01	-1.084992e+00	-2.453073e-01	
3  345.317	6.801536e+01	2.181910e+00	1.135855e-01	-1.042512e+00	-2.555283e-01	
4  344.396	6.814778e+01	2.175685e+00	1.137995e-01	-1.087153e+00	-2.937317e-01	
2  344.463	6.767595e+01	2.153980e+00	1.188149e-01	-1.053131e+00	-3.824504e-01	
1  344.231	6.869266e+01	2.172757e+00	1.224694e-01	-1.038852e+00	-4.441210e-01	
1  344.226	6.908642e+01	2.161587e+00	1.211302e-01	-1.078911e+00	-4.266719e-01	
1  343.285	6.834952e+01	2.168442e+00	1.204340e-01	-1.088686e+00	-4.993048e-01	
3  344.325	6.774861e+01	2.199855e+00	1.195180e-01	-1.052652e+00	-5.505132e-01	
2  343.163	6.843193e+01	2.173056e+00	1.195696e-01	-1.047860e+00	-6.198583e-01	
2  344.112	6.818215e+01	2.162271e+00	1.227172e-01	-9.866169e-01	-6.078117e-01	
3  343.242	6.832597e+01	2.204368e+00	1.231434e-01	-1.016543e+00	-5.997613e-01	
3  343.666	6.788565e+01	2.180732e+00	1.244379e-01	-1.037229e+00	-6.117123e-01	
1  344.166	6.779827e+01	2.158040e+00	1.264536e-01	-1.056759e+00	-5.615612e-01	
3  343.47	6.818105e+01	2.163137e+00	1.234135e-01	-1.078403e+00	-5.633347e-01	
8  343.553	6.939469e+01	2.190180e+00	1.247733e-01	-1.112659e+00	-6.063273e-01	
1  343.823	6.911095e+01	2.199194e+00	1.235567e-01	-1.149101e+00	-5.830485e-01	
1  343.425	6.924350e+01	2.229390e+00	1.197909e-01	-1.141938e+00	-4.921850e-01	
1  343.978	6.969465e+01	2.242345e+00	1.213468e-01	-1.149216e+00	-4.941950e-01	
1  344.392	6.974437e+01	2.240768e+00	1.235255e-01	-1.128742e+00	-4.386847e-01	
4  343.688	6.875351e+01	2.211641e+00	1.229468e-01	-1.143585e+00	-4.522854e-01	
2  343.926	6.912770e+01	2.171191e+00	1.214638e-01	-1.081552e+00	-4.679672e-01	
1  344.526	6.937502e+01	2.141710e+00	1.210282e-01	-1.106298e+00	-4.216415e-01	
4  343.368	6.860485e+01	2.165909e+00	1.244790e-01	-1.136588e+00	-3.993402e-01	
1  343.129	6.897266e+01	2.165485e+00	1.258491e-01	-1.114859e+00	-3.889441e-01	
2  343.573	6.822263e+01	2.125472e+00	1.243702e-01	-1.059101e+00	-3.775774e-01	
1  345.491	6.781008e+01	2.171419e+00	1.233142e-01	-1.114825e+00	-4.227351e-01	
4  343.267	6.881649e+01	2.166016e+00	1.228639e-01	-1.070103e+00	-5.145467e-01	
1  344.446	6.900507e+01	2.136233e+00	1.234126e-01	-1.057582e+00	-4.945850e-01	
2  344.236	6.763329e+01	2.143537e+00	1.254386e-01	-9.961730e-01	-5.131317e-01	
1  344.649	6.757125e+01	2.166042e+00	1.254543e-01	-9.549807e-01	-5.988251e-01	
4  344.794	6.813434e+01	2.207841e+00	1.242077e-01	-9.637445e-01	-5.649528e-01	
4  346.679	6.826573e+01	2.219945e+00	1.238714e-01	-9.384138e-01	-5.510299e-01	
1  346.252	6.791237e+01	2.236622e+00	1.261043e-01	-8.921678e-01	-7.378629e-01	
1  346.683	6.882137e+01	2.223764e+00	1.259921e-01	-9.506256e-01	-7.010566e-01	
4  343.083	6.880458e+01	2.228916e+00	1.202510e-01	-1.041705e+00	-7.031578e-01	
2  344.274	6.888439e+01	2.225828e+00	1.204844e-01	-1.002611e+00	-6.934191e-01	
7  343.12	6.845979e+01	2.247949e+00	1.170921e-01	-1.031390e+00	-6.174595e-01	
2  343.955	6.895615e+01	2.217754e+00	1.196020e-01	-1.045937e+00	-5.300652e-01	
6  343.122	6.873975e+01	2.236508e+00	1.185144e-01	-1.051917e+00	-5.862817e-01	
4  343.085	6.892886e+01	2.279153e+00	1.178164e-01	-1.068281e+00	-6.480514e-01	
1  344.089	6.778961e+01	2.314498e+00	1.175796e-01	-1.017283e+00	-6.533359e-01	
2  345.627	6.764023e+01	2.336310e+00	1.225325e-01	-9.075161e-01	-5.566351e-01	
2  344.354	6.798777e+01	2.340703e+00	1.222343e-01	-9.364086e-01	-6.276154e-01	
1  344.098	6.795281e+01	2.329595e+00	1.226308e-01	-1.028495e+00	-5.871755e-01	
1  343.373	6.803724e+01	2.297568e+00	1.197251e-01	-9.713649e-01	-6.720728e-01	
5  344.469	6.806303e+01	2.309681e+00	1.201050e-01	-9.391999e-01	-6.207443e-01	
1  345.134	6.733329e+01	2.322195e+00	1.238388e-01	-9.734185e-01	-5.535699e-01	
12  343.783	6.793737e+01	2.339259e+00	1.230115e-01	-9.885644e-01	-5.387210e-01	
1  343.901	6.903881e+01	2.327569e+00	1.248038e-01	-1.036806e+00	-5.963587e-01	
1  345.529	7.009253e+01	2.326673e+00	1.245272e-01	-1.137786e+00	-5.643060e-01	
4  345.279	7.003865e+01	2.352562e+00	1.226781e-01	-1.131804e+00	-5.080930e-01	
4  343.892	6.939328e+01	2.335786e+00	1.219665e-01	-1.120574e+00	-5.423234e-01	
10  343.471	6.925309e+01	2.313499e+00	1.218142e-01	-1.091410e+00	-4.876201e-01	
10  343.326	6.917633e+01	2.335392e+00	1.208495e-01	-1.103012e+00	-4.336872e-01	
5  343.062	6.866472e+01	2.367057e+00	1.193680e-01	-1.053691e+00	-4.933137e-01	
10  343.276	6.876441e+01	2.365846e+00	1.215966e-01	-1.051618e+00	-5.072941e-01	
1  343.299	6.891352e+01	2.359373e+00	1.183129e-01	-1.094424e+00	-5.140918e-01	
6  344.097	6.954302e+01	2.395219e+00	1.177559e-01	-1.125959e+00	-5.372739e-01	
3  345.412	6.861013e+01	2.395013e+00	1.168646e-01	-1.107309e+00	-6.354794e-01	
2  345.735	6.827476e+01	2.448634e+00	1.176188e-01	-1.071089e+00	-6.356158e-01	
1  343.945	6.836269e+01	2.500808e+00	1.187509e-01	-9.947100e-01	-6.945215e-01	
3  344.269	6.820206e+01	2.531235e+00	1.196733e-01	-9.809056e-01	-5.989988e-01	
1  345.923	6.798900e+01	2.585157e+00	1.223287e-01	-9.636600e-01	-6.249135e-01	
2  345.852	6.905426e+01	2.590588e+00	1.201214e-01	-9.602993e-01	-6.098456e-01	
1  345.943	6.857329e+01	2.611683e+00	1.197542e-01	-9.115788e-01	-6.481055e-01	
6  345.996	6.805943e+01	2.656262e+00	1.186812e-01	-9.598452e-01	-6.942336e-01	
1  345.162	6.826721e+01	2.679133e+00	1.171154e-01	-9.016052e-01	-7.313064e-01	
3  346.201	6.839273e+01	2.673119e+00	1.188233e-01	-8.783547e-01	-7.540870e-01	
4  348.153	6.757849e+01	2.669097e+00	1.223984e-01	-9.127776e-01	-7.680533e-01	
10  346.08	6.817310e+01	2.644360e+00	1.200593e-01	-8.735484e-01	-7.632015e-01	
4  346.689	6.820789e+01	2.649498e+00	1.179470e-01	-8.521548e-01	-7.276186e-01	
1  346.703	6.757170e+01	2.655968e+00	1.185479e-01	-9.175284e-01	-7.644264e-01	
2  345.237	6.842588e+01	2.642211e+00	1.195158e-01	-9.425088e-01	-7.138243e-01	
5  345.43	6.844574e+01	2.614874e+00	1.198891e-01	-9.077586e-01	-7.442822e-01	
4  344.607	6.799583e+01	2.610996e+00	1.173647e-01	-9.182223e-01	-7.570554e-01	
2  344.667	6.827941e+01	2.627104e+00	1.167996e-01	-9.474210e-01	-7.936264e-01	
2  346.109	6.935676e+01	2.661716e+00	1.141102e-01	-9.452523e-01	-7.180523e-01	
3  344.459	6.872925e+01	2.681869e+00	1.122218e-01	-9.240959e-01	-6.978382e-01	
3  344.952	6.899233e+01	2.632414e+00	1.168273e-01	-9.668823e-01	-6.134355e-01	
3  344.431	6.884261e+01	2.634758e+00	1.159263e-01	-9.821900e-01	-7.218655e-01	
1  344.364	6.928040e+01	2.607314e+00	1.142576e-01	-1.008460e+00	-7.084634e-01	
1  345.402	6.894603e+01	2.586540e+00	1.177026e-01	-9.399826e-01	-6.766344e-01	
5  345.484	6.820751e+01	2.554691e+00	1.179044e-01	-1.033551e+00	-5.712024e-01	
1  343.499	6.812294e+01	2.538941e+00	1.143086e-01	-9.771775e-01	-5.971526e-01	
1  344.99	6.957122e+01	2.565289e+00	1.135649e-01	-1.018131e+00	-5.821736e-01	
2  343.465	6.902732e+01	2.557947e+00	1.127767e-01	-1.015030e+00	-5.774136e-01	
2  343.042	6.850169e+01	2.554957e+00	1.111308e-01	-9.913900e-01	-5.878255e-01	
2  343.156	6.894737e+01	2.541100e+00	1.113618e-01	-1.033122e+00	-5.357804e-01	
1  343.254	6.848226e+01	2.555154e+00	1.107584e-01	-1.031878e+00	-4.959759e-01	
1  344.332	6.808565e+01	2.596114e+00	1.114396e-01	-1.028666e+00	-4.378272e-01	
2  344.616	6.925841e+01	2.609674e+00	1.146426e-01	-1.021157e+00	-3.829602e-01	
8  343.806	6.923488e+01	2.655387e+00	1.116589e-01	-1.066276e+00	-2.883656e-01	
2  346.29	6.839644e+01	2.633279e+00	1.134829e-01	-1.097995e+00	-3.076236e-01	
1  345.643	6.838464e+01	2.626868e+00	1.121596e-01	-1.073655e+00	-4.277842e-01	
4  344.971	6.868318e+01	2.623813e+00	1.118268e-01	-1.096464e+00	-3.525308e-01	
2  344.621	6.798490e+01	2.675692e+00	1.139464e-01	-9.942429e-01	-2.441536e-01	
2  347.351	6.732939e+01	2.629716e+00	1.139181e-01	-1.009809e+00	-3.020530e-01	
2  344.052	6.793696e+01	2.601758e+00	1.131262e-01	-1.002871e+00	-3.121619e-01	
4  344.16	6.853702e+01	2.629236e+00	1.146564e-01	-9.883163e-01	-3.136553e-01	
5  343.793	6.919690e+01	2.644476e+00	1.116228e-01	-1.040709e+00	-3.878500e-01	
1  343.581	6.894274e+01	2.626785e+00	1.125153e-01	-1.039804e+00	-4.236539e-01	
1  344.594	6.939138e+01	2.618964e+00	1.152229e-01	-1.068937e+00	-4.843512e-01	
2  345.013	6.948792e+01	2.628704e+00	1.139654e-01	-1.101458e+00	-4.640518e-01	
1  344.745	6.803809e+01	2.630617e+00	1.118271e-01	-1.024955e+00	-4.194835e-01	
2  344.301	6.785598e+01	2.626002e+00	1.074983e-01	-1.015609e+00	-3.768319e-01	
5  342.974	6.864793e+01	2.611377e+00	1.063683e-01	-1.009581e+00	-4.160357e-01	
3  342.993	6.869320e+01	2.598151e+00	1.075417e-01	-1.002140e+00	-5.096520e-01	
3  342.993	6.851178e+01	2.586633e+00	1.078285e-01	-1.008317e+00	-5.368847e-01	
1  343.331	6.835532e+01	2.559143e+00	1.078663e-01	-1.022501e+00	-5.453543e-01	
8  342.993	6.843683e+01	2.546943e+00	1.094959e-01	-9.867979e-01	-5.432870e-01	
3  343.419	6.794721e+01	2.546324e+00	1.102581e-01	-9.344453e-01	-6.119520e-01	
3  344.458	6.921604e+01	2.531179e+00	1.086098e-01	-9.771265e-01	-7.073936e-01	
3  344.733	6.914030e+01	2.504505e+00	1.080401e-01	-9.752318e-01	-6.606756e-01	
2  344.203	6.876133e+01	2.513979e+00	1.069865e-01	-9.547705e-01	-6.545144e-01	
1  343.772	6.868574e+01	2.515158e+00	1.045248e-01	-9.637419e-01	-6.996407e-01	
5  343.767	6.767560e+01	2.518266e+00	1.076296e-01	-9.439174e-01	-7.013665e-01	
3  343.804	6.799592e+01	2.528588e+00	1.061783e-01	-9.097633e-01	-7.047617e-01	
3  344.011	6.775291e+01	2.538186e+00	1.062314e-01	-9.612385e-01	-7.251855e-01	
6  343.63	6.913492e+01	2.550220e+00	1.035573e-01	-1.042280e+00	-6.353049e-01	
3  343.79	6.889408e+01	2.554005e+00	1.002271e-01	-1.022843e+00	-6.203050e-01	
5  344.509	6.954273e+01	2.514643e+00	1.049266e-01	-1.038034e+00	-7.378284e-01	
2  343.987	6.792123e+01	2.507108e+00	1.044563e-01	-9.893878e-01	-6.572687e-01	
1  343.457	6.814001e+01	2.508505e+00	1.059303e-01	-9.920019e-01	-6.697956e-01	
5  343.171	6.831311e+01	2.551898e+00	1.060226e-01	-9.981698e-01	-6.181093e-01	
1  343.244	6.815672e+01	2.526793e+00	1.062440e-01	-9.705916e-01	-5.449283e-01	
1  344.82	6.728325e+01	2.510461e+00	1.092467e-01	-9.460686e-01	-5.832824e-01	
6  344.064	6.796795e+01	2.526715e+00	1.037149e-01	-9.329890e-01	-5.717175e-01	
1  344.869	6.757402e+01	2.531093e+00	1.033271e-01	-8.902615e-01	-6.240588e-01	
2  345.069	6.740921e+01	2.564713e+00	1.062383e-01	-9.619092e-01	-6.255828e-01	
14  343.302	6.799211e+01	2.560618e+00	1.051602e-01	-9.543062e-01	-5.982433e-01	
2  344.251	6.739685e+01	2.595060e+00	1.056842e-01	-9.162508e-01	-6.441546e-01	
4  344.575	6.778434e+01	2.600831e+00	9.966429e-02	-9.874637e-01	-5.784761e-01	
5  344.637	6.785327e+01	2.602987e+00	1.003137e-01	-9.946724e-01	-6.064127e-01	
3  345.343	6.751114e+01	2.576595e+00	1.017037e-01	-8.643129e-01	-6.468209e-01	
1  344.884	6.761950e+01	2.557381e+00	1.008457e-01	-8.985426e-01	-5.974464e-01	
2  344.072	6.813914e+01	2.552691e+00	1.005847e-01	-9.329446e-01	-6.591069e-01	
2  344.379	6.795374e+01	2.527993e+00	9.890431e-02	-9.656139e-01	-6.781994e-01	
1  348.985	6.708245e+01	2.497685e+00	9.740710e-02	-9.849396e-01	-6.666704e-01	
2  345.452	6.718208e+01	2.494957e+00	1.022444e-01	-9.192674e-01	-6.911617e-01	
6  345.658	6.782511e+01	2.457610e+00	1.002626e-01	-9.830104e-01	-8.457372e-01	
7  346.134	6.913487e+01	2.453001e+00	9.822497e-02	-1.075004e+00	-7.959954e-01	
6  345.65	6.920071e+01	2.469652e+00	9.952410e-02	-1.075001e+00	-7.890463e-01	
6  345.581	6.861938e+01	2.453953e+00	9.724308e-02	-1.016200e+00	-8.220445e-01	
2  344.912	6.883611e+01	2.434332e+00	1.003298e-01	-1.024717e+00	-8.176498e-01	
3  345.361	6.903887e+01	2.419320e+00	9.976735e-02	-1.035209e+00	-7.767930e-01	
1  345.249	6.918338e+01	2.388407e+00	1.029948e-01	-1.072723e+00	-8.113130e-01	
4  345.564	6.963816e+01	2.408408e+00	1.042025e-01	-1.054769e+00	-8.758702e-01	
2  344.177	6.899417e+01	2.413717e+00	1.052315e-01	-1.004630e+00	-8.864717e-01	
3  344.361	6.882670e+01	2.411223e+00	1.035288e-01	-1.005592e+00	-8.990823e-01	
1  345.189	6.929865e+01	2.385941e+00	1.044789e-01	-1.010052e+00	-9.759185e-01	
14  344.088	6.821271e+01	2.345427e+00	1.066953e-01	-9.697291e-01	-9.484731e-01	
4  344.347	6.825780e+01	2.362184e+00	1.059805e-01	-1.002103e+00	-8.859383e-01	
1  343.746	6.815850e+01	2.370031e+00	1.080888e-01	-9.910296e-01	-8.145300e-01	
2  343.764	6.798093e+01	2.357574e+00	1.097700e-01	-9.402705e-01	-8.107452e-01	
2  344.433	6.761367e+01	2.323636e+00	1.114246e-01	-9.728701e-01	-8.255503e-01	
3  344.922	6.871597e+01	2.292042e+00	1.108354e-01	-9.575046e-01	-8.641871e-01	
1  344.035	6.802473e+01	2.287463e+00	1.096863e-01	-9.598641e-01	-8.947831e-01	
2  345.284	6.756187e+01	2.272010e+00	1.097527e-01	-9.795924e-01	-8.876453e-01	
2  346.773	6.808668e+01	2.259097e+00	1.032327e-01	-1.035905e+00	-8.591565e-01	
2  346.022	6.859613e+01	2.256113e+00	1.063842e-01	-9.687480e-01	-8.410442e-01	
4  344.668	6.847247e+01	2.292601e+00	1.094203e-01	-1.044951e+00	-9.071137e-01	
5  344.478	6.883877e+01	2.300592e+00	1.103822e-01	-1.073453e+00	-8.569482e-01	
2  344.529	6.922768e+01	2.289891e+00	1.133134e-01	-1.092740e+00	-8.949824e-01	
4  343.483	6.865143e+01	2.258897e+00	1.130529e-01	-1.027882e+00	-8.006386e-01	
5  343.527	6.908779e+01	2.272422e+00	1.153255e-01	-1.063815e+00	-8.073577e-01	
1  343.475	6.893458e+01	2.285892e+00	1.160632e-01	-1.075772e+00	-7.620554e-01	
3  344.404	6.938255e+01	2.261323e+00	1.166726e-01	-1.038814e+00	-7.749624e-01	
1  343.835	6.792818e+01	2.287388e+00	1.156823e-01	-1.011074e+00	-7.733380e-01	
3  343.604	6.795743e+01	2.287170e+00	1.130333e-01	-9.751996e-01	-7.600685e-01	
11  343.743	6.790434e+01	2.288574e+00	1.147410e-01	-9.551213e-01	-7.180185e-01	
1  344.337	6.872771e+01	2.271428e+00	1.122263e-01	-9.930856e-01	-7.395309e-01	
2  344.363	6.821504e+01	2.308251e+00	1.129788e-01	-9.418153e-01	-7.369586e-01	
2  344.061	6.776104e+01	2.330520e+00	1.124179e-01	-9.895477e-01	-7.635768e-01	
1  344.165	6.778922e+01	2.339875e+00	1.136229e-01	-9.939317e-01	-7.986781e-01	
1  343.684	6.924814e+01	2.334573e+00	1.146541e-01	-1.066037e+00	-8.064929e-01	
1  344.136	6.825403e+01	2.336519e+00	1.173635e-01	-1.035100e+00	-8.265820e-01	
2  343.953	6.914327e+01	2.332033e+00	1.173479e-01	-9.964447e-01	-8.634848e-01	
1  343.315	6.878239e+01	2.306556e+00	1.209148e-01	-9.937509e-01	-8.423361e-01	
1  343.539	6.874033e+01	2.281355e+00	1.155325e-01	-1.061666e+00	-8.102405e-01	
1  344.5	6.949672e+01	2.308107e+00	1.136604e-01	-1.088949e+00	-8.904123e-01	
1  344.451	6.897059e+01	2.321660e+00	1.088248e-01	-1.058128e+00	-9.075710e-01	
1  345.172	6.918714e+01	2.305081e+00	1.104726e-01	-9.828260e-01	-9.468548e-01	
1  346.415	6.970133e+01	2.324069e+00	1.133651e-01	-9.945259e-01	-9.612923e-01	
1  344.52	6.940381e+01	2.289743e+00	1.140447e-01	-1.086413e+00	-9.342380e-01	
3  345.447	6.902178e+01	2.273696e+00	1.129651e-01	-1.118778e+00	-8.562061e-01	
5  344.32	6.917133e+01	2.269070e+00	1.175729e-01	-1.017967e+00	-7.287651e-01	
1  344.307	6.780040e+01	2.272444e+00	1.188647e-01	-1.017818e+00	-7.654309e-01	
1  344.704	6.886904e+01	2.251319e+00	1.152485e-01	-9.774765e-01	-8.222497e-01	
2  345.216	6.773273e+01	2.234509e+00	1.094241e-01	-1.000303e+00	-8.287258e-01	
4  345.13	6.729331e+01	2.228997e+00	1.140200e-01	-9.594150e-01	-8.307428e-01	
5  343.703	6.830826e+01	2.196534e+00	1.155783e-01	-1.044032e+00	-7.929695e-01	
1  345.578	6.980580e+01	2.189398e+00	1.189732e-01	-1.070645e+00	-7.964490e-01	
2  343.693	6.912346e+01	2.225252e+00	1.181097e-01	-1.096990e+00	-7.925581e-01	
6  343.24	6.902093e+01	2.201670e+00	1.211663e-01	-1.055133e+00	-8.173479e-01	
1  343.312	6.883592e+01	2.185078e+00	1.260941e-01	-1.062273e+00	-8.638251e-01	
1  344.148	6.883519e+01	2.151617e+00	1.270142e-01	-1.099656e+00	-9.016406e-01	
1  343.532	6.834672e+01	2.135061e+00	1.214667e-01	-1.057106e+00	-8.536074e-01	
2  343.293	6.868799e+01	2.118719e+00	1.207497e-01	-1.046656e+00	-9.109418e-01	
1  343.599	6.899237e+01	2.118204e+00	1.219965e-01	-1.104691e+00	-8.322399e-01	
1  343.604	6.866875e+01	2.130951e+00	1.215506e-01	-1.081445e+00	-8.709797e-01	
3  343.342	6.830841e+01	2.138194e+00	1.210905e-01	-1.004539e+00	-7.866365e-01	
1  343.832	6.922200e+01	2.119761e+00	1.229348e-01	-1.051861e+00	-8.814802e-01	
2  343.195	6.832235e+01	2.131541e+00	1.245634e-01	-1.044638e+00	-8.402428e-01	
3  343.619	6.848263e+01	2.101206e+00	1.255629e-01	-1.001191e+00	-7.810625e-01	
11  343.109	6.883969e+01	2.164331e+00	1.267429e-01	-1.052296e+00	-7.535556e-01	
2  343.532	6.910700e+01	2.157343e+00	1.265674e-01	-1.126078e+00	-6.820885e-01	
4  343.482	6.925114e+01	2.124879e+00	1.281883e-01	-1.123355e+00	-7.090378e-01	
1  343.274	6.863478e+01	2.139263e+00	1.285786e-01	-1.091789e+00	-6.742771e-01	
1  343.513	6.870070e+01	2.123015e+00	1.273588e-01	-1.023519e+00	-7.234277e-01	
1  343.472	6.831115e+01	2.105540e+00	1.255714e-01	-1.098712e+00	-5.989522e-01	
1  344.541	6.853438e+01	2.126261e+00	1.240821e-01	-1.146999e+00	-5.982277e-01	
1  343.468	6.820922e+01	2.116442e+00	1.267333e-01	-1.092107e+00	-5.393727e-01	
2  343.046	6.873183e+01	2.120690e+00	1.272215e-01	-1.067325e+00	-6.254925e-01	
1  343.481	6.841176e+01	2.098116e+00	1.280909e-01	-1.029876e+00	-6.057005e-01	
1  343.593	6.796797e+01	2.096805e+00	1.259529e-01	-1.020947e+00	-5.804112e-01	
2  345.514	6.794512e+01	2.063601e+00	1.237261e-01	-9.746028e-01	-5.856542e-01	
4  345.153	6.735475e+01	2.040482e+00	1.241518e-01	-1.020890e+00	-4.885315e-01	
2  345.702	6.739373e+01	2.067447e+00	1.207542e-01	-9.864175e-01	-5.093159e-01	
1  344.678	6.761885e+01	2.049970e+00	1.218809e-01	-1.039284e+00	-4.991272e-01	
1  345.774	6.720698e+01	2.040283e+00	1.217785e-01	-1.011597e+00	-5.313605e-01	
5  347.826	6.675718e+01	2.048629e+00	1.193622e-01	-9.862676e-01	-4.738692e-01	
1  349.19	6.824875e+01	2.014136e+00	1.214374e-01	-9.765834e-01	-4.791081e-01	
1  344.68	6.830470e+01	1.995224e+00	1.212024e-01	-1.070238e+00	-4.879269e-01	
1  344.408	6.852508e+01	2.036121e+00	1.186408e-01	-1.146757e+00	-4.353245e-01	
6  344.867	6.906961e+01	1.986670e+00	1.224992e-01	-1.140699e+00	-3.147590e-01	
3  343.715	6.869500e+01	2.015909e+00	1.228652e-01	-1.159522e+00	-3.008605e-01	
2  343.853	6.912527e+01	2.057708e+00	1.209850e-01	-1.201787e+00	-2.483457e-01	
1  344.79	6.779074e+01	2.036393e+00	1.256276e-01	-1.130645e+00	-2.728446e-01	
5  344.139	6.873875e+01	2.016892e+00	1.247733e-01	-1.110960e+00	-3.210531e-01	
8  343.715	6.857932e+01	1.979085e+00	1.252614e-01	-1.155245e+00	-2.759513e-01	
6  343.779	6.876952e+01	2.028065e+00	1.217702e-01	-1.165766e+00	-3.413954e-01	
3  343.792	6.894811e+01	2.060537e+00	1.203763e-01	-1.162250e+00	-4.378147e-01	
1  344.734	6.879423e+01	2.043299e+00	1.226603e-01	-1.206470e+00	-4.261719e-01	
1  345.734	6.899327e+01	2.070993e+00	1.248718e-01	-1.241927e+00	-4.220887e-01	
1  346.32	6.845760e+01	2.113667e+00	1.294247e-01	-1.199071e+00	-4.307148e-01	
1  343.686	6.956182e+01	2.104352e+00	1.278252e-01	-1.186038e+00	-4.368859e-01	
1  343.805	6.852923e+01	2.119873e+00	1.276059e-01	-1.151258e+00	-4.231019e-01	
3  343.812	6.962306e+01	2.076702e+00	1.306155e-01	-1.183165e+00	-3.922264e-01	
11  343.196	6.914861e+01	2.056014e+00	1.298928e-01	-1.155910e+00	-3.941200e-01	
1  344.614	6.989112e+01	2.080040e+00	1.246627e-01	-1.189665e+00	-3.692891e-01	
1  344.285	6.985306e+01	2.107483e+00	1.254771e-01	-1.183428e+00	-4.514182e-01	
2  343.276	6.923139e+01	2.136403e+00	1.247996e-01	-1.152755e+00	-4.684549e-01	
1  343.623	6.853935e+01	2.143633e+00	1.246745e-01	-1.140885e+00	-4.389827e-01	
1  344.661	6.825606e+01	2.136501e+00	1.251607e-01	-1.145512e+00	-4.458630e-01	
9  343.097	6.887898e+01	2.150394e+00	1.260637e-01	-1.143817e+00	-3.662837e-01	
3  343.752	6.960031e+01	2.145857e+00	1.269330e-01	-1.169050e+00	-4.247153e-01	
1  343.22	6.920526e+01	2.121822e+00	1.260783e-01	-1.145971e+00	-4.107397e-01	
9  343.654	6.823659e+01	2.102191e+00	1.231173e-01	-1.125226e+00	-3.452133e-01	
2  343.23	6.852301e+01	2.081742e+00	1.288496e-01	-1.137117e+00	-3.769094e-01	
1  343.687	6.847515e+01	2.062096e+00	1.304697e-01	-1.153327e+00	-4.176448e-01	
1  344.113	6.930595e+01	2.043872e+00	1.315103e-01	-1.133536e+00	-3.478110e-01	
7  343.491	6.872330e+01	2.023103e+00	1.291734e-01	-1.119689e+00	-3.119299e-01	
2  343.536	6.866585e+01	1.977248e+00	1.266403e-01	-1.155358e+00	-2.862796e-01	
4  343.188	6.854567e+01	1.990588e+00	1.294252e-01	-1.141622e+00	-3.882203e-01	
1  343.695	6.926855e+01	1.980278e+00	1.297397e-01	-1.162853e+00	-3.601842e-01	
1  343.311	6.911353e+01	2.046275e+00	1.329218e-01	-1.164775e+00	-3.058946e-01	
4  344.243	6.843079e+01	2.047358e+00	1.312916e-01	-1.185022e+00	-3.025025e-01	
3  343.372	6.870697e+01	2.017246e+00	1.325907e-01	-1.147417e+00	-2.060005e-01	
4  344.159	6.801114e+01	1.989693e+00	1.350808e-01	-1.106662e+00	-1.982292e-01	
12  345.707	6.758184e+01	2.012068e+00	1.365412e-01	-1.129256e+00	-1.735154e-01	
4  344.937	6.846760e+01	2.021025e+00	1.332534e-01	-1.085429e+00	-1.671111e-01	
1  346.818	6.844204e+01	2.041341e+00	1.359305e-01	-1.049098e+00	-1.513475e-01	
2  344.389	6.882523e+01	2.013108e+00	1.369463e-01	-1.135651e+00	-1.095519e-01	
8  345.576	6.866147e+01	2.001576e+00	1.394795e-01	-1.106896e+00	-4.368661e-02	
9  345.974	6.778968e+01	1.987552e+00	1.406238e-01	-1.091718e+00	-5.387815e-02	
2  345.711	6.776381e+01	2.013427e+00	1.408499e-01	-1.112730e+00	-1.060881e-01	
1  347.992	6.807057e+01	2.011224e+00	1.402662e-01	-1.211543e+00	-3.485256e-02	
3  347.448	7.030114e+01	2.029156e+00	1.430918e-01	-1.281137e+00	-2.454718e-02	
4  351.073	7.114854e+01	2.010673e+00	1.442013e-01	-1.315398e+00	1.808765e-03	
1  346.938	6.985379e+01	1.945017e+00	1.471908e-01	-1.306127e+00	-2.382967e-02	
2  346.327	7.020970e+01	1.941714e+00	1.460751e-01	-1.278076e+00	-8.647086e-02	
1  346.053	6.983772e+01	1.950469e+00	1.448429e-01	-1.287305e+00	-2.749437e-02	
2  345.978	6.872470e+01	1.954776e+00	1.388971e-01	-1.195099e+00	7.372144e-03	
1  343.538	6.917612e+01	1.930299e+00	1.372963e-01	-1.232498e+00	-7.550128e-02	
2  343.787	6.831340e+01	1.932751e+00	1.360845e-01	-1.178142e+00	-1.118137e-01	
9  343.492	6.852434e+01	1.938231e+00	1.331988e-01	-1.185990e+00	-9.534167e-02	
4  343.54	6.926677e+01	1.938516e+00	1.357312e-01	-1.213614e+00	-1.464889e-01	
4  344.745	6.977087e+01	1.917130e+00	1.387496e-01	-1.224384e+00	-1.573580e-01	
1  343.355	6.879027e+01	1.893103e+00	1.381278e-01	-1.209733e+00	-1.786414e-01	
2  343.441	6.864640e+01	1.965486e+00	1.362192e-01	-1.166058e+00	-1.798031e-01	
4  343.805	6.841531e+01	1.978780e+00	1.353075e-01	-1.186652e+00	-2.115635e-01	
3  343.422	6.850162e+01	1.931234e+00	1.329518e-01	-1.148897e+00	-2.697438e-01	
1  343.815	6.848877e+01	1.920029e+00	1.308988e-01	-1.138390e+00	-2.566650e-01	
3  343.549	6.851564e+01	1.956432e+00	1.339017e-01	-1.147385e+00	-1.888042e-01	
2  343.61	6.820742e+01	1.954863e+00	1.330853e-01	-1.141867e+00	-2.619651e-01	
7  343.604	6.828107e+01	1.959580e+00	1.340230e-01	-1.149195e+00	-2.005169e-01	
4  344.192	6.803402e+01	1.974477e+00	1.349559e-01	-1.152690e+00	-1.376070e-01	
5  343.642	6.894347e+01	1.972534e+00	1.380551e-01	-1.208834e+00	-1.009320e-01	
1  344.366	6.892654e+01	1.955977e+00	1.349180e-01	-1.263394e+00	-5.590937e-02	
1  346.523	6.822766e+01	1.923344e+00	1.354050e-01	-1.260339e+00	-1.457969e-01	
1  344.357	6.916553e+01	1.921007e+00	1.348386e-01	-1.293200e+00	-1.255937e-01	
1  344.52	6.995858e+01	1.979359e+00	1.305606e-01	-1.291521e+00	-2.230620e-01	
1  345.542	7.044593e+01	1.995742e+00	1.302974e-01	-1.309932e+00	-1.736510e-01	
1  349.105	7.139414e+01	2.006165e+00	1.309294e-01	-1.362059e+00	-1.759355e-01	
3  348.325	7.111691e+01	2.008962e+00	1.270384e-01	-1.369371e+00	-2.409705e-01	
2  347.678	7.101335e+01	2.024049e+00	1.278178e-01	-1.320728e+00	-2.503467e-01	
1  347.122	7.060129e+01	1.987471e+00	1.326126e-01	-1.244989e+00	-2.457327e-01	
5  345.157	6.912253e+01	1.997391e+00	1.311716e-01	-1.271273e+00	-3.152074e-01	
2  346.241	6.889258e+01	2.001192e+00	1.313043e-01	-1.266426e+00	-3.781223e-01	
2  346.667	7.068741e+01	2.036552e+00	1.308565e-01	-1.258945e+00	-3.474030e-01	
1  347.092	7.085400e+01	2.034682e+00	1.318209e-01	-1.295876e+00	-3.752732e-01	
1  348.239	7.088729e+01	1.980990e+00	1.331216e-01	-1.364097e+00	-4.388221e-01	
3  347.815	7.067145e+01	1.953803e+00	1.334081e-01	-1.379952e+00	-3.606093e-01	
1  346.143	7.050345e+01	1.957834e+00	1.354806e-01	-1.324929e+00	-3.638228e-01	
5  345.798	6.972516e+01	1.969981e+00	1.330719e-01	-1.319486e+00	-3.284939e-01	
5  344.312	6.987411e+01	1.976723e+00	1.331462e-01	-1.278649e+00	-2.629569e-01	
2  344.63	6.947439e+01	1.936915e+00	1.321857e-01	-1.308088e+00	-1.813175e-01	
5  345.933	6.911801e+01	1.920954e+00	1.344459e-01	-1.320184e+00	-1.955644e-01	
2  344.562	6.978039e+01	1.892459e+00	1.351228e-01	-1.318403e+00	-2.252313e-01	
1  345.081	6.854034e+01	1.904382e+00	1.352132e-01	-1.257936e+00	-2.192431e-01	
1  345.225	6.892437e+01	1.879310e+00	1.334743e-01	-1.293427e+00	-2.474059e-01	
3  345.48	6.853796e+01	1.904927e+00	1.357921e-01	-1.275906e+00	-9.273845e-02	
3  344.165	6.932587e+01	1.896943e+00	1.415637e-01	-1.282680e+00	-7.939831e-02	
1  344.048	6.935844e+01	1.898897e+00	1.331520e-01	-1.206372e+00	-1.807621e-01	
4  344.846	6.895355e+01	1.907168e+00	1.294331e-01	-1.157767e+00	-1.533362e-01	
1  344.155	6.824956e+01	1.928938e+00	1.281697e-01	-1.135109e+00	-2.248686e-01	
1  344.701	6.903105e+01	1.893162e+00	1.274426e-01	-1.170618e+00	-2.475008e-01	
4  343.556	6.895786e+01	1.914403e+00	1.298869e-01	-1.189011e+00	-2.694980e-01	
3  343.857	6.844437e+01	1.921134e+00	1.332560e-01	-1.199285e+00	-2.999685e-01	
1  343.507	6.871489e+01	1.900104e+00	1.342815e-01	-1.154864e+00	-2.876471e-01	
7  345.725	6.774336e+01	1.922918e+00	1.335462e-01	-1.049206e+00	-2.668548e-01	
1  345.003	6.778872e+01	1.912572e+00	1.315185e-01	-1.065208e+00	-3.297831e-01	
5  344.678	6.785862e+01	1.908779e+00	1.304508e-01	-1.088079e+00	-3.125042e-01	
3  345.16	6.858282e+01	1.921058e+00	1.324938e-01	-1.086943e+00	-3.208297e-01	
2  344.96	6.942346e+01	1.894795e+00	1.321042e-01	-1.164428e+00	-3.326938e-01	
3  343.525	6.852682e+01	1.873872e+00	1.322261e-01	-1.161066e+00	-3.428266e-01	
2  343.166	6.873243e+01	1.902182e+00	1.329428e-01	-1.164451e+00	-4.658914e-01	
3  343.563	6.817681e+01	1.938431e+00	1.367975e-01	-1.119963e+00	-5.274920e-01	
1  343.642	6.863478e+01	1.938517e+00	1.372406e-01	-1.176591e+00	-5.005472e-01	
1  346.79	6.742419e+01	1.954280e+00	1.359696e-01	-1.118715e+00	-5.431227e-01	
1  346.252	6.765195e+01	1.956684e+00	1.350276e-01	-1.143991e+00	-4.839765e-01	
2  343.312	6.861470e+01	1.985920e+00	1.349993e-01	-1.154725e+00	-4.518658e-01	
3  343.36	6.834616e+01	1.957113e+00	1.356979e-01	-1.125419e+00	-3.757371e-01	
1  343.704	6.799878e+01	2.016978e+00	1.343008e-01	-1.080358e+00	-4.642856e-01	
2  343.679	6.839669e+01	2.031639e+00	1.367071e-01	-1.063569e+00	-5.335213e-01	
2  343.265	6.898623e+01	2.060141e+00	1.330202e-01	-1.119310e+00	-6.594203e-01	
2  343.303	6.858526e+01	2.082849e+00	1.336898e-01	-1.065737e+00	-6.405954e-01	
1  345.542	6.974615e+01	2.110996e+00	1.314901e-01	-1.087318e+00	-6.624642e-01	
1  344.895	6.995303e+01	2.114968e+00	1.314994e-01	-1.163036e+00	-6.991425e-01	
4  344.347	6.968879e+01	2.089930e+00	1.316599e-01	-1.132076e+00	-8.276892e-01	
1  344.14	6.953211e+01	2.100250e+00	1.323475e-01	-1.145053e+00	-7.381407e-01	
6  343.252	6.898949e+01	2.093907e+00	1.286828e-01	-1.114520e+00	-7.241849e-01	
1  344.235	6.972958e+01	2.108884e+00	1.261427e-01	-1.132418e+00	-6.968631e-01	
2  343.636	6.879994e+01	2.121972e+00	1.236773e-01	-1.129299e+00	-6.689590e-01	
3  343.347	6.914973e+01	2.146731e+00	1.259698e-01	-1.109844e+00	-7.251217e-01	
5  343.736	6.937084e+01	2.164563e+00	1.292489e-01	-1.107083e+00	-6.615220e-01	
6  343.221	6.881722e+01	2.144315e+00	1.299911e-01	-1.073522e+00	-6.250237e-01	
2  344.112	6.768851e+01	2.172582e+00	1.279237e-01	-1.021805e+00	-5.601813e-01	
1  343.729	6.866369e+01	2.148969e+00	1.276490e-01	-1.132362e+00	-5.526798e-01	
2  343.418	6.912237e+01	2.165994e+00	1.286523e-01	-1.098748e+00	-5.255730e-01	
2  343.126	6.872087e+01	2.181764e+00	1.277732e-01	-1.065200e+00	-6.175686e-01	
1  344.489	6.914257e+01	2.208465e+00	1.287029e-01	-1.041425e+00	-5.976744e-01	
2  345.1	6.909121e+01	2.138580e+00	1.269942e-01	-1.027794e+00	-6.172171e-01	
1  344.956	6.918419e+01	2.160876e+00	1.287834e-01	-1.042070e+00	-5.773232e-01	
1  344.563	6.950528e+01	2.160599e+00	1.318591e-01	-1.152100e+00	-6.890402e-01	
4  343.743	6.879686e+01	2.164023e+00	1.330966e-01	-1.075776e+00	-6.940539e-01	
4  344.71	6.868280e+01	2.174410e+00	1.335126e-01	-1.100876e+00	-7.383344e-01	
1  344.841	6.874779e+01	2.135613e+00	1.351462e-01	-1.123636e+00	-7.053524e-01	
5  344.248	6.886594e+01	2.164715e+00	1.341149e-01	-1.116060e+00	-6.139408e-01	
2  344.001	6.904835e+01	2.181044e+00	1.332965e-01	-1.118420e+00	-5.244649e-01	
5  343.538	6.858348e+01	2.138568e+00	1.315507e-01	-1.120537e+00	-4.385503e-01	
12  344.09	6.910130e+01	2.153932e+00	1.305393e-01	-1.178607e+00	-4.338952e-01	
2  344.041	6.848041e+01	2.194264e+00	1.287632e-01	-1.126859e+00	-4.301261e-01	
3  344.128	6.809752e+01	2.217509e+00	1.314173e-01	-1.022167e+00	-5.160107e-01	
1  344.231	6.870544e+01	2.220818e+00	1.301242e-01	-1.027239e+00	-5.232161e-01	
3  344.012	6.858342e+01	2.185067e+00	1.311943e-01	-1.108986e+00	-5.434859e-01	
2  345.016	6.805086e+01	2.201741e+00	1.288259e-01	-1.102730e+00	-4.833730e-01	
1  343.657	6.883306e+01	2.191014e+00	1.316422e-01	-1.093172e+00	-4.448780e-01	
3  343.465	6.898151e+01	2.198501e+00	1.280258e-01	-1.078223e+00	-5.058991e-01	
9  343.561	6.852664e+01	2.192683e+00	1.282076e-01	-1.038036e+00	-5.048407e-01	
1  343.362	6.810858e+01	2.153234e+00	1.272268e-01	-1.054066e+00	-5.699969e-01	
5  343.251	6.818426e+01	2.180595e+00	1.262001e-01	-1.050939e+00	-5.382575e-01	
3  343.489	6.893522e+01	2.182235e+00	1.235605e-01	-1.067949e+00	-4.982213e-01	
4  343.097	6.894560e+01	2.194920e+00	1.235727e-01	-1.110906e+00	-5.525911e-01	
7  343.989	6.943545e+01	2.208078e+00	1.218224e-01	-1.168740e+00	-5.467454e-01	
1  343.634	6.901904e+01	2.203295e+00	1.233850e-01	-1.139211e+00	-5.718738e-01	
7  342.968	6.876393e+01	2.213048e+00	1.228228e-01	-1.078229e+00	-5.209513e-01	
2  343.664	6.820902e+01	2.210958e+00	1.221227e-01	-1.097007e+00	-4.444688e-01	
1  344.1	6.948148e+01	2.241770e+00	1.212287e-01	-1.095134e+00	-4.879072e-01	
1  343.969	6.966510e+01	2.219213e+00	1.202272e-01	-1.148528e+00	-4.346325e-01	
2  343.439	6.914917e+01	2.210052e+00	1.179150e-01	-1.133361e+00	-5.087917e-01	
2  343.397	6.917462e+01	2.207223e+00	1.189290e-01	-1.105166e+00	-5.043228e-01	
1  343.463	6.912053e+01	2.216561e+00	1.224973e-01	-1.069242e+00	-5.825537e-01	
3  343.531	6.850591e+01	2.229796e+00	1.249049e-01	-1.081548e+00	-6.365848e-01	
2  345.468	6.917162e+01	2.234250e+00	1.249330e-01	-1.181793e+00	-5.874981e-01	
1  345.284	6.996057e+01	2.251744e+00	1.260875e-01	-1.109061e+00	-6.537809e-01	
8  344.399	6.970456e+01	2.265066e+00	1.239156e-01	-1.104600e+00	-5.899861e-01	
1  343.648	6.895721e+01	2.251262e+00	1.246036e-01	-1.121011e+00	-5.593018e-01	
7  343.577	6.858833e+01	2.278964e+00	1.275819e-01	-1.054280e+00	-5.030552e-01	
3  344.243	6.899620e+01	2.292735e+00	1.258034e-01	-1.023925e+00	-5.818232e-01	
2  344.561	6.775149e+01	2.300564e+00	1.263307e-01	-1.007883e+00	-6.009028e-01	
2  344.409	6.813591e+01	2.345102e+00	1.280187e-01	-9.923555e-01	-5.722420e-01	
4  344.037	6.870655e+01	2.345185e+00	1.257930e-01	-9.959071e-01	-6.736152e-01	
1  344.13	6.883134e+01	2.306728e+00	1.281545e-01	-1.008610e+00	-7.359304e-01	
2  344.313	6.860470e+01	2.319201e+00	1.294792e-01	-9.996355e-01	-7.589892e-01	
5  345.552	6.756348e+01	2.301532e+00	1.280677e-01	-9.871233e-01	-7.475113e-01	
7  344.91	6.769112e+01	2.266579e+00	1.296132e-01	-9.880372e-01	-7.320519e-01	
2  345.123	6.748962e+01	2.278317e+00	1.299854e-01	-9.293546e-01	-8.332460e-01	
7  344.402	6.809454e+01	2.288977e+00	1.292960e-01	-9.499268e-01	-7.664852e-01	
11  344.151	6.885573e+01	2.264110e+00	1.269764e-01	-9.904669e-01	-7.859542e-01	
1  344.963	6.762489e+01	2.262250e+00	1.291559e-01	-9.085911e-01	-8.025134e-01	
12  344.845	6.744991e+01	2.262624e+00	1.245560e-01	-9.128672e-01	-7.043558e-01	
1  345.033	6.814403e+01	2.257362e+00	1.269761e-01	-9.381261e-01	-6.598810e-01	
9  344.615	6.877258e+01	2.277429e+00	1.273721e-01	-1.005921e+00	-5.408716e-01	
1  344.466	6.890867e+01	2.277529e+00	1.249280e-01	-1.016069e+00	-5.323285e-01	
3  344.063	6.799051e+01	2.279145e+00	1.197618e-01	-1.049348e+00	-6.284235e-01	
2  343.792	6.909160e+01	2.261044e+00	1.219406e-01	-1.047269e+00	-5.600098e-01	
1  343.77	6.931567e+01	2.272451e+00	1.253912e-01	-1.092650e+00	-5.053165e-01	
1  345.904	6.962065e+01	2.273941e+00	1.237107e-01	-1.043395e+00	-5.917460e-01	
2  345.479	6.851858e+01	2.247382e+00	1.263079e-01	-9.624616e-01	-5.908177e-01	
12  344.547	6.778118e+01	2.252366e+00	1.235543e-01	-9.558958e-01	-5.311493e-01	
1  345.362	6.880963e+01	2.287037e+00	1.209085e-01	-9.927679e-01	-4.887062e-01	
7  344.997	6.794762e+01	2.269229e+00	1.258832e-01	-9.535090e-01	-5.084846e-01	
1  345.282	6.850091e+01	2.269687e+00	1.232632e-01	-9.780422e-01	-4.773501e-01	
2  344.624	6.770810e+01	2.236824e+00	1.265335e-01	-1.047459e+00	-4.625786e-01	
2  343.342	6.913994e+01	2.220446e+00	1.246347e-01	-1.132817e+00	-4.892124e-01	
11  343.224	6.894843e+01	2.195039e+00	1.184518e-01	-1.110263e+00	-5.091945e-01	
1  344.648	6.956127e+01	2.193126e+00	1.195110e-01	-1.098701e+00	-5.162306e-01	
10  343.014	6.853844e+01	2.192811e+00	1.221483e-01	-1.092595e+00	-4.605971e-01	
2  343.24	6.913008e+01	2.169979e+00	1.238075e-01	-1.144245e+00	-4.777905e-01	
3  343.606	6.920292e+01	2.186718e+00	1.207465e-01	-1.173827e+00	-4.118066e-01	
3  343.712	6.901295e+01	2.183312e+00	1.191241e-01	-1.162623e+00	-4.474184e-01	
3  343.674	6.887657e+01	2.190913e+00	1.194229e-01	-1.065294e+00	-4.785360e-01	
3  343.826	6.853700e+01	2.157573e+00	1.214473e-01	-1.154189e+00	-3.639934e-01	
4  343.817	6.934242e+01	2.135176e+00	1.224858e-01	-1.139599e+00	-3.281776e-01	
2  343.803	6.799173e+01	2.134867e+00	1.227847e-01	-1.087760e+00	-2.596865e-01	
16  343.484	6.887717e+01	2.080361e+00	1.210519e-01	-1.139958e+00	-4.076760e-01	
2  344.318	6.915841e+01	2.074913e+00	1.187194e-01	-1.140484e+00	-3.814515e-01	
2  344.069	6.835818e+01	2.152090e+00	1.199385e-01	-1.147458e+00	-3.349135e-01	
2  344.266	6.978863e+01	2.195085e+00	1.209979e-01	-1.168408e+00	-3.352529e-01	
2  344.981	6.790673e+01	2.199211e+00	1.179240e-01	-1.120828e+00	-3.090188e-01	
6  343.823	6.941578e+01	2.172756e+00	1.204024e-01	-1.145066e+00	-3.173629e-01	
1  344.789	6.852597e+01	2.146422e+00	1.251625e-01	-1.186943e+00	-3.267536e-01	
1  343.107	6.871657e+01	2.120014e+00	1.258257e-01	-1.105933e+00	-3.773950e-01	
1  343.352	6.840494e+01	2.112328e+00	1.261424e-01	-1.135108e+00	-3.121106e-01	
5  343.233	6.872814e+01	2.132141e+00	1.286995e-01	-1.114387e+00	-2.959833e-01	
4  344.057	6.860675e+01	2.098073e+00	1.284513e-01	-1.085472e+00	-2.469814e-01	
2  344.207	6.823186e+01	2.110350e+00	1.304489e-01	-1.155914e+00	-2.172721e-01	
2  343.339	6.890800e+01	2.065632e+00	1.279963e-01	-1.200645e+00	-1.923063e-01	
2  343.554	6.943096e+01	2.098798e+00	1.255168e-01	-1.224090e+00	-1.792398e-01	
2  345.318	6.858903e+01	2.109701e+00	1.282035e-01	-1.232846e+00	-1.212365e-01	
1  344.547	6.985688e+01	2.087020e+00	1.301904e-01	-1.209320e+00	-1.262254e-01	
2  344.639	6.846791e+01	2.091336e+00	1.311136e-01	-1.203611e+00	-1.539735e-01	
1  345.359	6.856875e+01	2.120637e+00	1.302734e-01	-1.224166e+00	-9.371416e-02	
10  344.397	6.858034e+01	2.138743e+00	1.325874e-01	-1.122240e+00	-4.951564e-02	
2  344.328	6.825934e+01	2.117377e+00	1.319034e-01	-1.149282e+00	-8.306623e-02	
2  345.611	6.762140e+01	2.078271e+00	1.292609e-01	-1.129904e+00	-7.410996e-02	
1  344.977	6.805132e+01	2.080579e+00	1.364897e-01	-1.092055e+00	-9.510612e-02	
1  344.83	6.940405e+01	2.114016e+00	1.381688e-01	-1.194900e+00	-1.073391e-01	
2  345.19	6.966514e+01	2.107639e+00	1.369215e-01	-1.175613e+00	-1.737544e-01	
1  346.176	7.035311e+01	2.118111e+00	1.348660e-01	-1.230802e+00	-2.039404e-01	
4  346.889	7.067288e+01	2.110720e+00	1.339660e-01	-1.302661e+00	-2.586975e-01	
3  347.381	7.080230e+01	2.101592e+00	1.339992e-01	-1.321349e+00	-2.564080e-01	
2  347.2	7.011130e+01	2.089643e+00	1.365582e-01	-1.311174e+00	-3.515737e-01	
12  347.414	7.083260e+01	2.088586e+00	1.333237e-01	-1.303044e+00	-3.739450e-01	
3  346.715	7.071477e+01	2.082219e+00	1.301008e-01	-1.262285e+00	-4.380473e-01	
1  345.349	7.013867e+01	2.111322e+00	1.311808e-01	-1.241008e+00	-4.724250e-01	
4  345.234	7.014047e+01	2.093051e+00	1.299746e-01	-1.175696e+00	-5.583049e-01	
1  344.618	6.995287e+01	2.064825e+00	1.282684e-01	-1.172116e+00	-6.552475e-01	
3  345.546	6.887112e+01	2.117830e+00	1.305724e-01	-1.188362e+00	-5.958039e-01	
1  344.501	6.834242e+01	2.123506e+00	1.311577e-01	-1.130092e+00	-5.328840e-01	
6  343.559	6.865483e+01	2.092305e+00	1.345885e-01	-1.089505e+00	-4.532267e-01	
5  343.558	6.856858e+01	2.063243e+00	1.347032e-01	-1.147028e+00	-3.296098e-01	
2  344.36	6.824955e+01	2.061753e+00	1.342395e-01	-1.159097e+00	-2.860859e-01	
1  346.035	6.963489e+01	2.070583e+00	1.370432e-01	-1.133397e+00	-2.788388e-01	
1  344.976	6.930771e+01	2.092747e+00	1.320631e-01	-1.107832e+00	-3.128419e-01	
2  344.68	6.876535e+01	2.083024e+00	1.325082e-01	-1.218411e+00	-2.567559e-01	
2  343.707	6.943075e+01	2.056072e+00	1.338901e-01	-1.220902e+00	-2.185758e-01	
2  344.072	6.947578e+01	2.051580e+00	1.370076e-01	-1.208278e+00	-1.831948e-01	
2  344.715	6.901308e+01	2.065145e+00	1.370456e-01	-1.131430e+00	-1.409305e-01	
1  344.557	6.804905e+01	2.052114e+00	1.357666e-01	-1.135879e+00	-1.110632e-01	
3  344.657	6.953572e+01	1.994439e+00	1.358942e-01	-1.191161e+00	-3.856843e-02	
2  344.158	6.947602e+01	2.012704e+00	1.332990e-01	-1.247276e+00	-2.358756e-02	
5  343.677	6.902840e+01	2.043475e+00	1.347262e-01	-1.189607e+00	-7.744502e-02	
4  343.66	6.900156e+01	2.095763e+00	1.320367e-01	-1.154100e+00	-1.253179e-01	
2  343.278	6.889727e+01	2.095146e+00	1.285298e-01	-1.184163e+00	-9.423916e-02	
6  343.508	6.896261e+01	2.120272e+00	1.290757e-01	-1.200277e+00	-1.602898e-01	
1  343.588	6.928148e+01	2.111769e+00	1.277274e-01	-1.225934e+00	-1.561975e-01	
3  343.729	6.963741e+01	2.165008e+00	1.239142e-01	-1.209113e+00	-1.732450e-01	
4  343.459	6.905980e+01	2.164548e+00	1.236652e-01	-1.193493e+00	-2.363264e-01	
3  345.178	6.940299e+01	2.190980e+00	1.243689e-01	-1.257497e+00	-2.271246e-01	
4  345.221	7.028188e+01	2.202876e+00	1.213246e-01	-1.259694e+00	-2.021028e-01	
5  344.716	6.947126e+01	2.201611e+00	1.217781e-01	-1.239486e+00	-2.846035e-01	
3  343.881	6.918489e+01	2.180304e+00	1.194432e-01	-1.210618e+00	-2.312782e-01	
10  343.633	6.914220e+01	2.139640e+00	1.221639e-01	-1.205372e+00	-2.511777e-01	
9  344.133	6.963577e+01	2.180381e+00	1.241016e-01	-1.231307e+00	-2.592932e-01	
1  344.504	6.993563e+01	2.188251e+00	1.211689e-01	-1.243390e+00	-2.307967e-01	
2  344.232	6.961701e+01	2.205259e+00	1.252247e-01	-1.222659e+00	-2.838660e-01	
1  344.3	6.986393e+01	2.161225e+00	1.234265e-01	-1.188239e+00	-3.135719e-01	
1  344.013	6.963352e+01	2.142533e+00	1.244456e-01	-1.223250e+00	-3.211457e-01	
1  343.826	6.901661e+01	2.115580e+00	1.236953e-01	-1.206498e+00	-2.958911e-01	
5  343.839	6.948171e+01	2.108466e+00	1.235557e-01	-1.224249e+00	-2.834705e-01	
4  343.342	6.923686e+01	2.105570e+00	1.259781e-01	-1.185684e+00	-3.496856e-01	
5  343.631	6.872457e+01	2.126003e+00	1.183406e-01	-1.107373e+00	-4.056518e-01	
2  343.676	6.844108e+01	2.109786e+00	1.192164e-01	-1.119614e+00	-4.212224e-01	
3  343.428	6.840053e+01	2.102405e+00	1.217007e-01	-1.116471e+00	-3.621640e-01	
5  343.634	6.894598e+01	2.103783e+00	1.198160e-01	-1.136350e+00	-3.459784e-01	
1  344.148	6.931567e+01	2.123330e+00	1.172919e-01	-1.169311e+00	-3.022857e-01	
2  344.714	6.877054e+01	2.152104e+00	1.137937e-01	-1.177674e+00	-3.179949e-01	
4  344.952	6.962600e+01	2.154514e+00	1.139030e-01	-1.190389e+00	-3.159459e-01	
3  344.8	6.904370e+01	2.158781e+00	1.129341e-01	-1.188803e+00	-3.299142e-01	
2  345.187	6.878941e+01	2.177897e+00	1.114351e-01	-1.177293e+00	-3.481001e-01	
2  346.137	6.925843e+01	2.165520e+00	1.090661e-01	-1.218101e+00	-2.951113e-01	
7  344.995	6.928929e+01	2.183950e+00	1.110907e-01	-1.155557e+00	-2.670928e-01	
5  344.561	6.961785e+01	2.202784e+00	1.158523e-01	-1.244917e+00	-1.605413e-01	
1  344.627	6.946449e+01	2.208762e+00	1.155834e-01	-1.252099e+00	-8.627828e-02	
6  344.581	6.828866e+01	2.259517e+00	1.171140e-01	-1.160355e+00	-6.636679e-02	
2  343.134	6.906942e+01	2.263792e+00	1.124878e-01	-1.137447e+00	-1.852170e-02	
1  344.491	6.975481e+01	2.277227e+00	1.103816e-01	-1.177921e+00	-5.454915e-02	
7  345.342	6.995574e+01	2.287817e+00	1.098551e-01	-1.250613e+00	-1.098945e-01	
1  345.904	6.901773e+01	2.298552e+00	1.131477e-01	-1.239976e+00	-1.238952e-01	
2  345.591	7.019798e+01	2.302323e+00	1.115906e-01	-1.247459e+00	-1.881369e-01	
1  346.489	6.991383e+01	2.262109e+00	1.113546e-01	-1.283255e+00	-1.949640e-01	
2  346.009	7.012231e+01	2.248395e+00	1.102836e-01	-1.249290e+00	-2.134686e-01	
3  343.664	6.935957e+01	2.274202e+00	1.138371e-01	-1.197582e+00	-8.271758e-02	
5  345.533	6.869645e+01	2.276152e+00	1.132089e-01	-1.214185e+00	-6.328931e-02	
1  344.223	6.920511e+01	2.231211e+00	1.129635e-01	-1.137738e+00	-9.336061e-02	
3  344.135	6.826514e+01	2.269626e+00	1.141118e-01	-1.135279e+00	-1.837205e-01	
5  344.006	6.869152e+01	2.317705e+00	1.109086e-01	-1.163813e+00	-1.350244e-01	
1  343.868	6.883193e+01	2.322871e+00	1.098234e-01	-1.147710e+00	-2.421917e-01	
2  343.659	6.930431e+01	2.298544e+00	1.131198e-01	-1.160544e+00	-2.896202e-01	
2  346.268	6.975524e+01	2.311116e+00	1.090599e-01	-1.122001e+00	-2.361087e-01	
5  345.887	6.869478e+01	2.316371e+00	1.047779e-01	-1.166057e+00	-3.005821e-01	
2  343.567	6.848845e+01	2.340126e+00	1.125189e-01	-1.115123e+00	-2.872832e-01	
3  344.63	6.909122e+01	2.347736e+00	1.132518e-01	-1.045970e+00	-3.598580e-01	
1  346.475	6.756591e+01	2.387869e+00	1.127782e-01	-1.072770e+00	-3.952802e-01	
2  345.547	6.737211e+01	2.369071e+00	1.106659e-01	-1.023008e+00	-4.327966e-01	
1  344.612	6.808652e+01	2.337977e+00	1.119099e-01	-9.787238e-01	-4.184599e-01	
2  345.777	6.740974e+01	2.370132e+00	1.130428e-01	-9.215010e-01	-4.223304e-01	
1  345.692	6.720310e+01	2.341849e+00	1.102787e-01	-9.902360e-01	-5.086405e-01	
2  344.255	6.757008e+01	2.378985e+00	1.112560e-01	-9.907692e-01	-4.341372e-01	
1  345.653	6.858554e+01	2.363618e+00	1.103489e-01	-9.838530e-01	-4.083383e-01	
2  344.719	6.836871e+01	2.302009e+00	1.061599e-01	-1.039377e+00	-4.509259e-01	
1  344.109	6.922752e+01	2.307655e+00	1.119595e-01	-1.067814e+00	-5.272134e-01	
2  344.475	6.945204e+01	2.273547e+00	1.111573e-01	-1.101417e+00	-5.794146e-01	
2  344.946	6.912836e+01	2.307654e+00	1.152876e-01	-1.161479e+00	-5.649007e-01	
4  343.442	6.932561e+01	2.301435e+00	1.170534e-01	-1.119810e+00	-5.067266e-01	
4  345.169	7.005398e+01	2.308882e+00	1.176990e-01	-1.194074e+00	-4.960749e-01	
1  345.468	6.963325e+01	2.347839e+00	1.179257e-01	-1.198918e+00	-4.757148e-01	
6  343.937	6.874328e+01	2.351992e+00	1.140492e-01	-1.113700e+00	-5.196931e-01	
4  343.591	6.917494e+01	2.333665e+00	1.113125e-01	-1.092280e+00	-5.427879e-01	
4  343.539	6.907078e+01	2.343973e+00	1.132772e-01	-1.092171e+00	-6.404145e-01	
3  343.735	6.888016e+01	2.339521e+00	1.111942e-01	-1.030191e+00	-5.775439e-01	
2  343.664	6.929934e+01	2.365245e+00	1.120498e-01	-1.071153e+00	-5.962161e-01	
2  343.872	6.819428e+01	2.383819e+00	1.093326e-01	-1.046472e+00	-5.823135e-01	
2  343.439	6.910486e+01	2.392271e+00	1.104699e-01	-1.077914e+00	-5.921207e-01	
2  343.237	6.828736e+01	2.399939e+00	1.095896e-01	-1.018673e+00	-5.338376e-01	
4  343.08	6.856192e+01	2.400576e+00	1.136284e-01	-1.021958e+00	-4.797577e-01	
1  343.381	6.841284e+01	2.400204e+00	1.131233e-01	-1.084924e+00	-3.610736e-01	
4  343.42	6.863312e+01	2.390543e+00	1.186715e-01	-1.087470e+00	-4.219179e-01	
3  343.765	6.920741e+01	2.396221e+00	1.180293e-01	-1.069197e+00	-3.492797e-01	
