2  372.896	2.415497e-01	1.500000e-01	3.559000e+00	-1.902000e+01	-1.000000e-01	2.915497e-01	
1  369.833	2.415497e-01	1.487228e-01	3.517922e+00	-1.902225e+01	-1.008326e-01	2.915497e-01	
1  368.22	2.415497e-01	1.481200e-01	3.510909e+00	-1.902723e+01	-9.525543e-02	2.915497e-01	
2  369.133	2.415497e-01	1.465302e-01	3.545873e+00	-1.902898e+01	-9.532099e-02	2.915497e-01	
1  368.534	2.415497e-01	1.454888e-01	3.569583e+00	-1.903297e+01	-1.008331e-01	2.915497e-01	
1  370.095	2.415497e-01	1.461293e-01	3.595676e+00	-1.903270e+01	-1.006812e-01	2.915497e-01	
1  369.594	2.415497e-01	1.480480e-01	3.594872e+00	-1.903374e+01	-1.052758e-01	2.915497e-01	
2  370.257	2.415497e-01	1.481764e-01	3.618518e+00	-1.903762e+01	-9.930416e-02	2.915497e-01	
1  369.031	2.415497e-01	1.473441e-01	3.575909e+00	-1.903228e+01	-1.035782e-01	2.915497e-01	
1  370.503	2.415497e-01	1.470718e-01	3.592807e+00	-1.902856e+01	-1.126643e-01	2.915497e-01	
1  372.357	2.415497e-01	1.467729e-01	3.607163e+00	-1.902474e+01	-1.147789e-01	2.915497e-01	
1  367.869	2.415497e-01	1.468691e-01	3.581446e+00	-1.903538e+01	-1.127459e-01	2.915497e-01	
2  366.994	2.510375e-01	1.468691e-01	3.581446e+00	-1.903538e+01	-1.127459e-01	3.010375e-01	
3  366.694	2.510375e-01	1.462168e-01	3.572105e+00	-1.903367e+01	-1.186285e-01	3.010375e-01	
1  365.404	2.689772e-01	1.462168e-01	3.572105e+00	-1.903367e+01	-1.186285e-01	3.189772e-01	
1  363.586	2.689772e-01	1.423841e-01	3.556774e+00	-1.903764e+01	-1.209418e-01	3.189772e-01	
3  362.001	2.689772e-01	1.417249e-01	3.535731e+00	-1.903992e+01	-1.203589e-01	3.189772e-01	
1  362.539	2.598432e-01	1.417249e-01	3.535731e+00	-1.903992e+01	-1.203589e-01	3.098432e-01	
3  365.853	2.598432e-01	1.426098e-01	3.550157e+00	-1.902972e+01	-1.151599e-01	3.098432e-01	
1  363.757	2.598432e-01	1.430890e-01	3.554514e+00	-1.903940e+01	-1.102974e-01	3.098432e-01	
1  363.839	2.586878e-01	1.430890e-01	3.554514e+00	-1.903940e+01	-1.102974e-01	3.086878e-01	
3  361.269	2.586878e-01	1.428072e-01	3.507766e+00	-1.904094e+01	-1.043267e-01	3.086878e-01	
1  358.675	2.586878e-01	1.426739e-01	3.506075e+00	-1.905286e+01	-9.955657e-02	3.086878e-01	
1  358.278	2.661799e-01	1.426739e-01	3.506075e+00	-1.905286e+01	-9.955657e-02	3.161799e-01	
2  356.78	2.661799e-01	1.439311e-01	3.472849e+00	-1.905245e+01	-9.974163e-02	3.161799e-01	
1  356.84	2.661799e-01	1.450500e-01	3.482715e+00	-1.905415e+01	-1.068489e-01	3.161799e-01	
1  357.034	2.661799e-01	1.446110e-01	3.507928e+00	-1.906073e+01	-1.045048e-01	3.161799e-01	
1  357.076	2.648090e-01	1.446110e-01	3.507928e+00	-1.906073e+01	-1.045048e-01	3.148090e-01	
1  357.551	2.648090e-01	1.456877e-01	3.501459e+00	-1.905611e+01	-1.048004e-01	3.148090e-01	
2  357.247	2.648090e-01	1.474444e-01	3.504974e+00	-1.906050e+01	-1.016334e-01	3.148090e-01	
1  357.709	2.648090e-01	1.454968e-01	3.517809e+00	-1.906026e+01	-1.056700e-01	3.148090e-01	
1  357.483	2.746053e-01	1.454968e-01	3.517809e+00	-1.906026e+01	-1.056700e-01	3.246053e-01	
1  357.701	2.746053e-01	1.439565e-01	3.524230e+00	-1.906052e+01	-1.064521e-01	3.246053e-01	
5  357.027	2.746053e-01	1.443210e-01	3.497327e+00	-1.905543e+01	-1.094861e-01	3.246053e-01	
1  356.392	2.746053e-01	1.456811e-01	3.475433e+00	-1.905308e+01	-1.101258e-01	3.246053e-01	
1  354.754	2.746053e-01	1.449458e-01	3.453058e+00	-1.905673e+01	-1.109568e-01	3.246053e-01	
1  352.501	2.746053e-01	1.432169e-01	3.430955e+00	-1.906573e+01	-1.070331e-01	3.246053e-01	
1  352.496	2.749808e-01	1.432169e-01	3.430955e+00	-1.906573e+01	-1.070331e-01	3.249808e-01	
1  353.053	2.749808e-01	1.425279e-01	3.426174e+00	-1.905964e+01	-1.053128e-01	3.249808e-01	
1  353.268	2.749808e-01	1.427761e-01	3.415566e+00	-1.905573e+01	-1.140111e-01	3.249808e-01	
1  352.191	2.749808e-01	1.428179e-01	3.403205e+00	-1.905916e+01	-1.035121e-01	3.249808e-01	
1  351.329	2.749808e-01	1.428670e-01	3.388630e+00	-1.906139e+01	-1.081585e-01	3.249808e-01	
3  351.264	2.780757e-01	1.428670e-01	3.388630e+00	-1.906139e+01	-1.081585e-01	3.280757e-01	
1  351.198	2.780757e-01	1.439261e-01	3.407901e+00	-1.906843e+01	-1.054108e-01	3.280757e-01	
1  349.479	2.780757e-01	1.424384e-01	3.356823e+00	-1.906704e+01	-1.096971e-01	3.280757e-01	
1  349.489	2.771966e-01	1.424384e-01	3.356823e+00	-1.906704e+01	-1.096971e-01	3.271966e-01	
1  348.782	2.771966e-01	1.409101e-01	3.340175e+00	-1.907046e+01	-1.136449e-01	3.271966e-01	
1  348.888	2.771966e-01	1.406368e-01	3.333126e+00	-1.906669e+01	-1.121789e-01	3.271966e-01	
1  349.28	2.771966e-01	1.387101e-01	3.332950e+00	-1.906578e+01	-1.157185e-01	3.271966e-01	
1  347.693	2.771966e-01	1.382069e-01	3.302460e+00	-1.906991e+01	-1.071122e-01	3.271966e-01	
2  347.742	2.743090e-01	1.382069e-01	3.302460e+00	-1.906991e+01	-1.071122e-01	3.243090e-01	
1  348.285	2.743090e-01	1.353006e-01	3.280833e+00	-1.906478e+01	-1.073625e-01	3.243090e-01	
1  346.533	2.743090e-01	1.376128e-01	3.273755e+00	-1.907488e+01	-1.053830e-01	3.243090e-01	
2  346.621	2.743090e-01	1.387399e-01	3.245992e+00	-1.906718e+01	-9.595787e-02	3.243090e-01	
1  346.259	2.743090e-01	1.389354e-01	3.217443e+00	-1.906673e+01	-9.073304e-02	3.243090e-01	
1  345.451	2.743090e-01	1.396929e-01	3.216773e+00	-1.907190e+01	-1.005279e-01	3.243090e-01	
1  345.522	2.743090e-01	1.407345e-01	3.207666e+00	-1.906966e+01	-9.710449e-02	3.243090e-01	
1  345.532	2.743090e-01	1.423147e-01	3.182406e+00	-1.906719e+01	-1.014988e-01	3.243090e-01	
1  345.321	2.813168e-01	1.423147e-01	3.182406e+00	-1.906719e+01	-1.014988e-01	3.313168e-01	
2  344.663	2.813168e-01	1.424169e-01	3.180818e+00	-1.907247e+01	-1.001649e-01	3.313168e-01	
1  344.141	2.813168e-01	1.434876e-01	3.168196e+00	-1.907590e+01	-9.461833e-02	3.313168e-01	
1  344.477	2.813168e-01	1.440229e-01	3.155696e+00	-1.907210e+01	-9.588571e-02	3.313168e-01	
1  344.384	3.005040e-01	1.440229e-01	3.155696e+00	-1.907210e+01	-9.588571e-02	3.505040e-01	
1  343.516	3.005040e-01	1.443411e-01	3.118002e+00	-1.908178e+01	-9.363758e-02	3.505040e-01	
2  343.943	3.005040e-01	1.460797e-01	3.077490e+00	-1.908562e+01	-1.058332e-01	3.505040e-01	
1  343.569	3.005040e-01	1.452493e-01	3.064949e+00	-1.908828e+01	-9.926644e-02	3.505040e-01	
1  343.158	2.742196e-01	1.452493e-01	3.064949e+00	-1.908828e+01	-9.926644e-02	3.242196e-01	
1  343.44	2.742196e-01	1.453112e-01	3.064420e+00	-1.908705e+01	-1.051563e-01	3.242196e-01	
1  343.112	2.742196e-01	1.452917e-01	3.100892e+00	-1.909139e+01	-1.051814e-01	3.242196e-01	
1  343.464	2.742196e-01	1.441630e-01	3.098210e+00	-1.909084e+01	-1.116174e-01	3.242196e-01	
1  343.835	2.742196e-01	1.440232e-01	3.085747e+00	-1.908658e+01	-1.144641e-01	3.242196e-01	
2  344.461	3.012811e-01	1.440232e-01	3.085747e+00	-1.908658e+01	-1.144641e-01	3.512811e-01	
1  344.914	3.012811e-01	1.440371e-01	3.037328e+00	-1.908231e+01	-1.166918e-01	3.512811e-01	
1  345.191	3.012811e-01	1.443207e-01	3.034501e+00	-1.908019e+01	-1.192967e-01	3.512811e-01	
1  345.67	3.012811e-01	1.430489e-01	3.017341e+00	-1.907621e+01	-1.209960e-01	3.512811e-01	
1  346.657	3.251772e-01	1.430489e-01	3.017341e+00	-1.907621e+01	-1.209960e-01	3.751772e-01	
1  346.2	3.251772e-01	1.443480e-01	3.007203e+00	-1.908060e+01	-1.141591e-01	3.751772e-01	
1  346.223	3.251772e-01	1.452153e-01	3.026323e+00	-1.907116e+01	-1.168835e-01	3.751772e-01	
1  346.183	3.251772e-01	1.436205e-01	3.020838e+00	-1.907512e+01	-1.164388e-01	3.751772e-01	
1  346.806	3.251772e-01	1.427623e-01	3.017963e+00	-1.908252e+01	-1.209775e-01	3.751772e-01	
1  345.368	2.958013e-01	1.427623e-01	3.017963e+00	-1.908252e+01	-1.209775e-01	3.458013e-01	
2  345.1	2.958013e-01	1.411107e-01	3.057464e+00	-1.908613e+01	-1.214613e-01	3.458013e-01	
1  345.825	2.958013e-01	1.407024e-01	3.024436e+00	-1.909655e+01	-1.227177e-01	3.458013e-01	
1  345.81	2.958013e-01	1.419894e-01	3.019049e+00	-1.909631e+01	-1.230258e-01	3.458013e-01	
3  346.353	3.047551e-01	1.419894e-01	3.019049e+00	-1.909631e+01	-1.230258e-01	3.547551e-01	
2  346.659	3.047551e-01	1.397363e-01	3.001439e+00	-1.909472e+01	-1.227175e-01	3.547551e-01	
1  346.445	3.011439e-01	1.397363e-01	3.001439e+00	-1.909472e+01	-1.227175e-01	3.511439e-01	
1  346.265	3.011439e-01	1.396531e-01	3.009593e+00	-1.909326e+01	-1.226450e-01	3.511439e-01	
1  345.213	3.011439e-01	1.397981e-01	3.051313e+00	-1.909083e+01	-1.181365e-01	3.511439e-01	
1  345.488	3.011439e-01	1.403582e-01	3.043432e+00	-1.909461e+01	-1.193912e-01	3.511439e-01	
1  346.557	3.011439e-01	1.393899e-01	3.023207e+00	-1.908674e+01	-1.277554e-01	3.511439e-01	
1  346.288	2.944685e-01	1.393899e-01	3.023207e+00	-1.908674e+01	-1.277554e-01	3.444685e-01	
1  346.599	2.944685e-01	1.416567e-01	3.013108e+00	-1.908839e+01	-1.311000e-01	3.444685e-01	
1  346.528	2.944685e-01	1.404644e-01	3.044077e+00	-1.908040e+01	-1.327691e-01	3.444685e-01	
1  347.734	2.944685e-01	1.395120e-01	3.041639e+00	-1.908099e+01	-1.405626e-01	3.444685e-01	
1  347.866	2.944685e-01	1.383513e-01	3.015175e+00	-1.908109e+01	-1.376969e-01	3.444685e-01	
1  349.398	3.240101e-01	1.383513e-01	3.015175e+00	-1.908109e+01	-1.376969e-01	3.740101e-01	
1  348.536	3.240101e-01	1.385872e-01	3.054460e+00	-1.907916e+01	-1.354867e-01	3.740101e-01	
2  348.741	3.240101e-01	1.398947e-01	3.045088e+00	-1.907760e+01	-1.381270e-01	3.740101e-01	
1  348.084	3.240101e-01	1.410987e-01	3.051434e+00	-1.907267e+01	-1.358734e-01	3.740101e-01	
1  347.94	3.215510e-01	1.410987e-01	3.051434e+00	-1.907267e+01	-1.358734e-01	3.715510e-01	
2  348.665	3.215510e-01	1.402108e-01	3.019535e+00	-1.908281e+01	-1.356970e-01	3.715510e-01	
2  347.513	3.215510e-01	1.409733e-01	3.050155e+00	-1.907945e+01	-1.312732e-01	3.715510e-01	
1  347.871	3.266309e-01	1.409733e-01	3.050155e+00	-1.907945e+01	-1.312732e-01	3.766309e-01	
1  347.902	3.266309e-01	1.420537e-01	3.047762e+00	-1.907780e+01	-1.325275e-01	3.766309e-01	
1  348.124	3.266309e-01	1.410557e-01	3.044779e+00	-1.907950e+01	-1.328769e-01	3.766309e-01	
1  348.3	3.266309e-01	1.399302e-01	3.068000e+00	-1.907523e+01	-1.354779e-01	3.766309e-01	
1  347.414	3.266309e-01	1.415071e-01	3.036184e+00	-1.907248e+01	-1.286105e-01	3.766309e-01	
1  347.349	3.255132e-01	1.415071e-01	3.036184e+00	-1.907248e+01	-1.286105e-01	3.755132e-01	
1  347.318	3.255132e-01	1.417821e-01	3.068006e+00	-1.907634e+01	-1.297136e-01	3.755132e-01	
1  348.127	3.255132e-01	1.414388e-01	3.087866e+00	-1.908690e+01	-1.316348e-01	3.755132e-01	
1  348.117	3.255132e-01	1.422102e-01	3.093967e+00	-1.908786e+01	-1.313368e-01	3.755132e-01	
1  349.344	3.255132e-01	1.392668e-01	3.111027e+00	-1.908027e+01	-1.409435e-01	3.755132e-01	
1  349.207	3.238169e-01	1.392668e-01	3.111027e+00	-1.908027e+01	-1.409435e-01	3.738169e-01	
1  349.361	3.238169e-01	1.392678e-01	3.100595e+00	-1.908203e+01	-1.412750e-01	3.738169e-01	
2  348.565	3.238169e-01	1.388790e-01	3.103867e+00	-1.907828e+01	-1.372447e-01	3.738169e-01	
1  348.356	3.238169e-01	1.376909e-01	3.093939e+00	-1.907942e+01	-1.342120e-01	3.738169e-01	
1  348.697	3.283176e-01	1.376909e-01	3.093939e+00	-1.907942e+01	-1.342120e-01	3.783176e-01	
1  349.039	3.283176e-01	1.375561e-01	3.094336e+00	-1.908362e+01	-1.345355e-01	3.783176e-01	
1  348.76	3.283176e-01	1.378584e-01	3.080821e+00	-1.909040e+01	-1.293331e-01	3.783176e-01	
3  347.724	3.283176e-01	1.398306e-01	3.106509e+00	-1.909344e+01	-1.216007e-01	3.783176e-01	
2  347.5	3.283176e-01	1.393227e-01	3.127878e+00	-1.908883e+01	-1.218514e-01	3.783176e-01	
1  346.846	3.283176e-01	1.418829e-01	3.152296e+00	-1.908417e+01	-1.186740e-01	3.783176e-01	
1  347.115	3.283176e-01	1.418043e-01	3.149534e+00	-1.908463e+01	-1.210733e-01	3.783176e-01	
3  347.715	3.349774e-01	1.418043e-01	3.149534e+00	-1.908463e+01	-1.210733e-01	3.849774e-01	
1  347.163	3.349774e-01	1.441368e-01	3.172139e+00	-1.907534e+01	-1.179758e-01	3.849774e-01	
2  346.663	3.349774e-01	1.449011e-01	3.132232e+00	-1.907701e+01	-1.160467e-01	3.849774e-01	
1  346.216	3.349774e-01	1.474423e-01	3.110026e+00	-1.907429e+01	-1.098674e-01	3.849774e-01	
1  346.219	3.349774e-01	1.488495e-01	3.074524e+00	-1.908345e+01	-1.042918e-01	3.849774e-01	
1  345.669	3.349774e-01	1.467515e-01	3.075460e+00	-1.908991e+01	-9.486706e-02	3.849774e-01	
4  345.795	3.349774e-01	1.476752e-01	3.094923e+00	-1.909256e+01	-9.109874e-02	3.849774e-01	
1  345.241	3.349774e-01	1.470090e-01	3.078912e+00	-1.908181e+01	-8.913628e-02	3.849774e-01	
2  345.505	3.349774e-01	1.482000e-01	3.057244e+00	-1.908078e+01	-9.110421e-02	3.849774e-01	
2  345.48	3.349774e-01	1.470373e-01	3.055815e+00	-1.907282e+01	-9.354686e-02	3.849774e-01	
1  345.293	3.349774e-01	1.451232e-01	3.061759e+00	-1.906949e+01	-8.702859e-02	3.849774e-01	
1  345.818	3.349774e-01	1.465674e-01	3.051922e+00	-1.906721e+01	-7.604944e-02	3.849774e-01	
1  345.574	3.261879e-01	1.465674e-01	3.051922e+00	-1.906721e+01	-7.604944e-02	3.761879e-01	
1  345.835	3.261879e-01	1.482071e-01	3.048572e+00	-1.906663e+01	-7.815318e-02	3.761879e-01	
2  345.916	3.261879e-01	1.470977e-01	3.040586e+00	-1.906264e+01	-8.500314e-02	3.761879e-01	
3  346.108	3.261879e-01	1.492903e-01	3.059327e+00	-1.906328e+01	-8.424460e-02	3.761879e-01	
1  345.882	3.261879e-01	1.487057e-01	3.074229e+00	-1.906628e+01	-7.720096e-02	3.761879e-01	
1  346.229	3.261879e-01	1.482286e-01	3.069622e+00	-1.905957e+01	-8.550128e-02	3.761879e-01	
2  346.4	3.261879e-01	1.496368e-01	3.077397e+00	-1.906067e+01	-8.361310e-02	3.761879e-01	
1  345.287	3.261879e-01	1.489145e-01	3.081736e+00	-1.907167e+01	-9.055752e-02	3.761879e-01	
1  345.835	3.261879e-01	1.494134e-01	3.055672e+00	-1.906749e+01	-8.176614e-02	3.761879e-01	
1  345.938	3.261879e-01	1.508583e-01	3.061292e+00	-1.906927e+01	-8.382637e-02	3.761879e-01	
1  346.739	3.261879e-01	1.516541e-01	3.041945e+00	-1.906285e+01	-8.574521e-02	3.761879e-01	
2  346.588	3.114737e-01	1.516541e-01	3.041945e+00	-1.906285e+01	-8.574521e-02	3.614737e-01	
2  346.171	3.114737e-01	1.512592e-01	3.059018e+00	-1.906646e+01	-7.987985e-02	3.614737e-01	
1  346.147	3.114737e-01	1.528627e-01	3.054761e+00	-1.907228e+01	-7.661765e-02	3.614737e-01	
1  346.095	3.006583e-01	1.528627e-01	3.054761e+00	-1.907228e+01	-7.661765e-02	3.506583e-01	
1  346.93	3.006583e-01	1.517461e-01	3.045782e+00	-1.906417e+01	-7.709128e-02	3.506583e-01	
1  346.848	3.006583e-01	1.535946e-01	3.011721e+00	-1.907371e+01	-7.176249e-02	3.506583e-01	
1  346.768	3.006583e-01	1.532780e-01	3.027745e+00	-1.907557e+01	-6.561754e-02	3.506583e-01	
1  345.921	3.006583e-01	1.531170e-01	2.981932e+00	-1.908549e+01	-7.395520e-02	3.506583e-01	
2  345.877	2.968439e-01	1.531170e-01	2.981932e+00	-1.908549e+01	-7.395520e-02	3.468439e-01	
1  345.35	2.968439e-01	1.537186e-01	2.987235e+00	-1.909696e+01	-7.542624e-02	3.468439e-01	
2  346.916	2.968439e-01	1.535850e-01	2.912099e+00	-1.909961e+01	-9.004915e-02	3.468439e-01	
1  347.11	3.012731e-01	1.535850e-01	2.912099e+00	-1.909961e+01	-9.004915e-02	3.512731e-01	
2  347.841	3.012731e-01	1.545599e-01	2.896714e+00	-1.909242e+01	-8.742402e-02	3.512731e-01	
1  347.766	3.012731e-01	1.545403e-01	2.900116e+00	-1.909180e+01	-8.250861e-02	3.512731e-01	
1  347.384	3.012731e-01	1.544922e-01	2.910084e+00	-1.910469e+01	-7.961257e-02	3.512731e-01	
2  347.753	3.078071e-01	1.544922e-01	2.910084e+00	-1.910469e+01	-7.961257e-02	3.578071e-01	
1  348.736	3.078071e-01	1.549292e-01	2.905569e+00	-1.911439e+01	-8.632131e-02	3.578071e-01	
1  347.647	3.078071e-01	1.543380e-01	2.927444e+00	-1.911093e+01	-8.391604e-02	3.578071e-01	
2  347.924	3.078071e-01	1.535866e-01	2.929107e+00	-1.911613e+01	-8.707010e-02	3.578071e-01	
1  347.834	3.078071e-01	1.527557e-01	2.929723e+00	-1.911581e+01	-9.071707e-02	3.578071e-01	
1  348.077	3.078071e-01	1.535890e-01	2.910190e+00	-1.911014e+01	-9.115530e-02	3.578071e-01	
1  348.78	3.078071e-01	1.538461e-01	2.916598e+00	-1.911743e+01	-9.339455e-02	3.578071e-01	
2  347.946	3.078071e-01	1.523139e-01	2.901008e+00	-1.911087e+01	-8.891156e-02	3.578071e-01	
2  347.284	3.078071e-01	1.510500e-01	2.908200e+00	-1.911425e+01	-7.677768e-02	3.578071e-01	
2  347.073	3.078071e-01	1.504473e-01	2.920042e+00	-1.911729e+01	-7.712492e-02	3.578071e-01	
1  344.961	2.596508e-01	1.504473e-01	2.920042e+00	-1.911729e+01	-7.712492e-02	3.096508e-01	
1  344.763	2.596508e-01	1.499294e-01	2.923565e+00	-1.911704e+01	-7.726271e-02	3.096508e-01	
1  344.203	2.596508e-01	1.500027e-01	2.948252e+00	-1.911601e+01	-8.513326e-02	3.096508e-01	
1  344.315	2.596508e-01	1.493809e-01	2.939110e+00	-1.912291e+01	-8.116319e-02	3.096508e-01	
4  344.07	2.596508e-01	1.498284e-01	2.955375e+00	-1.912742e+01	-7.602645e-02	3.096508e-01	
1  344.389	2.596508e-01	1.489552e-01	2.938057e+00	-1.912549e+01	-8.306376e-02	3.096508e-01	
1  344.071	2.596508e-01	1.479326e-01	2.944622e+00	-1.912740e+01	-8.007420e-02	3.096508e-01	
1  344.623	2.741134e-01	1.479326e-01	2.944622e+00	-1.912740e+01	-8.007420e-02	3.241134e-01	
1  344.997	2.741134e-01	1.481095e-01	2.916481e+00	-1.911704e+01	-6.267401e-02	3.241134e-01	
1  344.508	2.741134e-01	1.476332e-01	2.933037e+00	-1.912017e+01	-6.118095e-02	3.241134e-01	
1  344.697	2.741134e-01	1.457637e-01	2.922053e+00	-1.912790e+01	-6.082802e-02	3.241134e-01	
2  345.052	2.741134e-01	1.444474e-01	2.901359e+00	-1.912001e+01	-5.931327e-02	3.241134e-01	
1  344.416	2.741134e-01	1.432345e-01	2.918968e+00	-1.912057e+01	-6.028747e-02	3.241134e-01	
1  344.463	2.741134e-01	1.432211e-01	2.922404e+00	-1.912419e+01	-5.548057e-02	3.241134e-01	
3  344.146	2.741134e-01	1.431174e-01	2.932572e+00	-1.912470e+01	-5.738501e-02	3.241134e-01	
1  344.442	2.741134e-01	1.411657e-01	2.923361e+00	-1.912724e+01	-5.403485e-02	3.241134e-01	
1  345.459	2.741134e-01	1.406313e-01	2.894819e+00	-1.912709e+01	-4.852543e-02	3.241134e-01	
2  343.682	2.741134e-01	1.416039e-01	2.946826e+00	-1.912022e+01	-5.775044e-02	3.241134e-01	
2  343.592	2.596425e-01	1.416039e-01	2.946826e+00	-1.912022e+01	-5.775044e-02	3.096425e-01	
2  344.848	2.596425e-01	1.428685e-01	2.930943e+00	-1.912041e+01	-4.318534e-02	3.096425e-01	
1  344.503	2.596425e-01	1.402994e-01	2.927781e+00	-1.912341e+01	-4.650058e-02	3.096425e-01	
1  345.565	2.310496e-01	1.402994e-01	2.927781e+00	-1.912341e+01	-4.650058e-02	2.810496e-01	
1  344.338	2.310496e-01	1.403594e-01	2.940029e+00	-1.913188e+01	-5.048137e-02	2.810496e-01	
1  343.855	2.310496e-01	1.401413e-01	2.956736e+00	-1.912798e+01	-5.560960e-02	2.810496e-01	
1  344.498	2.310496e-01	1.407313e-01	2.946595e+00	-1.913218e+01	-4.436706e-02	2.810496e-01	
1  344.528	2.310496e-01	1.404683e-01	2.942708e+00	-1.914098e+01	-4.010012e-02	2.810496e-01	
1  344.281	2.475183e-01	1.404683e-01	2.942708e+00	-1.914098e+01	-4.010012e-02	2.975183e-01	
1  343.968	2.475183e-01	1.412720e-01	2.963311e+00	-1.914912e+01	-4.239084e-02	2.975183e-01	
1  344.52	2.475183e-01	1.413351e-01	2.941992e+00	-1.914918e+01	-4.075904e-02	2.975183e-01	
1  345.022	2.475183e-01	1.392008e-01	2.930932e+00	-1.915044e+01	-3.647492e-02	2.975183e-01	
1  344.899	2.475183e-01	1.414062e-01	2.944521e+00	-1.914869e+01	-3.202088e-02	2.975183e-01	
1  345.162	2.591191e-01	1.414062e-01	2.944521e+00	-1.914869e+01	-3.202088e-02	3.091191e-01	
1  345.15	2.591191e-01	1.405834e-01	2.935177e+00	-1.914446e+01	-3.221115e-02	3.091191e-01	
1  344.841	2.591191e-01	1.392625e-01	2.941003e+00	-1.914355e+01	-3.399895e-02	3.091191e-01	
1  345.477	2.591191e-01	1.406507e-01	2.912104e+00	-1.913623e+01	-3.485842e-02	3.091191e-01	
1  346.585	2.591191e-01	1.381720e-01	2.878989e+00	-1.912976e+01	-3.677649e-02	3.091191e-01	
1  346.556	2.645037e-01	1.381720e-01	2.878989e+00	-1.912976e+01	-3.677649e-02	3.145037e-01	
1  346.858	2.645037e-01	1.376766e-01	2.872028e+00	-1.913209e+01	-3.604808e-02	3.145037e-01	
1  345.887	2.645037e-01	1.383237e-01	2.898143e+00	-1.913911e+01	-3.738635e-02	3.145037e-01	
2  344.654	2.645037e-01	1.393083e-01	2.950765e+00	-1.913973e+01	-3.335438e-02	3.145037e-01	
1  344.484	2.500553e-01	1.393083e-01	2.950765e+00	-1.913973e+01	-3.335438e-02	3.000553e-01	
1  346.332	2.500553e-01	1.391709e-01	2.898929e+00	-1.913498e+01	-3.013932e-02	3.000553e-01	
1  345.127	2.500553e-01	1.404663e-01	2.940196e+00	-1.913087e+01	-3.141689e-02	3.000553e-01	
1  344.36	2.500553e-01	1.424942e-01	2.949460e+00	-1.912946e+01	-3.955637e-02	3.000553e-01	
1  344.116	2.500553e-01	1.423519e-01	2.947757e+00	-1.913278e+01	-4.231100e-02	3.000553e-01	
2  344.509	2.759457e-01	1.423519e-01	2.947757e+00	-1.913278e+01	-4.231100e-02	3.259457e-01	
1  343.601	2.759457e-01	1.426638e-01	2.977788e+00	-1.912898e+01	-4.723834e-02	3.259457e-01	
1  344.239	2.759457e-01	1.429814e-01	2.945764e+00	-1.912854e+01	-4.789793e-02	3.259457e-01	
1  344.26	2.759457e-01	1.437599e-01	2.940708e+00	-1.912518e+01	-5.045256e-02	3.259457e-01	
1  344.034	2.608046e-01	1.437599e-01	2.940708e+00	-1.912518e+01	-5.045256e-02	3.108046e-01	
1  344.627	2.608046e-01	1.436724e-01	2.911143e+00	-1.912568e+01	-5.580559e-02	3.108046e-01	
1  344.709	2.608046e-01	1.437569e-01	2.906961e+00	-1.912415e+01	-5.795857e-02	3.108046e-01	
1  343.445	2.608046e-01	1.423151e-01	2.945181e+00	-1.912607e+01	-6.893903e-02	3.108046e-01	
1  343.798	2.608046e-01	1.407612e-01	2.933561e+00	-1.912927e+01	-6.586330e-02	3.108046e-01	
1  343.873	2.644574e-01	1.407612e-01	2.933561e+00	-1.912927e+01	-6.586330e-02	3.144574e-01	
1  343.867	2.644574e-01	1.412535e-01	2.941299e+00	-1.913409e+01	-6.488384e-02	3.144574e-01	
1  343.638	2.644574e-01	1.416712e-01	2.953852e+00	-1.913288e+01	-7.191957e-02	3.144574e-01	
1  343.331	2.644574e-01	1.433462e-01	2.961888e+00	-1.913067e+01	-6.894060e-02	3.144574e-01	
1  343.378	2.644574e-01	1.415219e-01	2.953531e+00	-1.912757e+01	-7.112381e-02	3.144574e-01	
1  343.344	2.630791e-01	1.415219e-01	2.953531e+00	-1.912757e+01	-7.112381e-02	3.130791e-01	
1  343.777	2.630791e-01	1.409036e-01	2.935230e+00	-1.912731e+01	-6.991734e-02	3.130791e-01	
1  344.497	2.630791e-01	1.393950e-01	2.911321e+00	-1.912836e+01	-6.391751e-02	3.130791e-01	
1  343.706	2.630791e-01	1.388003e-01	2.940846e+00	-1.912647e+01	-5.908079e-02	3.130791e-01	
1  344.318	2.630791e-01	1.395294e-01	2.917296e+00	-1.912805e+01	-6.700232e-02	3.130791e-01	
3  344.598	2.736043e-01	1.395294e-01	2.917296e+00	-1.912805e+01	-6.700232e-02	3.236043e-01	
4  344.003	2.736043e-01	1.422196e-01	2.930867e+00	-1.912205e+01	-6.964459e-02	3.236043e-01	
1  343.385	2.736043e-01	1.420152e-01	2.954653e+00	-1.911898e+01	-7.254176e-02	3.236043e-01	
2  342.925	2.736043e-01	1.426190e-01	2.985669e+00	-1.912039e+01	-7.794036e-02	3.236043e-01	
1  342.737	2.671727e-01	1.426190e-01	2.985669e+00	-1.912039e+01	-7.794036e-02	3.171727e-01	
1  342.503	2.671727e-01	1.406503e-01	3.006051e+00	-1.912590e+01	-7.373265e-02	3.171727e-01	
1  342.523	2.671727e-01	1.403104e-01	3.010490e+00	-1.912864e+01	-7.138754e-02	3.171727e-01	
1  342.183	2.671727e-01	1.389550e-01	3.059911e+00	-1.912714e+01	-7.559145e-02	3.171727e-01	
1  342.645	2.671727e-01	1.401963e-01	3.040706e+00	-1.913324e+01	-7.537285e-02	3.171727e-01	
1  342.269	2.584570e-01	1.401963e-01	3.040706e+00	-1.913324e+01	-7.537285e-02	3.084570e-01	
1  341.829	2.584570e-01	1.410890e-01	3.075032e+00	-1.913174e+01	-6.889334e-02	3.084570e-01	
1  341.563	2.584570e-01	1.401537e-01	3.095153e+00	-1.912385e+01	-6.428556e-02	3.084570e-01	
1  341.64	2.584570e-01	1.402389e-01	3.100042e+00	-1.912691e+01	-6.041647e-02	3.084570e-01	
2  341.822	2.584570e-01	1.399882e-01	3.075615e+00	-1.912805e+01	-5.359103e-02	3.084570e-01	
1  341.939	2.584570e-01	1.411833e-01	3.093422e+00	-1.913477e+01	-5.624572e-02	3.084570e-01	
1  342.03	2.584570e-01	1.410311e-01	3.090246e+00	-1.913588e+01	-5.315557e-02	3.084570e-01	
1  342.164	2.584570e-01	1.420148e-01	3.079196e+00	-1.913807e+01	-5.452401e-02	3.084570e-01	
1  342.028	2.584570e-01	1.437738e-01	3.084768e+00	-1.912828e+01	-5.257016e-02	3.084570e-01	
1  341.953	2.444494e-01	1.437738e-01	3.084768e+00	-1.912828e+01	-5.257016e-02	2.944494e-01	
1  342.072	2.444494e-01	1.442498e-01	3.071502e+00	-1.913442e+01	-5.093369e-02	2.944494e-01	
1  341.83	2.444494e-01	1.437818e-01	3.055866e+00	-1.913419e+01	-6.070648e-02	2.944494e-01	
1  341.907	2.444494e-01	1.439361e-01	3.045031e+00	-1.913530e+01	-6.399000e-02	2.944494e-01	
1  342.09	2.444494e-01	1.445929e-01	3.049803e+00	-1.913868e+01	-7.060785e-02	2.944494e-01	
1  341.957	2.343899e-01	1.445929e-01	3.049803e+00	-1.913868e+01	-7.060785e-02	2.843899e-01	
1  342.025	2.343899e-01	1.435940e-01	3.038667e+00	-1.913708e+01	-7.584478e-02	2.843899e-01	
1  342.332	2.343899e-01	1.435401e-01	3.029027e+00	-1.914234e+01	-7.518332e-02	2.843899e-01	
2  342.386	2.343899e-01	1.402959e-01	3.008986e+00	-1.913163e+01	-7.868852e-02	2.843899e-01	
1  342.486	2.528802e-01	1.402959e-01	3.008986e+00	-1.913163e+01	-7.868852e-02	3.028802e-01	
1  343.529	2.528802e-01	1.403068e-01	2.955837e+00	-1.913642e+01	-7.382639e-02	3.028802e-01	
1  342.965	2.528802e-01	1.411845e-01	2.993906e+00	-1.913415e+01	-8.214007e-02	3.028802e-01	
1  342.902	2.528802e-01	1.393844e-01	3.008931e+00	-1.913618e+01	-8.085496e-02	3.028802e-01	
1  343.382	2.528802e-01	1.370304e-01	3.005424e+00	-1.913724e+01	-8.277873e-02	3.028802e-01	
1  343.281	2.195862e-01	1.370304e-01	3.005424e+00	-1.913724e+01	-8.277873e-02	2.695862e-01	
1  343.468	2.195862e-01	1.361475e-01	3.021723e+00	-1.913970e+01	-8.787966e-02	2.695862e-01	
1  343.116	2.195862e-01	1.363561e-01	3.022226e+00	-1.913434e+01	-8.310307e-02	2.695862e-01	
1  343.413	2.195862e-01	1.365345e-01	3.001119e+00	-1.913702e+01	-8.215340e-02	2.695862e-01	
1  343.238	2.195862e-01	1.371794e-01	3.003699e+00	-1.912899e+01	-7.551272e-02	2.695862e-01	
1  342.577	2.474803e-01	1.371794e-01	3.003699e+00	-1.912899e+01	-7.551272e-02	2.974803e-01	
1  342.78	2.474803e-01	1.376352e-01	3.018690e+00	-1.914066e+01	-7.455225e-02	2.974803e-01	
1  342.416	2.474803e-01	1.364352e-01	3.028389e+00	-1.913700e+01	-6.925500e-02	2.974803e-01	
2  342.485	2.474803e-01	1.374748e-01	3.029637e+00	-1.913672e+01	-7.601140e-02	2.974803e-01	
1  342.438	2.449874e-01	1.374748e-01	3.029637e+00	-1.913672e+01	-7.601140e-02	2.949874e-01	
1  342.289	2.449874e-01	1.365183e-01	3.042959e+00	-1.913736e+01	-7.135378e-02	2.949874e-01	
1  342.516	2.449874e-01	1.363134e-01	3.014294e+00	-1.913636e+01	-6.743197e-02	2.949874e-01	
1  342.842	2.449874e-01	1.357490e-01	3.008050e+00	-1.913750e+01	-7.192128e-02	2.949874e-01	
1  342.432	2.449874e-01	1.376297e-01	3.015524e+00	-1.913597e+01	-7.201741e-02	2.949874e-01	
1  342.442	2.457932e-01	1.376297e-01	3.015524e+00	-1.913597e+01	-7.201741e-02	2.957932e-01	
1  342.098	2.457932e-01	1.377079e-01	3.058088e+00	-1.913115e+01	-8.027104e-02	2.957932e-01	
1  341.985	2.457932e-01	1.396441e-01	3.044316e+00	-1.913084e+01	-7.910011e-02	2.957932e-01	
1  342.002	2.457932e-01	1.393046e-01	3.045580e+00	-1.913646e+01	-7.199212e-02	2.957932e-01	
1  342.343	2.457932e-01	1.400262e-01	3.021854e+00	-1.913874e+01	-7.282701e-02	2.957932e-01	
1  342.428	2.493251e-01	1.400262e-01	3.021854e+00	-1.913874e+01	-7.282701e-02	2.993251e-01	
1  342.79	2.493251e-01	1.392938e-01	3.018811e+00	-1.914345e+01	-7.150134e-02	2.993251e-01	
2  343.008	2.493251e-01	1.395431e-01	3.009976e+00	-1.914817e+01	-6.178955e-02	2.993251e-01	
2  342.984	2.493251e-01	1.402443e-01	3.011865e+00	-1.914671e+01	-6.777243e-02	2.993251e-01	
2  342.847	2.493251e-01	1.400785e-01	2.991895e+00	-1.914232e+01	-6.283998e-02	2.993251e-01	
1  342.907	2.493251e-01	1.381238e-01	2.994222e+00	-1.914272e+01	-6.094537e-02	2.993251e-01	
2  343.639	2.493251e-01	1.398928e-01	2.987535e+00	-1.915102e+01	-6.402462e-02	2.993251e-01	
1  343.284	2.493251e-01	1.398672e-01	2.979651e+00	-1.914613e+01	-6.023751e-02	2.993251e-01	
2  343.486	2.493251e-01	1.378767e-01	2.973472e+00	-1.914099e+01	-7.280399e-02	2.993251e-01	
1  343.883	2.493251e-01	1.373620e-01	2.979637e+00	-1.914563e+01	-7.480900e-02	2.993251e-01	
1  343.98	2.517789e-01	1.373620e-01	2.979637e+00	-1.914563e+01	-7.480900e-02	3.017789e-01	
1  344.514	2.517789e-01	1.373666e-01	2.983099e+00	-1.914815e+01	-8.003512e-02	3.017789e-01	
1  344.105	2.517789e-01	1.379884e-01	2.976437e+00	-1.914372e+01	-8.023043e-02	3.017789e-01	
1  343.151	2.517789e-01	1.405409e-01	2.984655e+00	-1.913860e+01	-7.663851e-02	3.017789e-01	
1  343.145	2.517789e-01	1.410257e-01	3.016627e+00	-1.913901e+01	-8.510050e-02	3.017789e-01	
1  342.752	2.224385e-01	1.410257e-01	3.016627e+00	-1.913901e+01	-8.510050e-02	2.724385e-01	
1  342.648	2.224385e-01	1.414712e-01	3.015395e+00	-1.913623e+01	-8.407966e-02	2.724385e-01	
1  343.095	2.224385e-01	1.429252e-01	3.002617e+00	-1.914258e+01	-8.619604e-02	2.724385e-01	
1  343.304	2.224385e-01	1.425058e-01	3.034669e+00	-1.915052e+01	-8.804493e-02	2.724385e-01	
2  343.331	2.224385e-01	1.413898e-01	3.020056e+00	-1.914869e+01	-8.764233e-02	2.724385e-01	
1  342.714	2.224385e-01	1.413372e-01	3.025211e+00	-1.914682e+01	-7.980395e-02	2.724385e-01	
1  342.121	2.224385e-01	1.405627e-01	3.044746e+00	-1.913884e+01	-7.631145e-02	2.724385e-01	
2  342.478	2.224385e-01	1.400441e-01	3.067348e+00	-1.914102e+01	-8.742093e-02	2.724385e-01	
1  342.826	2.440469e-01	1.400441e-01	3.067348e+00	-1.914102e+01	-8.742093e-02	2.940469e-01	
1  342.217	2.440469e-01	1.415137e-01	3.092318e+00	-1.913150e+01	-9.053787e-02	2.940469e-01	
1  342.977	2.440469e-01	1.415728e-01	3.103110e+00	-1.913641e+01	-9.622799e-02	2.940469e-01	
1  342.699	2.440469e-01	1.394974e-01	3.101930e+00	-1.913003e+01	-9.703173e-02	2.940469e-01	
1  342.401	2.440469e-01	1.384049e-01	3.102733e+00	-1.912201e+01	-9.585670e-02	2.940469e-01	
1  342.889	2.648010e-01	1.384049e-01	3.102733e+00	-1.912201e+01	-9.585670e-02	3.148010e-01	
1  342.821	2.648010e-01	1.391629e-01	3.108455e+00	-1.912191e+01	-9.585167e-02	3.148010e-01	
1  342.533	2.648010e-01	1.383177e-01	3.084077e+00	-1.911934e+01	-9.264593e-02	3.148010e-01	
1  342.729	2.648010e-01	1.373749e-01	3.079244e+00	-1.911888e+01	-9.401302e-02	3.148010e-01	
2  343.069	2.648010e-01	1.391299e-01	3.072942e+00	-1.912172e+01	-9.878980e-02	3.148010e-01	
1  343.127	2.648010e-01	1.382622e-01	3.074393e+00	-1.911969e+01	-9.987226e-02	3.148010e-01	
1  343.535	2.648010e-01	1.380215e-01	3.078967e+00	-1.912723e+01	-9.822043e-02	3.148010e-01	
1  343.522	2.648010e-01	1.382080e-01	3.057639e+00	-1.913020e+01	-9.447119e-02	3.148010e-01	
1  342.894	2.648010e-01	1.406422e-01	3.084816e+00	-1.913134e+01	-8.840669e-02	3.148010e-01	
1  342.682	2.606496e-01	1.406422e-01	3.084816e+00	-1.913134e+01	-8.840669e-02	3.106496e-01	
1  343.41	2.606496e-01	1.414499e-01	3.016178e+00	-1.913610e+01	-8.708679e-02	3.106496e-01	
1  343.771	2.606496e-01	1.402380e-01	3.006173e+00	-1.913595e+01	-8.978523e-02	3.106496e-01	
2  343.058	2.606496e-01	1.405140e-01	3.054392e+00	-1.913198e+01	-9.146619e-02	3.106496e-01	
1  342.431	2.400720e-01	1.405140e-01	3.054392e+00	-1.913198e+01	-9.146619e-02	2.900720e-01	
1  342.058	2.400720e-01	1.424406e-01	3.078908e+00	-1.912774e+01	-9.142082e-02	2.900720e-01	
2  342.222	2.400720e-01	1.420893e-01	3.094638e+00	-1.912078e+01	-9.762356e-02	2.900720e-01	
1  342.356	2.400720e-01	1.427277e-01	3.060267e+00	-1.911842e+01	-9.770540e-02	2.900720e-01	
1  342.352	2.496867e-01	1.427277e-01	3.060267e+00	-1.911842e+01	-9.770540e-02	2.996867e-01	
1  342.073	2.496867e-01	1.427853e-01	3.066177e+00	-1.912508e+01	-9.012915e-02	2.996867e-01	
1  342.142	2.496867e-01	1.425898e-01	3.076743e+00	-1.913022e+01	-8.778475e-02	2.996867e-01	
2  341.987	2.496867e-01	1.422936e-01	3.105780e+00	-1.913540e+01	-7.765265e-02	2.996867e-01	
1  341.798	2.426193e-01	1.422936e-01	3.105780e+00	-1.913540e+01	-7.765265e-02	2.926193e-01	
1  341.649	2.426193e-01	1.428397e-01	3.123653e+00	-1.912922e+01	-7.869364e-02	2.926193e-01	
2  341.478	2.426193e-01	1.411696e-01	3.116621e+00	-1.912358e+01	-7.039011e-02	2.926193e-01	
1  341.516	2.426193e-01	1.418280e-01	3.109851e+00	-1.913148e+01	-7.096288e-02	2.926193e-01	
1  341.54	2.307219e-01	1.418280e-01	3.109851e+00	-1.913148e+01	-7.096288e-02	2.807219e-01	
2  341.656	2.307219e-01	1.425885e-01	3.122692e+00	-1.912492e+01	-7.175199e-02	2.807219e-01	
1  341.704	2.307219e-01	1.417908e-01	3.141520e+00	-1.913387e+01	-7.506267e-02	2.807219e-01	
1  341.584	2.307219e-01	1.406613e-01	3.129327e+00	-1.913220e+01	-6.965248e-02	2.807219e-01	
1  342.16	2.112096e-01	1.406613e-01	3.129327e+00	-1.913220e+01	-6.965248e-02	2.612096e-01	
1  342.049	2.112096e-01	1.406297e-01	3.119183e+00	-1.913532e+01	-7.252299e-02	2.612096e-01	
2  342.085	2.112096e-01	1.415130e-01	3.129108e+00	-1.914384e+01	-7.507255e-02	2.612096e-01	
1  342.063	2.112096e-01	1.392542e-01	3.119917e+00	-1.914419e+01	-6.871524e-02	2.612096e-01	
1  341.937	2.328229e-01	1.392542e-01	3.119917e+00	-1.914419e+01	-6.871524e-02	2.828229e-01	
1  341.97	2.328229e-01	1.386357e-01	3.116754e+00	-1.914398e+01	-6.961974e-02	2.828229e-01	
1  341.694	2.328229e-01	1.380572e-01	3.114902e+00	-1.913595e+01	-5.998290e-02	2.828229e-01	
1  342.077	2.328229e-01	1.349188e-01	3.137317e+00	-1.913072e+01	-6.232781e-02	2.828229e-01	
2  342.061	2.328229e-01	1.357997e-01	3.151082e+00	-1.912750e+01	-7.164656e-02	2.828229e-01	
2  342.095	2.328229e-01	1.362393e-01	3.154861e+00	-1.912571e+01	-7.569928e-02	2.828229e-01	
1  342.419	2.328229e-01	1.350073e-01	3.171896e+00	-1.912822e+01	-7.676519e-02	2.828229e-01	
1  342.039	2.328229e-01	1.365750e-01	3.159971e+00	-1.913082e+01	-7.318897e-02	2.828229e-01	
1  342.968	2.049964e-01	1.365750e-01	3.159971e+00	-1.913082e+01	-7.318897e-02	2.549964e-01	
1  343	2.049964e-01	1.360866e-01	3.153708e+00	-1.913187e+01	-7.813569e-02	2.549964e-01	
2  342.632	2.049964e-01	1.377542e-01	3.138608e+00	-1.913377e+01	-7.502797e-02	2.549964e-01	
1  342.85	2.049964e-01	1.367475e-01	3.146557e+00	-1.913504e+01	-8.127486e-02	2.549964e-01	
4  342.274	2.257431e-01	1.367475e-01	3.146557e+00	-1.913504e+01	-8.127486e-02	2.757431e-01	
2  341.88	2.257431e-01	1.374822e-01	3.126209e+00	-1.913583e+01	-7.291276e-02	2.757431e-01	
2  342.067	2.257431e-01	1.371064e-01	3.162904e+00	-1.913300e+01	-7.100628e-02	2.757431e-01	
1  342.182	2.257431e-01	1.363083e-01	3.155124e+00	-1.913294e+01	-7.578949e-02	2.757431e-01	
2  342.273	2.257431e-01	1.356166e-01	3.122969e+00	-1.913006e+01	-8.023390e-02	2.757431e-01	
1  342.438	2.257431e-01	1.367076e-01	3.160977e+00	-1.912483e+01	-8.448535e-02	2.757431e-01	
2  342.538	2.257431e-01	1.371695e-01	3.182068e+00	-1.912430e+01	-8.366060e-02	2.757431e-01	
1  342.983	2.257431e-01	1.358058e-01	3.219120e+00	-1.912561e+01	-7.367846e-02	2.757431e-01	
1  343.37	2.146753e-01	1.358058e-01	3.219120e+00	-1.912561e+01	-7.367846e-02	2.646753e-01	
4  343.781	2.146753e-01	1.339902e-01	3.229661e+00	-1.912671e+01	-7.448085e-02	2.646753e-01	
1  343.289	2.365220e-01	1.339902e-01	3.229661e+00	-1.912671e+01	-7.448085e-02	2.865220e-01	
1  343.969	2.365220e-01	1.359845e-01	3.256306e+00	-1.913468e+01	-8.056288e-02	2.865220e-01	
2  344.385	2.365220e-01	1.353294e-01	3.259319e+00	-1.913558e+01	-8.450548e-02	2.865220e-01	
1  343.758	2.365220e-01	1.349463e-01	3.247056e+00	-1.912783e+01	-8.309447e-02	2.865220e-01	
1  344.351	2.592641e-01	1.349463e-01	3.247056e+00	-1.912783e+01	-8.309447e-02	3.092641e-01	
2  344.535	2.592641e-01	1.351628e-01	3.237208e+00	-1.913238e+01	-8.424260e-02	3.092641e-01	
2  344.237	2.592641e-01	1.348430e-01	3.247689e+00	-1.912611e+01	-8.252947e-02	3.092641e-01	
1  344.18	2.578255e-01	1.348430e-01	3.247689e+00	-1.912611e+01	-8.252947e-02	3.078255e-01	
1  342.956	2.578255e-01	1.376359e-01	3.192829e+00	-1.913165e+01	-7.775605e-02	3.078255e-01	
1  342.651	2.578255e-01	1.354918e-01	3.155858e+00	-1.912931e+01	-7.911916e-02	3.078255e-01	
1  343.579	2.578255e-01	1.336875e-01	3.145859e+00	-1.913788e+01	-8.007934e-02	3.078255e-01	
4  343.814	2.578255e-01	1.351404e-01	3.180799e+00	-1.914106e+01	-7.626851e-02	3.078255e-01	
2  343.285	2.578255e-01	1.345201e-01	3.151703e+00	-1.913963e+01	-7.377646e-02	3.078255e-01	
1  343.235	2.568473e-01	1.345201e-01	3.151703e+00	-1.913963e+01	-7.377646e-02	3.068473e-01	
1  342.876	2.568473e-01	1.359072e-01	3.127323e+00	-1.913838e+01	-7.628657e-02	3.068473e-01	
2  343.086	2.568473e-01	1.372102e-01	3.116004e+00	-1.914267e+01	-7.609481e-02	3.068473e-01	
3  343.329	2.568473e-01	1.387605e-01	3.118460e+00	-1.914479e+01	-7.794217e-02	3.068473e-01	
1  343.439	2.568473e-01	1.383390e-01	3.104481e+00	-1.914302e+01	-8.308401e-02	3.068473e-01	
3  343.746	2.568473e-01	1.378432e-01	3.108186e+00	-1.914049e+01	-8.993083e-02	3.068473e-01	
1  342.585	2.568473e-01	1.366006e-01	3.094084e+00	-1.913107e+01	-8.442218e-02	3.068473e-01	
1  342.147	2.568473e-01	1.374246e-01	3.078091e+00	-1.913416e+01	-7.239520e-02	3.068473e-01	
1  342.159	2.568473e-01	1.382501e-01	3.033542e+00	-1.913233e+01	-6.865736e-02	3.068473e-01	
1  342.154	2.568473e-01	1.380968e-01	3.066963e+00	-1.913219e+01	-7.641784e-02	3.068473e-01	
1  342.641	2.683759e-01	1.380968e-01	3.066963e+00	-1.913219e+01	-7.641784e-02	3.183759e-01	
1  343.176	2.683759e-01	1.388554e-01	3.089526e+00	-1.913676e+01	-7.989421e-02	3.183759e-01	
1  343.76	2.683759e-01	1.378169e-01	3.123966e+00	-1.913896e+01	-8.189504e-02	3.183759e-01	
3  345.615	2.683759e-01	1.373763e-01	3.102909e+00	-1.914752e+01	-8.928165e-02	3.183759e-01	
1  344.466	2.683759e-01	1.359109e-01	3.122226e+00	-1.914479e+01	-7.835750e-02	3.183759e-01	
3  344.521	2.683759e-01	1.343156e-01	3.121401e+00	-1.914441e+01	-7.681007e-02	3.183759e-01	
4  344.789	2.716970e-01	1.343156e-01	3.121401e+00	-1.914441e+01	-7.681007e-02	3.216970e-01	
1  344.359	2.716970e-01	1.332733e-01	3.116905e+00	-1.913979e+01	-7.727401e-02	3.216970e-01	
1  342.902	2.420521e-01	1.332733e-01	3.116905e+00	-1.913979e+01	-7.727401e-02	2.920521e-01	
1  343.567	2.420521e-01	1.322169e-01	3.166642e+00	-1.913384e+01	-8.580969e-02	2.920521e-01	
2  344.693	2.420521e-01	1.291364e-01	3.133127e+00	-1.913192e+01	-9.307061e-02	2.920521e-01	
1  344.792	2.420521e-01	1.299712e-01	3.105750e+00	-1.913430e+01	-9.587123e-02	2.920521e-01	
1  345.153	2.534373e-01	1.299712e-01	3.105750e+00	-1.913430e+01	-9.587123e-02	3.034373e-01	
1  344.42	2.534373e-01	1.290393e-01	3.111012e+00	-1.913059e+01	-8.774486e-02	3.034373e-01	
1  345.489	2.534373e-01	1.281193e-01	3.090643e+00	-1.912993e+01	-9.620341e-02	3.034373e-01	
1  344.65	2.534373e-01	1.290612e-01	3.094525e+00	-1.912606e+01	-9.350552e-02	3.034373e-01	
1  344.286	2.534373e-01	1.304124e-01	3.076232e+00	-1.913157e+01	-8.979355e-02	3.034373e-01	
2  344.374	2.176606e-01	1.304124e-01	3.076232e+00	-1.913157e+01	-8.979355e-02	2.676606e-01	
1  344.315	2.176606e-01	1.295752e-01	3.104659e+00	-1.912944e+01	-8.644799e-02	2.676606e-01	
2  345.022	2.176606e-01	1.286574e-01	3.064439e+00	-1.913029e+01	-8.832776e-02	2.676606e-01	
2  344.602	2.328350e-01	1.286574e-01	3.064439e+00	-1.913029e+01	-8.832776e-02	2.828350e-01	
1  344.355	2.328350e-01	1.283422e-01	3.090696e+00	-1.913310e+01	-8.463164e-02	2.828350e-01	
1  344.259	2.328350e-01	1.293996e-01	3.085931e+00	-1.913911e+01	-8.478009e-02	2.828350e-01	
1  344.558	2.328350e-01	1.283450e-01	3.131323e+00	-1.914058e+01	-8.331547e-02	2.828350e-01	
1  344.56	2.330130e-01	1.283450e-01	3.131323e+00	-1.914058e+01	-8.331547e-02	2.830130e-01	
1  344.692	2.330130e-01	1.278194e-01	3.137153e+00	-1.914019e+01	-8.266349e-02	2.830130e-01	
1  344.744	2.330130e-01	1.271707e-01	3.140762e+00	-1.913320e+01	-8.440332e-02	2.830130e-01	
1  344.691	2.330130e-01	1.285024e-01	3.179691e+00	-1.912834e+01	-8.904884e-02	2.830130e-01	
1  345.15	2.330130e-01	1.273503e-01	3.180484e+00	-1.912599e+01	-9.021910e-02	2.830130e-01	
1  345.343	2.227123e-01	1.273503e-01	3.180484e+00	-1.912599e+01	-9.021910e-02	2.727123e-01	
1  345.328	2.227123e-01	1.265691e-01	3.152359e+00	-1.913137e+01	-8.771466e-02	2.727123e-01	
1  346.044	2.227123e-01	1.258913e-01	3.216809e+00	-1.913285e+01	-8.553113e-02	2.727123e-01	
2  346.289	2.227123e-01	1.260081e-01	3.226204e+00	-1.913709e+01	-8.602566e-02	2.727123e-01	
1  346.833	2.504155e-01	1.260081e-01	3.226204e+00	-1.913709e+01	-8.602566e-02	3.004155e-01	
1  346.316	2.504155e-01	1.264585e-01	3.215425e+00	-1.913423e+01	-8.701271e-02	3.004155e-01	
1  345.748	2.504155e-01	1.267406e-01	3.217253e+00	-1.913139e+01	-8.329197e-02	3.004155e-01	
2  344.871	2.504155e-01	1.283456e-01	3.194905e+00	-1.913565e+01	-7.899389e-02	3.004155e-01	
1  344.618	2.410390e-01	1.283456e-01	3.194905e+00	-1.913565e+01	-7.899389e-02	2.910390e-01	
1  343.89	2.410390e-01	1.300592e-01	3.200731e+00	-1.913211e+01	-7.626921e-02	2.910390e-01	
4  343.904	2.410390e-01	1.310872e-01	3.220081e+00	-1.912927e+01	-7.814511e-02	2.910390e-01	
1  342.762	2.410390e-01	1.333117e-01	3.186135e+00	-1.913265e+01	-6.954240e-02	2.910390e-01	
1  342.497	2.410390e-01	1.326735e-01	3.150139e+00	-1.912947e+01	-6.974602e-02	2.910390e-01	
1  342.743	2.410390e-01	1.333342e-01	3.185281e+00	-1.912200e+01	-7.365044e-02	2.910390e-01	
2  342.783	2.410390e-01	1.348756e-01	3.203352e+00	-1.912530e+01	-7.756268e-02	2.910390e-01	
1  343.241	2.410390e-01	1.343653e-01	3.233630e+00	-1.912546e+01	-7.160523e-02	2.910390e-01	
2  343.201	2.410390e-01	1.354120e-01	3.240445e+00	-1.912510e+01	-6.883555e-02	2.910390e-01	
2  343.002	2.410390e-01	1.360904e-01	3.225658e+00	-1.913553e+01	-6.451469e-02	2.910390e-01	
1  342.471	2.410390e-01	1.354209e-01	3.177083e+00	-1.913985e+01	-5.844430e-02	2.910390e-01	
1  342.62	2.410390e-01	1.341494e-01	3.145120e+00	-1.914560e+01	-5.724326e-02	2.910390e-01	
1  342.622	2.410390e-01	1.335300e-01	3.128875e+00	-1.914592e+01	-5.415882e-02	2.910390e-01	
1  342.279	2.410390e-01	1.338942e-01	3.084658e+00	-1.913993e+01	-5.504618e-02	2.910390e-01	
2  342.288	2.335373e-01	1.338942e-01	3.084658e+00	-1.913993e+01	-5.504618e-02	2.835373e-01	
1  342.08	2.335373e-01	1.350936e-01	3.100016e+00	-1.914022e+01	-5.495282e-02	2.835373e-01	
1  342.174	2.335373e-01	1.344444e-01	3.092462e+00	-1.913848e+01	-5.440066e-02	2.835373e-01	
1  342.953	2.335373e-01	1.313547e-01	3.115367e+00	-1.913481e+01	-4.615783e-02	2.835373e-01	
3  343.069	2.291988e-01	1.313547e-01	3.115367e+00	-1.913481e+01	-4.615783e-02	2.791988e-01	
1  342.822	2.291988e-01	1.336753e-01	3.120482e+00	-1.913314e+01	-4.376670e-02	2.791988e-01	
1  342.864	2.291988e-01	1.344099e-01	3.089694e+00	-1.912969e+01	-4.524066e-02	2.791988e-01	
1  342.837	2.298337e-01	1.344099e-01	3.089694e+00	-1.912969e+01	-4.524066e-02	2.798337e-01	
1  343.224	2.298337e-01	1.365798e-01	3.041469e+00	-1.912968e+01	-4.155122e-02	2.798337e-01	
2  342.792	2.298337e-01	1.369809e-01	3.088177e+00	-1.912644e+01	-4.487082e-02	2.798337e-01	
1  342.927	2.298337e-01	1.371031e-01	3.047061e+00	-1.912636e+01	-4.784159e-02	2.798337e-01	
1  342.605	2.375346e-01	1.371031e-01	3.047061e+00	-1.912636e+01	-4.784159e-02	2.875346e-01	
1  343.115	2.375346e-01	1.377823e-01	3.039840e+00	-1.912503e+01	-4.176941e-02	2.875346e-01	
1  343.152	2.375346e-01	1.361929e-01	3.068248e+00	-1.912567e+01	-3.855767e-02	2.875346e-01	
3  343.734	2.375346e-01	1.354836e-01	3.048668e+00	-1.912799e+01	-3.255015e-02	2.875346e-01	
2  344.206	2.375346e-01	1.345215e-01	3.030934e+00	-1.912603e+01	-3.258926e-02	2.875346e-01	
1  343.187	2.375346e-01	1.357353e-01	3.067877e+00	-1.912780e+01	-3.685656e-02	2.875346e-01	
2  342.957	2.375346e-01	1.366194e-01	3.057372e+00	-1.913561e+01	-3.509778e-02	2.875346e-01	
1  343.305	2.375346e-01	1.351727e-01	3.098288e+00	-1.913629e+01	-2.912474e-02	2.875346e-01	
1  343.467	2.375346e-01	1.356433e-01	3.067775e+00	-1.913028e+01	-3.174676e-02	2.875346e-01	
1  343.548	2.375346e-01	1.346858e-01	3.078629e+00	-1.913241e+01	-2.969509e-02	2.875346e-01	
1  343.461	2.375346e-01	1.346999e-01	3.081554e+00	-1.912877e+01	-3.297913e-02	2.875346e-01	
3  343.671	2.325069e-01	1.346999e-01	3.081554e+00	-1.912877e+01	-3.297913e-02	2.825069e-01	
1  344.164	2.325069e-01	1.341274e-01	3.080118e+00	-1.912513e+01	-3.177949e-02	2.825069e-01	
1  345.327	2.325069e-01	1.353118e-01	3.071715e+00	-1.911804e+01	-2.775053e-02	2.825069e-01	
1  345.687	2.278241e-01	1.353118e-01	3.071715e+00	-1.911804e+01	-2.775053e-02	2.778241e-01	
1  345.241	2.278241e-01	1.357845e-01	3.070354e+00	-1.911905e+01	-3.004833e-02	2.778241e-01	
2  345.168	2.278241e-01	1.355427e-01	3.086987e+00	-1.911904e+01	-2.976107e-02	2.778241e-01	
2  346.199	2.278241e-01	1.358994e-01	3.094979e+00	-1.911196e+01	-2.916108e-02	2.778241e-01	
1  344.967	2.278241e-01	1.348871e-01	3.150209e+00	-1.911426e+01	-3.703921e-02	2.778241e-01	
2  345.225	2.278241e-01	1.349223e-01	3.123070e+00	-1.911080e+01	-3.903931e-02	2.778241e-01	
2  345.067	2.278241e-01	1.358356e-01	3.115139e+00	-1.911570e+01	-3.326439e-02	2.778241e-01	
1  344.911	2.278241e-01	1.349706e-01	3.106901e+00	-1.911473e+01	-3.698674e-02	2.778241e-01	
1  344.721	2.278241e-01	1.353018e-01	3.107834e+00	-1.911579e+01	-3.706800e-02	2.778241e-01	
2  345.364	2.278241e-01	1.334750e-01	3.053474e+00	-1.911943e+01	-3.267377e-02	2.778241e-01	
1  345.66	2.242416e-01	1.334750e-01	3.053474e+00	-1.911943e+01	-3.267377e-02	2.742416e-01	
2  343.865	2.242416e-01	1.356768e-01	3.068535e+00	-1.913115e+01	-3.348504e-02	2.742416e-01	
1  343.508	2.242416e-01	1.353512e-01	3.116181e+00	-1.912982e+01	-3.663279e-02	2.742416e-01	
2  343.373	2.242416e-01	1.352178e-01	3.114796e+00	-1.912776e+01	-4.057818e-02	2.742416e-01	
1  342.886	2.242416e-01	1.364581e-01	3.118733e+00	-1.913091e+01	-4.254472e-02	2.742416e-01	
1  342.49	2.242416e-01	1.387161e-01	3.115159e+00	-1.913087e+01	-4.673420e-02	2.742416e-01	
1  342.108	2.242416e-01	1.403198e-01	3.131963e+00	-1.914009e+01	-4.861551e-02	2.742416e-01	
1  342.034	2.242416e-01	1.424314e-01	3.123514e+00	-1.914688e+01	-5.403092e-02	2.742416e-01	
1  342.052	2.212619e-01	1.424314e-01	3.123514e+00	-1.914688e+01	-5.403092e-02	2.712619e-01	
2  342.186	2.212619e-01	1.410139e-01	3.138426e+00	-1.914979e+01	-5.237478e-02	2.712619e-01	
1  342.094	2.212619e-01	1.420896e-01	3.123783e+00	-1.914531e+01	-5.106339e-02	2.712619e-01	
1  342.302	2.212619e-01	1.402194e-01	3.159389e+00	-1.915069e+01	-5.732651e-02	2.712619e-01	
1  342.393	2.096574e-01	1.402194e-01	3.159389e+00	-1.915069e+01	-5.732651e-02	2.596574e-01	
1  342.448	2.096574e-01	1.415439e-01	3.128360e+00	-1.915701e+01	-5.896252e-02	2.596574e-01	
1  342.705	2.096574e-01	1.422417e-01	3.109587e+00	-1.916164e+01	-5.476160e-02	2.596574e-01	
1  342.745	2.096574e-01	1.400696e-01	3.111276e+00	-1.916268e+01	-5.648085e-02	2.596574e-01	
1  342.811	2.096574e-01	1.391568e-01	3.130109e+00	-1.916164e+01	-4.812831e-02	2.596574e-01	
1  342.842	2.063836e-01	1.391568e-01	3.130109e+00	-1.916164e+01	-4.812831e-02	2.563836e-01	
1  342.598	2.063836e-01	1.386345e-01	3.112471e+00	-1.915842e+01	-5.338059e-02	2.563836e-01	
1  342.489	2.063836e-01	1.375296e-01	3.108290e+00	-1.915359e+01	-5.630396e-02	2.563836e-01	
1  342.558	2.063836e-01	1.396401e-01	3.106243e+00	-1.915548e+01	-4.925540e-02	2.563836e-01	
1  343.012	2.063836e-01	1.390293e-01	3.093150e+00	-1.916152e+01	-4.136910e-02	2.563836e-01	
1  342.917	2.125822e-01	1.390293e-01	3.093150e+00	-1.916152e+01	-4.136910e-02	2.625822e-01	
1  342.761	2.125822e-01	1.400549e-01	3.099725e+00	-1.915767e+01	-4.133211e-02	2.625822e-01	
1  342.77	2.125822e-01	1.413913e-01	3.060440e+00	-1.915583e+01	-4.446989e-02	2.625822e-01	
1  342.781	2.125822e-01	1.402269e-01	3.053703e+00	-1.915498e+01	-4.465212e-02	2.625822e-01	
2  342.27	2.125822e-01	1.420765e-01	3.101203e+00	-1.915108e+01	-5.221439e-02	2.625822e-01	
1  342.395	2.125822e-01	1.417038e-01	3.108697e+00	-1.915577e+01	-5.216503e-02	2.625822e-01	
1  342.489	2.125822e-01	1.414918e-01	3.089572e+00	-1.915290e+01	-4.657472e-02	2.625822e-01	
1  342.607	2.125822e-01	1.392542e-01	3.077363e+00	-1.914364e+01	-4.615149e-02	2.625822e-01	
1  342.862	2.125822e-01	1.374461e-01	3.053427e+00	-1.914289e+01	-4.736153e-02	2.625822e-01	
1  342.519	2.210670e-01	1.374461e-01	3.053427e+00	-1.914289e+01	-4.736153e-02	2.710670e-01	
1  343.051	2.210670e-01	1.360701e-01	3.004263e+00	-1.914327e+01	-5.732094e-02	2.710670e-01	
1  342.768	2.210670e-01	1.368667e-01	3.019131e+00	-1.914881e+01	-5.951644e-02	2.710670e-01	
2  342.853	2.210670e-01	1.374279e-01	3.004609e+00	-1.914441e+01	-6.355913e-02	2.710670e-01	
1  342.729	2.375914e-01	1.374279e-01	3.004609e+00	-1.914441e+01	-6.355913e-02	2.875914e-01	
1  342.65	2.375914e-01	1.381866e-01	3.020335e+00	-1.914796e+01	-6.404684e-02	2.875914e-01	
1  342.464	2.375914e-01	1.371286e-01	3.033901e+00	-1.914650e+01	-6.190670e-02	2.875914e-01	
1  342.005	2.375914e-01	1.361104e-01	3.068636e+00	-1.913939e+01	-6.271800e-02	2.875914e-01	
1  342.385	2.375914e-01	1.360818e-01	3.050793e+00	-1.914398e+01	-6.695028e-02	2.875914e-01	
1  342.864	2.073237e-01	1.360818e-01	3.050793e+00	-1.914398e+01	-6.695028e-02	2.573237e-01	
2  343.073	2.073237e-01	1.357576e-01	3.041073e+00	-1.914132e+01	-6.541909e-02	2.573237e-01	
1  342.944	2.073237e-01	1.351203e-01	3.058229e+00	-1.914935e+01	-6.540398e-02	2.573237e-01	
3  343.052	2.073237e-01	1.334404e-01	3.095916e+00	-1.914909e+01	-6.812283e-02	2.573237e-01	
1  343.544	2.073237e-01	1.321993e-01	3.070969e+00	-1.914883e+01	-7.082789e-02	2.573237e-01	
1  343.768	2.073237e-01	1.331132e-01	3.036006e+00	-1.914668e+01	-7.408806e-02	2.573237e-01	
1  344.151	2.073237e-01	1.324891e-01	3.032891e+00	-1.913817e+01	-7.885818e-02	2.573237e-01	
1  344.023	2.097630e-01	1.324891e-01	3.032891e+00	-1.913817e+01	-7.885818e-02	2.597630e-01	
3  345.085	2.097630e-01	1.308601e-01	3.010997e+00	-1.914259e+01	-8.361325e-02	2.597630e-01	
2  345.833	2.097630e-01	1.308826e-01	2.976426e+00	-1.914471e+01	-8.321347e-02	2.597630e-01	
1  345.884	2.097630e-01	1.316074e-01	2.952851e+00	-1.913920e+01	-7.387802e-02	2.597630e-01	
1  345.526	2.097630e-01	1.335850e-01	2.968655e+00	-1.912915e+01	-8.327290e-02	2.597630e-01	
1  345.285	2.097630e-01	1.332538e-01	2.989215e+00	-1.912705e+01	-8.580624e-02	2.597630e-01	
1  346.129	2.097630e-01	1.332803e-01	2.984371e+00	-1.912161e+01	-9.548096e-02	2.597630e-01	
2  345.685	2.158908e-01	1.332803e-01	2.984371e+00	-1.912161e+01	-9.548096e-02	2.658908e-01	
1  345.469	2.158908e-01	1.323548e-01	3.014274e+00	-1.911819e+01	-9.491522e-02	2.658908e-01	
2  345.583	2.158908e-01	1.329327e-01	3.008824e+00	-1.911273e+01	-8.549706e-02	2.658908e-01	
2  343.657	2.545838e-01	1.329327e-01	3.008824e+00	-1.911273e+01	-8.549706e-02	3.045838e-01	
1  343.143	2.545838e-01	1.338561e-01	3.019071e+00	-1.911294e+01	-8.176494e-02	3.045838e-01	
1  343.856	2.545838e-01	1.336374e-01	2.981731e+00	-1.911926e+01	-8.420420e-02	3.045838e-01	
1  343.999	2.545838e-01	1.363503e-01	2.949348e+00	-1.911611e+01	-8.102501e-02	3.045838e-01	
2  344.025	2.527714e-01	1.363503e-01	2.949348e+00	-1.911611e+01	-8.102501e-02	3.027714e-01	
1  343.716	2.527714e-01	1.351061e-01	2.969755e+00	-1.911903e+01	-8.178008e-02	3.027714e-01	
1  342.654	2.527714e-01	1.360365e-01	2.998856e+00	-1.912483e+01	-6.729800e-02	3.027714e-01	
1  342.804	2.527714e-01	1.355855e-01	3.004663e+00	-1.912003e+01	-7.752012e-02	3.027714e-01	
1  342.805	2.524949e-01	1.355855e-01	3.004663e+00	-1.912003e+01	-7.752012e-02	3.024949e-01	
2  342.684	2.524949e-01	1.350684e-01	3.007883e+00	-1.912411e+01	-7.046941e-02	3.024949e-01	
1  342.44	2.524949e-01	1.351524e-01	3.021280e+00	-1.912517e+01	-6.726520e-02	3.024949e-01	
2  342.709	2.524949e-01	1.367616e-01	3.005765e+00	-1.911552e+01	-6.516650e-02	3.024949e-01	
1  342.775	2.524949e-01	1.376234e-01	3.005348e+00	-1.911250e+01	-6.581329e-02	3.024949e-01	
1  343.24	2.524949e-01	1.377204e-01	3.000283e+00	-1.910702e+01	-6.637715e-02	3.024949e-01	
1  343.046	2.524949e-01	1.375837e-01	3.016731e+00	-1.910528e+01	-6.914900e-02	3.024949e-01	
1  343.152	2.524949e-01	1.379021e-01	3.010361e+00	-1.910421e+01	-7.169442e-02	3.024949e-01	
1  343.217	2.509045e-01	1.379021e-01	3.010361e+00	-1.910421e+01	-7.169442e-02	3.009045e-01	
3  343.274	2.509045e-01	1.388879e-01	2.994717e+00	-1.910846e+01	-6.369550e-02	3.009045e-01	
1  343.593	2.509045e-01	1.402384e-01	2.978684e+00	-1.910889e+01	-6.139176e-02	3.009045e-01	
1  343.272	2.610153e-01	1.402384e-01	2.978684e+00	-1.910889e+01	-6.139176e-02	3.110153e-01	
1  344.846	2.610153e-01	1.406215e-01	2.938397e+00	-1.910553e+01	-5.507289e-02	3.110153e-01	
2  343.275	2.610153e-01	1.389891e-01	2.971894e+00	-1.911245e+01	-6.063181e-02	3.110153e-01	
1  342.94	2.610153e-01	1.380815e-01	3.015172e+00	-1.911093e+01	-5.340368e-02	3.110153e-01	
1  343.953	2.374464e-01	1.380815e-01	3.015172e+00	-1.911093e+01	-5.340368e-02	2.874464e-01	
1  345.122	2.374464e-01	1.396769e-01	2.971004e+00	-1.910486e+01	-6.001790e-02	2.874464e-01	
1  345.397	2.374464e-01	1.410548e-01	2.980119e+00	-1.910219e+01	-5.766979e-02	2.874464e-01	
1  345.276	2.374464e-01	1.426712e-01	2.998934e+00	-1.909928e+01	-5.977069e-02	2.874464e-01	
1  345.756	2.374464e-01	1.420693e-01	3.014350e+00	-1.909717e+01	-5.459961e-02	2.874464e-01	
1  343.976	2.657374e-01	1.420693e-01	3.014350e+00	-1.909717e+01	-5.459961e-02	3.157374e-01	
1  343.859	2.657374e-01	1.434589e-01	2.993348e+00	-1.909956e+01	-5.858499e-02	3.157374e-01	
1  343.908	2.657374e-01	1.435719e-01	2.970456e+00	-1.910576e+01	-5.610415e-02	3.157374e-01	
1  344.015	2.657374e-01	1.443854e-01	2.982619e+00	-1.910915e+01	-4.807989e-02	3.157374e-01	
1  344.514	2.657374e-01	1.447208e-01	2.969349e+00	-1.911130e+01	-4.370595e-02	3.157374e-01	
1  344.418	2.763895e-01	1.447208e-01	2.969349e+00	-1.911130e+01	-4.370595e-02	3.263895e-01	
1  344.737	2.763895e-01	1.436899e-01	2.972175e+00	-1.910115e+01	-4.694377e-02	3.263895e-01	
1  344.366	2.763895e-01	1.443649e-01	2.987871e+00	-1.909724e+01	-5.323376e-02	3.263895e-01	
2  343.992	2.763895e-01	1.447339e-01	2.991851e+00	-1.909511e+01	-6.139409e-02	3.263895e-01	
1  344.2	2.682983e-01	1.447339e-01	2.991851e+00	-1.909511e+01	-6.139409e-02	3.182983e-01	
1  343.792	2.682983e-01	1.449292e-01	3.018831e+00	-1.909802e+01	-5.662439e-02	3.182983e-01	
1  344.01	2.682983e-01	1.435981e-01	2.988916e+00	-1.909869e+01	-5.784890e-02	3.182983e-01	
2  343.812	2.682983e-01	1.442817e-01	2.962638e+00	-1.910260e+01	-6.652092e-02	3.182983e-01	
1  344.01	2.603377e-01	1.442817e-01	2.962638e+00	-1.910260e+01	-6.652092e-02	3.103377e-01	
2  345.03	2.603377e-01	1.433026e-01	2.929196e+00	-1.910062e+01	-6.683028e-02	3.103377e-01	
1  344.268	2.603377e-01	1.420153e-01	2.947545e+00	-1.910775e+01	-5.778886e-02	3.103377e-01	
1  344.75	2.603377e-01	1.397018e-01	2.936727e+00	-1.910410e+01	-6.122390e-02	3.103377e-01	
1  344.727	2.609563e-01	1.397018e-01	2.936727e+00	-1.910410e+01	-6.122390e-02	3.109563e-01	
2  344.297	2.609563e-01	1.392123e-01	2.929018e+00	-1.911547e+01	-5.766131e-02	3.109563e-01	
1  344.86	2.609563e-01	1.406686e-01	2.920924e+00	-1.911243e+01	-5.371882e-02	3.109563e-01	
2  344.191	2.609563e-01	1.406959e-01	2.939181e+00	-1.912201e+01	-4.716560e-02	3.109563e-01	
2  343.877	2.609563e-01	1.428478e-01	2.985833e+00	-1.912897e+01	-3.541950e-02	3.109563e-01	
1  343.794	2.609563e-01	1.452736e-01	3.013969e+00	-1.913097e+01	-3.463516e-02	3.109563e-01	
1  344.339	2.609563e-01	1.449249e-01	3.014399e+00	-1.912359e+01	-3.032060e-02	3.109563e-01	
1  345.123	2.956312e-01	1.449249e-01	3.014399e+00	-1.912359e+01	-3.032060e-02	3.456312e-01	
1  345.571	2.956312e-01	1.451459e-01	2.987730e+00	-1.912462e+01	-2.973051e-02	3.456312e-01	
1  345.867	2.956312e-01	1.452092e-01	2.946457e+00	-1.912760e+01	-3.762719e-02	3.456312e-01	
1  345.422	2.956312e-01	1.454278e-01	2.956651e+00	-1.912873e+01	-4.431019e-02	3.456312e-01	
2  345.66	2.956312e-01	1.439172e-01	2.971962e+00	-1.913680e+01	-4.098871e-02	3.456312e-01	
1  345.33	2.956312e-01	1.451414e-01	3.019231e+00	-1.913868e+01	-4.534438e-02	3.456312e-01	
1  344.217	2.956312e-01	1.440083e-01	3.035205e+00	-1.912911e+01	-4.448840e-02	3.456312e-01	
1  344.988	2.956312e-01	1.443167e-01	3.046971e+00	-1.913872e+01	-5.001666e-02	3.456312e-01	
2  345.894	2.956312e-01	1.444458e-01	3.044195e+00	-1.914510e+01	-5.305447e-02	3.456312e-01	
1  345.56	2.956312e-01	1.461881e-01	3.029251e+00	-1.914033e+01	-5.248280e-02	3.456312e-01	
1  345.377	2.956312e-01	1.490613e-01	3.014846e+00	-1.913259e+01	-5.367980e-02	3.456312e-01	
1  345.579	2.956312e-01	1.479270e-01	2.993813e+00	-1.913492e+01	-5.380106e-02	3.456312e-01	
1  345.088	2.956312e-01	1.492585e-01	3.024449e+00	-1.913018e+01	-5.609884e-02	3.456312e-01	
1  344.787	2.918139e-01	1.492585e-01	3.024449e+00	-1.913018e+01	-5.609884e-02	3.418139e-01	
1  345.273	2.918139e-01	1.505108e-01	3.042412e+00	-1.913324e+01	-5.683703e-02	3.418139e-01	
2  345.009	2.918139e-01	1.496333e-01	3.066122e+00	-1.913357e+01	-5.845017e-02	3.418139e-01	
2  343.973	2.918139e-01	1.476264e-01	3.085191e+00	-1.912717e+01	-5.862399e-02	3.418139e-01	
1  343.725	2.918139e-01	1.477063e-01	3.052410e+00	-1.912168e+01	-5.574847e-02	3.418139e-01	
3  343.943	2.918139e-01	1.469936e-01	3.079387e+00	-1.912807e+01	-5.592675e-02	3.418139e-01	
1  342.661	2.690731e-01	1.469936e-01	3.079387e+00	-1.912807e+01	-5.592675e-02	3.190731e-01	
1  342.608	2.690731e-01	1.456795e-01	3.050566e+00	-1.912192e+01	-5.153844e-02	3.190731e-01	
1  342.582	2.690731e-01	1.467445e-01	3.044916e+00	-1.912569e+01	-5.951873e-02	3.190731e-01	
1  342.507	2.690731e-01	1.471645e-01	3.075045e+00	-1.912682e+01	-6.341622e-02	3.190731e-01	
1  342.521	2.690731e-01	1.471855e-01	3.080590e+00	-1.912744e+01	-6.478597e-02	3.190731e-01	
1  342.307	2.251937e-01	1.471855e-01	3.080590e+00	-1.912744e+01	-6.478597e-02	2.751937e-01	
1  342.636	2.251937e-01	1.480236e-01	3.054835e+00	-1.912516e+01	-6.677373e-02	2.751937e-01	
2  342.71	2.251937e-01	1.477215e-01	3.017966e+00	-1.913170e+01	-6.979876e-02	2.751937e-01	
2  342.271	2.251937e-01	1.456223e-01	3.033975e+00	-1.913193e+01	-6.872181e-02	2.751937e-01	
2  342.527	2.251937e-01	1.451162e-01	3.015664e+00	-1.912915e+01	-7.003571e-02	2.751937e-01	
1  343.052	2.251937e-01	1.462530e-01	3.000240e+00	-1.912674e+01	-6.678625e-02	2.751937e-01	
1  342.513	2.251937e-01	1.459030e-01	3.043254e+00	-1.912435e+01	-6.701865e-02	2.751937e-01	
2  342.401	2.278606e-01	1.459030e-01	3.043254e+00	-1.912435e+01	-6.701865e-02	2.778606e-01	
1  342.732	2.278606e-01	1.457270e-01	3.012923e+00	-1.912276e+01	-7.284162e-02	2.778606e-01	
1  342.73	2.278606e-01	1.450526e-01	3.011321e+00	-1.912131e+01	-7.752922e-02	2.778606e-01	
2  344.18	2.278606e-01	1.429141e-01	2.975909e+00	-1.911303e+01	-6.932591e-02	2.778606e-01	
2  345.506	2.278606e-01	1.434237e-01	2.946527e+00	-1.910901e+01	-6.763847e-02	2.778606e-01	
2  345.804	2.278606e-01	1.446996e-01	2.911760e+00	-1.911485e+01	-7.242302e-02	2.778606e-01	
1  344.728	2.496032e-01	1.446996e-01	2.911760e+00	-1.911485e+01	-7.242302e-02	2.996032e-01	
1  344.006	2.496032e-01	1.453743e-01	2.933296e+00	-1.911659e+01	-7.903419e-02	2.996032e-01	
2  343.345	2.496032e-01	1.456648e-01	2.956540e+00	-1.912308e+01	-8.036920e-02	2.996032e-01	
2  343.16	2.496032e-01	1.445776e-01	2.969105e+00	-1.912953e+01	-8.214140e-02	2.996032e-01	
1  342.507	2.496032e-01	1.443147e-01	2.996368e+00	-1.912539e+01	-8.090486e-02	2.996032e-01	
1  342.321	2.496032e-01	1.452763e-01	3.026763e+00	-1.912180e+01	-8.860151e-02	2.996032e-01	
1  342.781	2.496032e-01	1.449460e-01	2.999699e+00	-1.911704e+01	-9.199207e-02	2.996032e-01	
2  342.673	2.496032e-01	1.438142e-01	3.016362e+00	-1.912383e+01	-9.359049e-02	2.996032e-01	
2  342.822	2.496032e-01	1.440784e-01	3.019255e+00	-1.913360e+01	-8.841432e-02	2.996032e-01	
1  342.547	2.496032e-01	1.455162e-01	3.044474e+00	-1.913249e+01	-8.768227e-02	2.996032e-01	
1  342.212	2.496032e-01	1.443255e-01	3.023627e+00	-1.912937e+01	-8.017411e-02	2.996032e-01	
1  342.821	2.682129e-01	1.443255e-01	3.023627e+00	-1.912937e+01	-8.017411e-02	3.182129e-01	
1  343.1	2.682129e-01	1.419384e-01	3.020243e+00	-1.912747e+01	-8.869566e-02	3.182129e-01	
1  343.939	2.682129e-01	1.414756e-01	3.020655e+00	-1.913092e+01	-9.559989e-02	3.182129e-01	
5  344.052	2.682129e-01	1.408334e-01	3.012484e+00	-1.913161e+01	-9.472586e-02	3.182129e-01	
2  344.228	2.682129e-01	1.425061e-01	2.999399e+00	-1.913062e+01	-9.653964e-02	3.182129e-01	
1  344.502	2.726156e-01	1.425061e-01	2.999399e+00	-1.913062e+01	-9.653964e-02	3.226156e-01	
1  343.889	2.726156e-01	1.433741e-01	3.013509e+00	-1.912442e+01	-9.850893e-02	3.226156e-01	
1  343.504	2.726156e-01	1.424543e-01	2.997536e+00	-1.912090e+01	-9.412992e-02	3.226156e-01	
1  342.674	2.726156e-01	1.406716e-01	3.001693e+00	-1.911207e+01	-8.423979e-02	3.226156e-01	
1  342.855	2.726156e-01	1.412068e-01	2.992123e+00	-1.910447e+01	-8.242388e-02	3.226156e-01	
1  343.062	2.546763e-01	1.412068e-01	2.992123e+00	-1.910447e+01	-8.242388e-02	3.046763e-01	
2  342.816	2.546763e-01	1.399200e-01	2.995568e+00	-1.910863e+01	-8.077979e-02	3.046763e-01	
1  342.696	2.546763e-01	1.395416e-01	3.008046e+00	-1.911379e+01	-8.978944e-02	3.046763e-01	
1  342.542	2.546763e-01	1.392501e-01	3.018271e+00	-1.911211e+01	-8.834507e-02	3.046763e-01	
1  343.236	2.309153e-01	1.392501e-01	3.018271e+00	-1.911211e+01	-8.834507e-02	2.809153e-01	
1  342.473	2.309153e-01	1.393927e-01	3.031504e+00	-1.912040e+01	-8.297759e-02	2.809153e-01	
1  342.102	2.309153e-01	1.391852e-01	3.046840e+00	-1.912669e+01	-8.099978e-02	2.809153e-01	
1  341.817	2.309153e-01	1.411220e-01	3.071774e+00	-1.912275e+01	-7.711469e-02	2.809153e-01	
2  341.817	2.309153e-01	1.408440e-01	3.066696e+00	-1.912472e+01	-7.854927e-02	2.809153e-01	
1  341.57	2.309153e-01	1.398790e-01	3.101927e+00	-1.913328e+01	-7.023847e-02	2.809153e-01	
1  341.824	2.309153e-01	1.391445e-01	3.074955e+00	-1.914012e+01	-7.127316e-02	2.809153e-01	
1  342.203	2.309153e-01	1.372820e-01	3.062826e+00	-1.914372e+01	-7.146951e-02	2.809153e-01	
1  342.24	2.309153e-01	1.381329e-01	3.050418e+00	-1.914475e+01	-7.079507e-02	2.809153e-01	
1  342.232	2.291414e-01	1.381329e-01	3.050418e+00	-1.914475e+01	-7.079507e-02	2.791414e-01	
1  342.293	2.291414e-01	1.394350e-01	3.016180e+00	-1.913924e+01	-6.591714e-02	2.791414e-01	
1  342.058	2.291414e-01	1.395436e-01	3.046164e+00	-1.914137e+01	-7.204616e-02	2.791414e-01	
2  342.153	2.291414e-01	1.388459e-01	3.031174e+00	-1.914102e+01	-6.334696e-02	2.791414e-01	
1  342.148	2.296146e-01	1.388459e-01	3.031174e+00	-1.914102e+01	-6.334696e-02	2.796146e-01	
1  342.704	2.296146e-01	1.368578e-01	3.003791e+00	-1.913611e+01	-6.345776e-02	2.796146e-01	
1  342.483	2.296146e-01	1.385520e-01	3.015249e+00	-1.912743e+01	-6.992762e-02	2.796146e-01	
1  343.445	2.296146e-01	1.396331e-01	2.972725e+00	-1.912435e+01	-6.514054e-02	2.796146e-01	
1  343.798	2.296146e-01	1.411402e-01	2.976043e+00	-1.911795e+01	-6.422757e-02	2.796146e-01	
1  343.456	2.357785e-01	1.411402e-01	2.976043e+00	-1.911795e+01	-6.422757e-02	2.857785e-01	
1  342.276	2.357785e-01	1.382835e-01	3.018130e+00	-1.912800e+01	-6.686463e-02	2.857785e-01	
1  342.366	2.357785e-01	1.375369e-01	3.026724e+00	-1.912686e+01	-5.986857e-02	2.857785e-01	
1  342.002	2.357785e-01	1.373484e-01	3.044196e+00	-1.913510e+01	-6.699463e-02	2.857785e-01	
1  341.982	2.357785e-01	1.376664e-01	3.050886e+00	-1.912583e+01	-7.235714e-02	2.857785e-01	
1  341.889	2.410786e-01	1.376664e-01	3.050886e+00	-1.912583e+01	-7.235714e-02	2.910786e-01	
1  341.956	2.410786e-01	1.371433e-01	3.063907e+00	-1.912305e+01	-7.796731e-02	2.910786e-01	
1  341.932	2.410786e-01	1.383887e-01	3.073034e+00	-1.911695e+01	-7.989695e-02	2.910786e-01	
1  341.776	2.410786e-01	1.385902e-01	3.069514e+00	-1.912147e+01	-7.715819e-02	2.910786e-01	
1  341.745	2.410786e-01	1.381910e-01	3.068638e+00	-1.912412e+01	-7.471174e-02	2.910786e-01	
1  342.382	2.208410e-01	1.381910e-01	3.068638e+00	-1.912412e+01	-7.471174e-02	2.708410e-01	
1  342.427	2.208410e-01	1.377745e-01	3.043927e+00	-1.913008e+01	-6.892561e-02	2.708410e-01	
1  342.749	2.208410e-01	1.333391e-01	3.081606e+00	-1.913721e+01	-7.409582e-02	2.708410e-01	
1  342.841	2.208410e-01	1.327226e-01	3.084761e+00	-1.913847e+01	-7.269085e-02	2.708410e-01	
1  342.81	2.208410e-01	1.328000e-01	3.142110e+00	-1.913766e+01	-7.379838e-02	2.708410e-01	
2  342.916	2.464958e-01	1.328000e-01	3.142110e+00	-1.913766e+01	-7.379838e-02	2.964958e-01	
1  342.948	2.464958e-01	1.334498e-01	3.161145e+00	-1.914161e+01	-6.683326e-02	2.964958e-01	
1  343.289	2.464958e-01	1.344049e-01	3.191149e+00	-1.914139e+01	-7.098945e-02	2.964958e-01	
2  342.775	2.464958e-01	1.358663e-01	3.166300e+00	-1.914128e+01	-7.118430e-02	2.964958e-01	
2  342.817	2.464958e-01	1.349707e-01	3.158087e+00	-1.914070e+01	-7.249262e-02	2.964958e-01	
1  342.941	2.464958e-01	1.338505e-01	3.159717e+00	-1.913886e+01	-7.395368e-02	2.964958e-01	
2  342.569	2.464958e-01	1.352007e-01	3.158871e+00	-1.913681e+01	-7.359357e-02	2.964958e-01	
1  342.702	2.464958e-01	1.357851e-01	3.126372e+00	-1.913979e+01	-7.861390e-02	2.964958e-01	
1  342.339	2.464958e-01	1.357549e-01	3.109385e+00	-1.913411e+01	-7.985685e-02	2.964958e-01	
1  342.591	2.464958e-01	1.332376e-01	3.078291e+00	-1.912893e+01	-7.879414e-02	2.964958e-01	
1  342.792	2.464958e-01	1.323779e-01	3.088022e+00	-1.913103e+01	-7.830578e-02	2.964958e-01	
1  343.264	2.639501e-01	1.323779e-01	3.088022e+00	-1.913103e+01	-7.830578e-02	3.139501e-01	
1  343.659	2.639501e-01	1.350950e-01	3.118905e+00	-1.913684e+01	-8.371550e-02	3.139501e-01	
1  343.194	2.639501e-01	1.357587e-01	3.147392e+00	-1.913133e+01	-8.342691e-02	3.139501e-01	
1  343.247	2.639501e-01	1.359032e-01	3.158778e+00	-1.913420e+01	-7.863026e-02	3.139501e-01	
2  343.175	2.639501e-01	1.347253e-01	3.164453e+00	-1.913017e+01	-7.932023e-02	3.139501e-01	
2  342.661	2.639501e-01	1.348382e-01	3.158211e+00	-1.912586e+01	-7.574307e-02	3.139501e-01	
1  343.103	2.639501e-01	1.331990e-01	3.161331e+00	-1.912230e+01	-8.231552e-02	3.139501e-01	
1  343.215	2.639501e-01	1.328599e-01	3.153976e+00	-1.912632e+01	-8.046361e-02	3.139501e-01	
1  342.796	2.479150e-01	1.328599e-01	3.153976e+00	-1.912632e+01	-8.046361e-02	2.979150e-01	
1  342.393	2.479150e-01	1.338493e-01	3.110044e+00	-1.912526e+01	-8.040810e-02	2.979150e-01	
1  342.519	2.479150e-01	1.334902e-01	3.076751e+00	-1.912813e+01	-7.841072e-02	2.979150e-01	
1  342.872	2.479150e-01	1.318151e-01	3.066823e+00	-1.912842e+01	-7.594985e-02	2.979150e-01	
1  344.138	2.479150e-01	1.297366e-01	3.030961e+00	-1.912622e+01	-8.347328e-02	2.979150e-01	
1  344.183	2.543715e-01	1.297366e-01	3.030961e+00	-1.912622e+01	-8.347328e-02	3.043715e-01	
1  343.388	2.543715e-01	1.310309e-01	3.062100e+00	-1.911506e+01	-8.393273e-02	3.043715e-01	
1  342.885	2.543715e-01	1.326122e-01	3.068094e+00	-1.911494e+01	-8.287803e-02	3.043715e-01	
3  342.871	2.543715e-01	1.330075e-01	3.060178e+00	-1.911763e+01	-8.399246e-02	3.043715e-01	
1  342.819	2.543715e-01	1.340100e-01	3.094347e+00	-1.911396e+01	-9.108975e-02	3.043715e-01	
1  342.962	2.543715e-01	1.344897e-01	3.112446e+00	-1.911131e+01	-9.553351e-02	3.043715e-01	
1  342.763	2.543715e-01	1.358558e-01	3.092420e+00	-1.911580e+01	-9.596510e-02	3.043715e-01	
1  342.639	2.543715e-01	1.355054e-01	3.072136e+00	-1.911043e+01	-9.066060e-02	3.043715e-01	
3  342.629	2.603080e-01	1.355054e-01	3.072136e+00	-1.911043e+01	-9.066060e-02	3.103080e-01	
1  342.764	2.603080e-01	1.354002e-01	3.049744e+00	-1.911049e+01	-8.958666e-02	3.103080e-01	
2  342.524	2.603080e-01	1.356118e-01	3.080119e+00	-1.910730e+01	-8.830584e-02	3.103080e-01	
2  342.074	2.603080e-01	1.354409e-01	3.103922e+00	-1.911471e+01	-7.841964e-02	3.103080e-01	
1  342.213	2.603080e-01	1.342730e-01	3.080652e+00	-1.912127e+01	-7.365417e-02	3.103080e-01	
1  342.898	2.603080e-01	1.316653e-01	3.048139e+00	-1.911935e+01	-7.014456e-02	3.103080e-01	
1  343.078	2.726991e-01	1.316653e-01	3.048139e+00	-1.911935e+01	-7.014456e-02	3.226991e-01	
2  342.9	2.726991e-01	1.325409e-01	3.051584e+00	-1.910865e+01	-6.715018e-02	3.226991e-01	
1  342.977	2.726991e-01	1.315919e-01	3.065022e+00	-1.911160e+01	-5.986677e-02	3.226991e-01	
1  342.994	2.726991e-01	1.308016e-01	3.092277e+00	-1.911225e+01	-6.287240e-02	3.226991e-01	
1  343.276	2.861840e-01	1.308016e-01	3.092277e+00	-1.911225e+01	-6.287240e-02	3.361840e-01	
1  343.322	2.861840e-01	1.306075e-01	3.098234e+00	-1.911000e+01	-6.078833e-02	3.361840e-01	
1  343.341	2.861840e-01	1.308325e-01	3.073853e+00	-1.911544e+01	-5.804184e-02	3.361840e-01	
1  343.217	2.861840e-01	1.317160e-01	3.070707e+00	-1.911852e+01	-5.962988e-02	3.361840e-01	
2  343.071	2.861840e-01	1.325314e-01	3.070593e+00	-1.911905e+01	-5.880919e-02	3.361840e-01	
1  342.777	2.861840e-01	1.342122e-01	3.070639e+00	-1.911781e+01	-5.723875e-02	3.361840e-01	
1  342.668	2.861840e-01	1.345290e-01	3.067420e+00	-1.911360e+01	-5.997215e-02	3.361840e-01	
1  342.725	2.861840e-01	1.342063e-01	3.092258e+00	-1.910252e+01	-6.700473e-02	3.361840e-01	
1  342.63	2.861840e-01	1.344154e-01	3.083230e+00	-1.910602e+01	-6.878911e-02	3.361840e-01	
1  342.442	2.717224e-01	1.344154e-01	3.083230e+00	-1.910602e+01	-6.878911e-02	3.217224e-01	
1  342.563	2.717224e-01	1.331140e-01	3.097649e+00	-1.911311e+01	-7.501755e-02	3.217224e-01	
1  343.033	2.717224e-01	1.335581e-01	3.155322e+00	-1.910826e+01	-8.594308e-02	3.217224e-01	
1  342.687	2.717224e-01	1.343876e-01	3.133577e+00	-1.910542e+01	-8.411410e-02	3.217224e-01	
1  342.437	2.717224e-01	1.352499e-01	3.091882e+00	-1.910386e+01	-8.070938e-02	3.217224e-01	
1  342.463	2.749414e-01	1.352499e-01	3.091882e+00	-1.910386e+01	-8.070938e-02	3.249414e-01	
1  342.342	2.749414e-01	1.360244e-01	3.098360e+00	-1.910229e+01	-7.793349e-02	3.249414e-01	
1  342.462	2.749414e-01	1.376831e-01	3.070384e+00	-1.909901e+01	-8.522222e-02	3.249414e-01	
1  342.625	2.749414e-01	1.377484e-01	3.054424e+00	-1.909719e+01	-8.419177e-02	3.249414e-01	
1  342.697	2.749414e-01	1.354218e-01	3.067545e+00	-1.909867e+01	-7.336272e-02	3.249414e-01	
1  342.845	2.646984e-01	1.354218e-01	3.067545e+00	-1.909867e+01	-7.336272e-02	3.146984e-01	
2  342.914	2.646984e-01	1.351092e-01	3.092364e+00	-1.909650e+01	-7.606715e-02	3.146984e-01	
1  342.86	2.646984e-01	1.337825e-01	3.068360e+00	-1.910252e+01	-7.800720e-02	3.146984e-01	
1  342.928	2.646984e-01	1.346652e-01	3.084743e+00	-1.909764e+01	-8.063865e-02	3.146984e-01	
1  342.841	2.706985e-01	1.346652e-01	3.084743e+00	-1.909764e+01	-8.063865e-02	3.206985e-01	
1  342.754	2.706985e-01	1.357073e-01	3.113366e+00	-1.909547e+01	-7.746362e-02	3.206985e-01	
2  342.851	2.706985e-01	1.346685e-01	3.125379e+00	-1.909671e+01	-7.585736e-02	3.206985e-01	
1  343.203	2.706985e-01	1.333855e-01	3.149859e+00	-1.909686e+01	-8.142817e-02	3.206985e-01	
2  343.302	2.856443e-01	1.333855e-01	3.149859e+00	-1.909686e+01	-8.142817e-02	3.356443e-01	
1  343.67	2.856443e-01	1.320065e-01	3.153721e+00	-1.909360e+01	-7.570288e-02	3.356443e-01	
1  343.727	2.856443e-01	1.315614e-01	3.168938e+00	-1.909973e+01	-7.889248e-02	3.356443e-01	
2  344.475	2.856443e-01	1.302257e-01	3.196747e+00	-1.909865e+01	-8.143869e-02	3.356443e-01	
1  344.386	2.856443e-01	1.314717e-01	3.219828e+00	-1.910113e+01	-7.694113e-02	3.356443e-01	
1  345.242	2.856443e-01	1.313990e-01	3.255949e+00	-1.910529e+01	-8.029258e-02	3.356443e-01	
1  344.793	2.856443e-01	1.306123e-01	3.234483e+00	-1.910108e+01	-7.321879e-02	3.356443e-01	
1  344.876	2.856443e-01	1.315237e-01	3.244728e+00	-1.909948e+01	-7.672884e-02	3.356443e-01	
2  344.649	2.662211e-01	1.315237e-01	3.244728e+00	-1.909948e+01	-7.672884e-02	3.162211e-01	
1  344.679	2.662211e-01	1.316231e-01	3.236732e+00	-1.909660e+01	-7.124165e-02	3.162211e-01	
1  344.036	2.662211e-01	1.341658e-01	3.244829e+00	-1.910157e+01	-7.500867e-02	3.162211e-01	
1  343.436	2.662211e-01	1.344904e-01	3.213437e+00	-1.910136e+01	-7.362595e-02	3.162211e-01	
1  343.442	2.646514e-01	1.344904e-01	3.213437e+00	-1.910136e+01	-7.362595e-02	3.146514e-01	
2  343.704	2.646514e-01	1.343280e-01	3.218642e+00	-1.909925e+01	-7.095610e-02	3.146514e-01	
1  343.534	2.646514e-01	1.331254e-01	3.184260e+00	-1.909871e+01	-6.829596e-02	3.146514e-01	
2  343.386	2.646514e-01	1.322336e-01	3.192895e+00	-1.910519e+01	-6.928703e-02	3.146514e-01	
1  343.25	2.646514e-01	1.312564e-01	3.172688e+00	-1.910837e+01	-6.712526e-02	3.146514e-01	
2  343.413	2.646514e-01	1.315332e-01	3.167530e+00	-1.910721e+01	-5.662105e-02	3.146514e-01	
1  342.818	2.646514e-01	1.331453e-01	3.139466e+00	-1.910995e+01	-5.529802e-02	3.146514e-01	
1  343.114	2.887135e-01	1.331453e-01	3.139466e+00	-1.910995e+01	-5.529802e-02	3.387135e-01	
1  343.775	2.887135e-01	1.318964e-01	3.170849e+00	-1.911942e+01	-5.256366e-02	3.387135e-01	
1  343.623	2.887135e-01	1.313941e-01	3.151922e+00	-1.911521e+01	-5.025260e-02	3.387135e-01	
1  343.973	2.887135e-01	1.303737e-01	3.149178e+00	-1.912174e+01	-4.830985e-02	3.387135e-01	
1  344.442	2.887135e-01	1.298930e-01	3.144606e+00	-1.912187e+01	-3.577366e-02	3.387135e-01	
