2  369.35	2.740183e-01	1.500000e-01	3.559000e+00	-1.902000e+01	-1.000000e-01	3.240183e-01	
1  366.911	2.740183e-01	1.497507e-01	3.579153e+00	-1.903187e+01	-1.030143e-01	3.240183e-01	
2  365.976	2.740183e-01	1.512922e-01	3.560976e+00	-1.903277e+01	-1.024700e-01	3.240183e-01	
1  365.352	2.861907e-01	1.512922e-01	3.560976e+00	-1.903277e+01	-1.024700e-01	3.361907e-01	
2  365.685	2.861907e-01	1.495173e-01	3.565131e+00	-1.902944e+01	-1.100130e-01	3.361907e-01	
3  364.384	2.861907e-01	1.489091e-01	3.572791e+00	-1.903712e+01	-1.105626e-01	3.361907e-01	
1  363.175	2.861907e-01	1.501429e-01	3.545996e+00	-1.903743e+01	-1.048462e-01	3.361907e-01	
3  362.49	2.861907e-01	1.485753e-01	3.549684e+00	-1.904045e+01	-1.059860e-01	3.361907e-01	
1  362.173	3.119026e-01	1.485753e-01	3.549684e+00	-1.904045e+01	-1.059860e-01	3.619026e-01	
1  361.675	3.119026e-01	1.479294e-01	3.544510e+00	-1.904097e+01	-1.139364e-01	3.619026e-01	
1  361.304	3.119026e-01	1.459219e-01	3.554157e+00	-1.904654e+01	-1.120007e-01	3.619026e-01	
1  360.852	3.119026e-01	1.440580e-01	3.532194e+00	-1.903941e+01	-1.063403e-01	3.619026e-01	
1  360.607	3.119026e-01	1.442002e-01	3.508867e+00	-1.903388e+01	-1.026297e-01	3.619026e-01	
2  360.672	3.077897e-01	1.442002e-01	3.508867e+00	-1.903388e+01	-1.026297e-01	3.577897e-01	
2  359.506	3.077897e-01	1.439648e-01	3.510041e+00	-1.904060e+01	-1.033382e-01	3.577897e-01	
1  359.522	3.077897e-01	1.447378e-01	3.506426e+00	-1.903932e+01	-1.070790e-01	3.577897e-01	
1  359.699	3.303211e-01	1.447378e-01	3.506426e+00	-1.903932e+01	-1.070790e-01	3.803211e-01	
1  359.471	3.303211e-01	1.431756e-01	3.503233e+00	-1.903922e+01	-1.098665e-01	3.803211e-01	
1  359.383	3.303211e-01	1.419873e-01	3.507576e+00	-1.904211e+01	-1.120201e-01	3.803211e-01	
1  359.211	3.303211e-01	1.412945e-01	3.499059e+00	-1.904082e+01	-1.171416e-01	3.803211e-01	
1  359.015	3.303211e-01	1.403419e-01	3.508013e+00	-1.904738e+01	-1.146224e-01	3.803211e-01	
1  360.239	3.539203e-01	1.403419e-01	3.508013e+00	-1.904738e+01	-1.146224e-01	4.039203e-01	
3  359.249	3.539203e-01	1.398196e-01	3.488594e+00	-1.904569e+01	-1.140611e-01	4.039203e-01	
1  358.452	3.539203e-01	1.382714e-01	3.464127e+00	-1.903876e+01	-1.117541e-01	4.039203e-01	
1  357.566	3.214015e-01	1.382714e-01	3.464127e+00	-1.903876e+01	-1.117541e-01	3.714015e-01	
1  359.399	3.214015e-01	1.393192e-01	3.510504e+00	-1.904192e+01	-1.104770e-01	3.714015e-01	
2  359.663	3.214015e-01	1.408236e-01	3.503388e+00	-1.903745e+01	-1.165633e-01	3.714015e-01	
1  359.909	3.214015e-01	1.433135e-01	3.516218e+00	-1.904117e+01	-1.178427e-01	3.714015e-01	
1  360.133	3.302510e-01	1.433135e-01	3.516218e+00	-1.904117e+01	-1.178427e-01	3.802510e-01	
1  360.163	3.302510e-01	1.419933e-01	3.512970e+00	-1.903973e+01	-1.200502e-01	3.802510e-01	
1  360.589	3.302510e-01	1.430827e-01	3.530994e+00	-1.904424e+01	-1.156409e-01	3.802510e-01	
1  358.712	3.302510e-01	1.444736e-01	3.495975e+00	-1.904366e+01	-1.129687e-01	3.802510e-01	
1  358.511	3.302510e-01	1.431252e-01	3.510993e+00	-1.905216e+01	-1.025291e-01	3.802510e-01	
1  358.006	3.135028e-01	1.431252e-01	3.510993e+00	-1.905216e+01	-1.025291e-01	3.635028e-01	
3  356.678	3.135028e-01	1.422638e-01	3.489447e+00	-1.905359e+01	-1.016105e-01	3.635028e-01	
1  354.799	3.135028e-01	1.426955e-01	3.464766e+00	-1.906175e+01	-1.046243e-01	3.635028e-01	
1  355.057	3.202233e-01	1.426955e-01	3.464766e+00	-1.906175e+01	-1.046243e-01	3.702233e-01	
1  356.46	3.202233e-01	1.427184e-01	3.494558e+00	-1.906561e+01	-1.051962e-01	3.702233e-01	
1  354.692	3.202233e-01	1.425046e-01	3.458526e+00	-1.906390e+01	-1.062669e-01	3.702233e-01	
3  354.294	3.202233e-01	1.445939e-01	3.454112e+00	-1.906744e+01	-1.010963e-01	3.702233e-01	
1  354.626	3.202233e-01	1.429621e-01	3.456652e+00	-1.906516e+01	-1.078128e-01	3.702233e-01	
1  354.21	3.202233e-01	1.443585e-01	3.441856e+00	-1.906039e+01	-1.082967e-01	3.702233e-01	
1  355.291	3.202233e-01	1.418222e-01	3.458409e+00	-1.905605e+01	-1.112046e-01	3.702233e-01	
1  352.756	3.202233e-01	1.438042e-01	3.402713e+00	-1.905533e+01	-1.079491e-01	3.702233e-01	
1  352.446	3.050210e-01	1.438042e-01	3.402713e+00	-1.905533e+01	-1.079491e-01	3.550210e-01	
1  349.894	3.050210e-01	1.447420e-01	3.347685e+00	-1.905960e+01	-1.027276e-01	3.550210e-01	
1  350.251	3.050210e-01	1.451828e-01	3.362321e+00	-1.906137e+01	-9.761448e-02	3.550210e-01	
1  350.669	3.050210e-01	1.464273e-01	3.362521e+00	-1.905934e+01	-1.081015e-01	3.550210e-01	
1  351.219	3.050210e-01	1.456760e-01	3.355068e+00	-1.905160e+01	-1.114672e-01	3.550210e-01	
1  351.232	2.977127e-01	1.456760e-01	3.355068e+00	-1.905160e+01	-1.114672e-01	3.477127e-01	
1  351.362	2.977127e-01	1.448882e-01	3.365839e+00	-1.905307e+01	-1.107698e-01	3.477127e-01	
1  351.339	2.977127e-01	1.461820e-01	3.369112e+00	-1.905457e+01	-1.054925e-01	3.477127e-01	
1  351.188	2.977127e-01	1.438582e-01	3.376530e+00	-1.905670e+01	-9.895768e-02	3.477127e-01	
1  350.182	2.977127e-01	1.433463e-01	3.349833e+00	-1.905692e+01	-1.041109e-01	3.477127e-01	
3  350.244	3.096453e-01	1.433463e-01	3.349833e+00	-1.905692e+01	-1.041109e-01	3.596453e-01	
1  348.98	3.096453e-01	1.424180e-01	3.323972e+00	-1.906058e+01	-1.025563e-01	3.596453e-01	
1  349.24	3.096453e-01	1.436571e-01	3.322745e+00	-1.905902e+01	-1.083803e-01	3.596453e-01	
1  349.445	3.182425e-01	1.436571e-01	3.322745e+00	-1.905902e+01	-1.083803e-01	3.682425e-01	
1  350.071	3.182425e-01	1.409161e-01	3.353763e+00	-1.906766e+01	-1.093908e-01	3.682425e-01	
1  349.34	3.182425e-01	1.410747e-01	3.341715e+00	-1.907198e+01	-1.058917e-01	3.682425e-01	
1  348.249	3.182425e-01	1.421643e-01	3.319221e+00	-1.907878e+01	-1.006644e-01	3.682425e-01	
1  348.188	3.182425e-01	1.401217e-01	3.314960e+00	-1.908971e+01	-9.800618e-02	3.682425e-01	
1  346.581	2.898194e-01	1.401217e-01	3.314960e+00	-1.908971e+01	-9.800618e-02	3.398194e-01	
1  345.812	2.898194e-01	1.391370e-01	3.284255e+00	-1.909155e+01	-1.000004e-01	3.398194e-01	
1  346.028	2.898194e-01	1.404000e-01	3.297008e+00	-1.909074e+01	-9.818521e-02	3.398194e-01	
1  344.94	2.898194e-01	1.391417e-01	3.259213e+00	-1.908644e+01	-9.111290e-02	3.398194e-01	
1  345.361	2.898194e-01	1.387445e-01	3.285028e+00	-1.909091e+01	-8.579708e-02	3.398194e-01	
2  345.084	2.732586e-01	1.387445e-01	3.285028e+00	-1.909091e+01	-8.579708e-02	3.232586e-01	
1  344.742	2.732586e-01	1.393004e-01	3.286393e+00	-1.909984e+01	-8.481062e-02	3.232586e-01	
1  346.109	2.732586e-01	1.382200e-01	3.321877e+00	-1.909184e+01	-7.920178e-02	3.232586e-01	
1  346.899	2.732586e-01	1.403952e-01	3.332575e+00	-1.908968e+01	-6.614965e-02	3.232586e-01	
1  346.902	2.804180e-01	1.403952e-01	3.332575e+00	-1.908968e+01	-6.614965e-02	3.304180e-01	
1  348.018	2.804180e-01	1.402120e-01	3.363246e+00	-1.909102e+01	-6.287967e-02	3.304180e-01	
1  348.404	2.804180e-01	1.393490e-01	3.382127e+00	-1.909425e+01	-6.629363e-02	3.304180e-01	
1  349.96	2.804180e-01	1.386208e-01	3.406710e+00	-1.908326e+01	-7.296377e-02	3.304180e-01	
1  350.169	2.804180e-01	1.398906e-01	3.376861e+00	-1.907393e+01	-6.566115e-02	3.304180e-01	
2  350.037	2.960465e-01	1.398906e-01	3.376861e+00	-1.907393e+01	-6.566115e-02	3.460465e-01	
1  350.099	2.960465e-01	1.416707e-01	3.390882e+00	-1.907997e+01	-6.508082e-02	3.460465e-01	
1  349.559	2.960465e-01	1.430935e-01	3.382340e+00	-1.908562e+01	-6.280691e-02	3.460465e-01	
1  350.116	2.960465e-01	1.429309e-01	3.383599e+00	-1.908291e+01	-5.731607e-02	3.460465e-01	
2  350.161	2.712537e-01	1.429309e-01	3.383599e+00	-1.908291e+01	-5.731607e-02	3.212537e-01	
6  350.907	2.712537e-01	1.422216e-01	3.398122e+00	-1.908006e+01	-5.910703e-02	3.212537e-01	
1  352.054	2.712537e-01	1.412842e-01	3.403203e+00	-1.907181e+01	-6.229148e-02	3.212537e-01	
1  352.457	2.712537e-01	1.412478e-01	3.428970e+00	-1.907355e+01	-6.740216e-02	3.212537e-01	
1  352.88	2.598549e-01	1.412478e-01	3.428970e+00	-1.907355e+01	-6.740216e-02	3.098549e-01	
3  353.099	2.598549e-01	1.413818e-01	3.447690e+00	-1.907594e+01	-7.047550e-02	3.098549e-01	
2  352.68	2.598549e-01	1.400445e-01	3.418999e+00	-1.907087e+01	-7.071311e-02	3.098549e-01	
2  351.768	2.598549e-01	1.403613e-01	3.387648e+00	-1.906842e+01	-7.289796e-02	3.098549e-01	
1  354.574	2.598549e-01	1.401992e-01	3.422014e+00	-1.906278e+01	-6.847437e-02	3.098549e-01	
1  356.159	2.598549e-01	1.414846e-01	3.438747e+00	-1.905941e+01	-6.712617e-02	3.098549e-01	
2  356.156	2.598912e-01	1.414846e-01	3.438747e+00	-1.905941e+01	-6.712617e-02	3.098912e-01	
1  355.343	2.598912e-01	1.404518e-01	3.416129e+00	-1.905869e+01	-6.761495e-02	3.098912e-01	
5  356.196	2.598912e-01	1.372078e-01	3.415105e+00	-1.905587e+01	-6.666078e-02	3.098912e-01	
1  353.498	2.598912e-01	1.382235e-01	3.385972e+00	-1.906268e+01	-6.604069e-02	3.098912e-01	
2  352.139	2.598912e-01	1.381649e-01	3.358967e+00	-1.906881e+01	-5.680529e-02	3.098912e-01	
1  351.947	2.598912e-01	1.384379e-01	3.341256e+00	-1.906566e+01	-5.996993e-02	3.098912e-01	
1  349.676	2.598912e-01	1.401920e-01	3.290022e+00	-1.906771e+01	-6.426983e-02	3.098912e-01	
2  349.287	2.598912e-01	1.387003e-01	3.303385e+00	-1.906871e+01	-7.096655e-02	3.098912e-01	
4  349.405	2.581307e-01	1.387003e-01	3.303385e+00	-1.906871e+01	-7.096655e-02	3.081307e-01	
2  349.28	2.581307e-01	1.383166e-01	3.293111e+00	-1.906923e+01	-6.819226e-02	3.081307e-01	
1  348.333	2.581307e-01	1.378422e-01	3.290631e+00	-1.907358e+01	-6.907690e-02	3.081307e-01	
1  349.302	2.581307e-01	1.380663e-01	3.317567e+00	-1.907180e+01	-6.958613e-02	3.081307e-01	
2  348.902	2.581307e-01	1.417504e-01	3.316200e+00	-1.907189e+01	-7.355194e-02	3.081307e-01	
2  348.302	2.705977e-01	1.417504e-01	3.316200e+00	-1.907189e+01	-7.355194e-02	3.205977e-01	
2  347.886	2.705977e-01	1.400357e-01	3.317197e+00	-1.907326e+01	-7.809146e-02	3.205977e-01	
1  347.998	2.705977e-01	1.381548e-01	3.303965e+00	-1.907142e+01	-7.555329e-02	3.205977e-01	
1  347.763	2.771821e-01	1.381548e-01	3.303965e+00	-1.907142e+01	-7.555329e-02	3.271821e-01	
1  347.55	2.771821e-01	1.399264e-01	3.299169e+00	-1.907191e+01	-7.435727e-02	3.271821e-01	
3  347.724	2.771821e-01	1.412045e-01	3.276018e+00	-1.906664e+01	-7.593570e-02	3.271821e-01	
2  347.257	2.952609e-01	1.412045e-01	3.276018e+00	-1.906664e+01	-7.593570e-02	3.452609e-01	
1  347.59	2.952609e-01	1.399534e-01	3.291713e+00	-1.906767e+01	-7.428530e-02	3.452609e-01	
1  347.018	2.952609e-01	1.393143e-01	3.305691e+00	-1.907453e+01	-7.985216e-02	3.452609e-01	
1  345.703	2.952609e-01	1.408531e-01	3.282070e+00	-1.908289e+01	-7.909614e-02	3.452609e-01	
1  346.789	3.230800e-01	1.408531e-01	3.282070e+00	-1.908289e+01	-7.909614e-02	3.730800e-01	
1  347.741	3.230800e-01	1.390417e-01	3.302022e+00	-1.907965e+01	-6.260785e-02	3.730800e-01	
1  347.097	3.230800e-01	1.398670e-01	3.278754e+00	-1.908054e+01	-6.101654e-02	3.730800e-01	
1  347.348	3.230800e-01	1.392185e-01	3.278943e+00	-1.907796e+01	-5.869062e-02	3.730800e-01	
1  348.327	3.230800e-01	1.390870e-01	3.317007e+00	-1.907690e+01	-6.361554e-02	3.730800e-01	
1  348.272	3.216774e-01	1.390870e-01	3.317007e+00	-1.907690e+01	-6.361554e-02	3.716774e-01	
1  347.366	3.216774e-01	1.417907e-01	3.280378e+00	-1.908016e+01	-5.779954e-02	3.716774e-01	
1  346.986	3.216774e-01	1.415315e-01	3.255399e+00	-1.907375e+01	-6.081211e-02	3.716774e-01	
1  347.832	3.216774e-01	1.413686e-01	3.291265e+00	-1.907550e+01	-6.006842e-02	3.716774e-01	
1  347.162	3.216774e-01	1.393512e-01	3.278778e+00	-1.907974e+01	-5.907972e-02	3.716774e-01	
1  347.177	3.220524e-01	1.393512e-01	3.278778e+00	-1.907974e+01	-5.907972e-02	3.720524e-01	
1  347.295	3.220524e-01	1.395194e-01	3.244426e+00	-1.907327e+01	-5.198090e-02	3.720524e-01	
1  347.724	3.220524e-01	1.398975e-01	3.252538e+00	-1.907414e+01	-4.808786e-02	3.720524e-01	
2  347.859	3.220524e-01	1.399653e-01	3.243395e+00	-1.907125e+01	-4.784165e-02	3.720524e-01	
1  348.271	3.377661e-01	1.399653e-01	3.243395e+00	-1.907125e+01	-4.784165e-02	3.877661e-01	
2  347.93	3.377661e-01	1.379224e-01	3.241484e+00	-1.907082e+01	-5.155801e-02	3.877661e-01	
1  348.466	3.377661e-01	1.382408e-01	3.240703e+00	-1.906207e+01	-5.608695e-02	3.877661e-01	
1  347.992	3.377661e-01	1.373069e-01	3.230629e+00	-1.906379e+01	-5.733388e-02	3.877661e-01	
1  348.325	3.477025e-01	1.373069e-01	3.230629e+00	-1.906379e+01	-5.733388e-02	3.977025e-01	
2  347.678	3.477025e-01	1.374143e-01	3.213387e+00	-1.907097e+01	-5.303117e-02	3.977025e-01	
2  347.769	3.477025e-01	1.379468e-01	3.232280e+00	-1.907056e+01	-5.868843e-02	3.977025e-01	
2  347.589	3.441645e-01	1.379468e-01	3.232280e+00	-1.907056e+01	-5.868843e-02	3.941645e-01	
1  347.904	3.441645e-01	1.392374e-01	3.222544e+00	-1.906816e+01	-5.321234e-02	3.941645e-01	
1  347.849	3.441645e-01	1.397708e-01	3.221296e+00	-1.906937e+01	-5.247650e-02	3.941645e-01	
1  347.987	3.441645e-01	1.396922e-01	3.234735e+00	-1.907301e+01	-5.069443e-02	3.941645e-01	
2  349.04	3.616072e-01	1.396922e-01	3.234735e+00	-1.907301e+01	-5.069443e-02	4.116072e-01	
1  348.681	3.616072e-01	1.407513e-01	3.192140e+00	-1.907122e+01	-4.577180e-02	4.116072e-01	
1  348.486	3.616072e-01	1.409589e-01	3.183440e+00	-1.907182e+01	-4.630112e-02	4.116072e-01	
1  348.163	3.616072e-01	1.407562e-01	3.174024e+00	-1.907865e+01	-4.508288e-02	4.116072e-01	
1  346.974	3.430306e-01	1.407562e-01	3.174024e+00	-1.907865e+01	-4.508288e-02	3.930306e-01	
2  347.53	3.430306e-01	1.414073e-01	3.158849e+00	-1.907793e+01	-3.778109e-02	3.930306e-01	
1  348.097	3.430306e-01	1.399273e-01	3.164829e+00	-1.907546e+01	-3.372855e-02	3.930306e-01	
1  346.73	3.430306e-01	1.402033e-01	3.122095e+00	-1.907204e+01	-4.736589e-02	3.930306e-01	
3  347.454	3.580027e-01	1.402033e-01	3.122095e+00	-1.907204e+01	-4.736589e-02	4.080027e-01	
4  347.089	3.580027e-01	1.376570e-01	3.099651e+00	-1.907608e+01	-4.738390e-02	4.080027e-01	
1  347.161	3.580027e-01	1.373591e-01	3.117268e+00	-1.906558e+01	-5.778747e-02	4.080027e-01	
1  347.445	3.580027e-01	1.376625e-01	3.128504e+00	-1.906075e+01	-6.065853e-02	4.080027e-01	
2  347.356	3.580027e-01	1.355558e-01	3.124194e+00	-1.906268e+01	-6.121219e-02	4.080027e-01	
1  346.619	3.580027e-01	1.359175e-01	3.123051e+00	-1.907074e+01	-7.159365e-02	4.080027e-01	
1  346.585	3.580027e-01	1.357990e-01	3.123660e+00	-1.907321e+01	-7.485684e-02	4.080027e-01	
2  346.488	3.580027e-01	1.371594e-01	3.091770e+00	-1.906863e+01	-8.097173e-02	4.080027e-01	
1  344.923	3.227887e-01	1.371594e-01	3.091770e+00	-1.906863e+01	-8.097173e-02	3.727887e-01	
1  344.814	3.227887e-01	1.378064e-01	3.130351e+00	-1.907036e+01	-7.980576e-02	3.727887e-01	
1  345.046	3.227887e-01	1.378106e-01	3.135836e+00	-1.906788e+01	-8.029068e-02	3.727887e-01	
1  344.769	3.227887e-01	1.382947e-01	3.130647e+00	-1.907109e+01	-7.657556e-02	3.727887e-01	
3  344.721	3.227887e-01	1.379535e-01	3.120838e+00	-1.907092e+01	-7.944453e-02	3.727887e-01	
2  344.56	3.227887e-01	1.373240e-01	3.127124e+00	-1.907465e+01	-7.638825e-02	3.727887e-01	
1  344.611	3.227887e-01	1.370125e-01	3.103273e+00	-1.907352e+01	-7.498454e-02	3.727887e-01	
1  344.832	3.299160e-01	1.370125e-01	3.103273e+00	-1.907352e+01	-7.498454e-02	3.799160e-01	
1  344.521	3.299160e-01	1.372055e-01	3.095482e+00	-1.907945e+01	-7.394579e-02	3.799160e-01	
1  344.483	3.299160e-01	1.374193e-01	3.112112e+00	-1.908227e+01	-6.965948e-02	3.799160e-01	
1  344.789	3.299160e-01	1.347335e-01	3.107509e+00	-1.908026e+01	-7.060730e-02	3.799160e-01	
2  344.653	3.299160e-01	1.366075e-01	3.091032e+00	-1.907902e+01	-6.835728e-02	3.799160e-01	
2  344.679	3.299160e-01	1.358061e-01	3.127196e+00	-1.908379e+01	-6.640394e-02	3.799160e-01	
1  344.764	3.299160e-01	1.347268e-01	3.134947e+00	-1.908683e+01	-6.880750e-02	3.799160e-01	
1  345.24	3.299160e-01	1.330976e-01	3.150488e+00	-1.908177e+01	-6.781435e-02	3.799160e-01	
1  345.42	3.334972e-01	1.330976e-01	3.150488e+00	-1.908177e+01	-6.781435e-02	3.834972e-01	
1  345.447	3.334972e-01	1.320567e-01	3.137503e+00	-1.908370e+01	-6.980223e-02	3.834972e-01	
1  345.398	3.334972e-01	1.322767e-01	3.108287e+00	-1.908050e+01	-6.490710e-02	3.834972e-01	
1  345.006	3.334972e-01	1.336656e-01	3.113916e+00	-1.908716e+01	-6.615385e-02	3.834972e-01	
1  345.345	3.334972e-01	1.320207e-01	3.108199e+00	-1.908637e+01	-7.512792e-02	3.834972e-01	
2  344.33	3.120012e-01	1.320207e-01	3.108199e+00	-1.908637e+01	-7.512792e-02	3.620012e-01	
1  344.518	3.120012e-01	1.329463e-01	3.134153e+00	-1.908137e+01	-7.009930e-02	3.620012e-01	
3  345.13	3.120012e-01	1.326897e-01	3.173419e+00	-1.907892e+01	-6.672302e-02	3.620012e-01	
1  345.031	3.120012e-01	1.334573e-01	3.153755e+00	-1.907590e+01	-6.832191e-02	3.620012e-01	
1  344.988	3.120012e-01	1.356819e-01	3.174126e+00	-1.907323e+01	-7.514872e-02	3.620012e-01	
3  344.658	3.120012e-01	1.348876e-01	3.156292e+00	-1.907580e+01	-7.994745e-02	3.620012e-01	
1  344.473	3.120012e-01	1.354384e-01	3.176995e+00	-1.908112e+01	-7.980734e-02	3.620012e-01	
1  344.412	3.120012e-01	1.341738e-01	3.167907e+00	-1.908375e+01	-7.613505e-02	3.620012e-01	
1  344.5	3.120012e-01	1.339846e-01	3.191020e+00	-1.909918e+01	-7.076394e-02	3.620012e-01	
1  345.323	3.120012e-01	1.335442e-01	3.233967e+00	-1.909808e+01	-6.959809e-02	3.620012e-01	
1  344.291	2.592164e-01	1.335442e-01	3.233967e+00	-1.909808e+01	-6.959809e-02	3.092164e-01	
1  344.31	2.592164e-01	1.328182e-01	3.229270e+00	-1.909812e+01	-7.109428e-02	3.092164e-01	
1  343.853	2.592164e-01	1.330179e-01	3.190436e+00	-1.909637e+01	-7.305131e-02	3.092164e-01	
1  343.994	2.592164e-01	1.344462e-01	3.189476e+00	-1.909339e+01	-6.874480e-02	3.092164e-01	
1  343.728	2.592164e-01	1.333275e-01	3.172411e+00	-1.909551e+01	-7.166264e-02	3.092164e-01	
1  343.813	2.566739e-01	1.333275e-01	3.172411e+00	-1.909551e+01	-7.166264e-02	3.066739e-01	
1  343.032	2.566739e-01	1.348282e-01	3.141282e+00	-1.910004e+01	-6.767592e-02	3.066739e-01	
1  343.15	2.566739e-01	1.335294e-01	3.130136e+00	-1.909999e+01	-7.111800e-02	3.066739e-01	
1  343.546	2.566739e-01	1.328996e-01	3.124677e+00	-1.909700e+01	-7.160122e-02	3.066739e-01	
1  343.104	2.566739e-01	1.337143e-01	3.148589e+00	-1.910029e+01	-7.477623e-02	3.066739e-01	
1  343.263	2.515477e-01	1.337143e-01	3.148589e+00	-1.910029e+01	-7.477623e-02	3.015477e-01	
2  342.635	2.515477e-01	1.345221e-01	3.137142e+00	-1.910614e+01	-7.253215e-02	3.015477e-01	
1  343.217	2.515477e-01	1.328691e-01	3.144242e+00	-1.910799e+01	-5.695066e-02	3.015477e-01	
2  343.106	2.515477e-01	1.323909e-01	3.180934e+00	-1.911122e+01	-6.493428e-02	3.015477e-01	
1  343.535	2.515477e-01	1.325508e-01	3.216039e+00	-1.910980e+01	-7.009309e-02	3.015477e-01	
1  343.342	2.515477e-01	1.340925e-01	3.220544e+00	-1.910985e+01	-6.851325e-02	3.015477e-01	
1  343.533	2.515477e-01	1.349463e-01	3.227298e+00	-1.910774e+01	-6.435845e-02	3.015477e-01	
1  343.555	2.515477e-01	1.334390e-01	3.210728e+00	-1.910590e+01	-6.749904e-02	3.015477e-01	
2  344.16	2.354465e-01	1.334390e-01	3.210728e+00	-1.910590e+01	-6.749904e-02	2.854465e-01	
2  344.342	2.354465e-01	1.339734e-01	3.236494e+00	-1.910706e+01	-6.701830e-02	2.854465e-01	
2  345.142	2.354465e-01	1.334250e-01	3.267446e+00	-1.910713e+01	-6.306173e-02	2.854465e-01	
1  345.586	2.354465e-01	1.326596e-01	3.287037e+00	-1.910796e+01	-6.454047e-02	2.854465e-01	
1  345.756	2.354465e-01	1.341276e-01	3.289021e+00	-1.910341e+01	-6.659479e-02	2.854465e-01	
2  345.294	2.354465e-01	1.323993e-01	3.249789e+00	-1.910269e+01	-6.764475e-02	2.854465e-01	
1  345.287	2.355604e-01	1.323993e-01	3.249789e+00	-1.910269e+01	-6.764475e-02	2.855604e-01	
1  345.872	2.355604e-01	1.324280e-01	3.279460e+00	-1.910121e+01	-7.405491e-02	2.855604e-01	
2  344.923	2.355604e-01	1.325015e-01	3.257768e+00	-1.910660e+01	-7.220278e-02	2.855604e-01	
2  345.041	2.355604e-01	1.313975e-01	3.274947e+00	-1.911362e+01	-7.544144e-02	2.855604e-01	
2  344.723	2.355604e-01	1.307091e-01	3.241694e+00	-1.911064e+01	-7.648348e-02	2.855604e-01	
1  344.275	2.355604e-01	1.328043e-01	3.249298e+00	-1.911463e+01	-6.298343e-02	2.855604e-01	
1  343.97	2.355604e-01	1.341049e-01	3.237845e+00	-1.911049e+01	-7.074171e-02	2.855604e-01	
1  344.109	2.321425e-01	1.341049e-01	3.237845e+00	-1.911049e+01	-7.074171e-02	2.821425e-01	
1  344.668	2.321425e-01	1.338030e-01	3.254736e+00	-1.911008e+01	-6.406121e-02	2.821425e-01	
1  344.158	2.321425e-01	1.338675e-01	3.250418e+00	-1.911645e+01	-6.147499e-02	2.821425e-01	
1  344.718	2.321425e-01	1.337319e-01	3.274416e+00	-1.911765e+01	-5.802233e-02	2.821425e-01	
1  344.054	2.321425e-01	1.358525e-01	3.273638e+00	-1.912102e+01	-6.571128e-02	2.821425e-01	
1  344.634	2.161088e-01	1.358525e-01	3.273638e+00	-1.912102e+01	-6.571128e-02	2.661088e-01	
1  344.602	2.161088e-01	1.367623e-01	3.283263e+00	-1.912125e+01	-7.486576e-02	2.661088e-01	
2  343.983	2.161088e-01	1.357159e-01	3.256019e+00	-1.912493e+01	-7.563019e-02	2.661088e-01	
1  344.702	2.161088e-01	1.345238e-01	3.253934e+00	-1.911518e+01	-7.628076e-02	2.661088e-01	
1  344.054	2.303598e-01	1.345238e-01	3.253934e+00	-1.911518e+01	-7.628076e-02	2.803598e-01	
1  344.299	2.303598e-01	1.377246e-01	3.282877e+00	-1.911510e+01	-7.883849e-02	2.803598e-01	
1  344.42	2.303598e-01	1.371961e-01	3.283085e+00	-1.911380e+01	-7.523245e-02	2.803598e-01	
1  344.462	2.303598e-01	1.393087e-01	3.294390e+00	-1.911580e+01	-8.041833e-02	2.803598e-01	
1  344.283	2.303598e-01	1.409732e-01	3.282805e+00	-1.911250e+01	-7.669821e-02	2.803598e-01	
4  344.013	2.492605e-01	1.409732e-01	3.282805e+00	-1.911250e+01	-7.669821e-02	2.992605e-01	
1  343.753	2.492605e-01	1.408396e-01	3.270067e+00	-1.911021e+01	-7.747641e-02	2.992605e-01	
2  343.777	2.570082e-01	1.408396e-01	3.270067e+00	-1.911021e+01	-7.747641e-02	3.070082e-01	
1  343.385	2.570082e-01	1.405446e-01	3.254396e+00	-1.911120e+01	-7.422723e-02	3.070082e-01	
1  343.586	2.570082e-01	1.387297e-01	3.261927e+00	-1.911254e+01	-7.575024e-02	3.070082e-01	
2  342.391	2.570082e-01	1.400307e-01	3.205850e+00	-1.911673e+01	-7.221594e-02	3.070082e-01	
1  342.634	2.570082e-01	1.396781e-01	3.217387e+00	-1.912016e+01	-7.433947e-02	3.070082e-01	
1  342.489	2.570082e-01	1.403604e-01	3.204692e+00	-1.912197e+01	-7.702306e-02	3.070082e-01	
1  342.57	2.570082e-01	1.400720e-01	3.192775e+00	-1.912373e+01	-8.331338e-02	3.070082e-01	
1  342.131	2.570082e-01	1.396209e-01	3.152875e+00	-1.912440e+01	-8.296611e-02	3.070082e-01	
1  342.361	2.636036e-01	1.396209e-01	3.152875e+00	-1.912440e+01	-8.296611e-02	3.136036e-01	
1  342.416	2.636036e-01	1.391357e-01	3.150516e+00	-1.911725e+01	-9.039528e-02	3.136036e-01	
1  342.328	2.636036e-01	1.378607e-01	3.112744e+00	-1.911340e+01	-9.198127e-02	3.136036e-01	
1  342.492	2.636036e-01	1.369855e-01	3.127672e+00	-1.911458e+01	-9.179408e-02	3.136036e-01	
2  342.369	2.636036e-01	1.357210e-01	3.123891e+00	-1.910591e+01	-8.437766e-02	3.136036e-01	
1  342.383	2.636036e-01	1.346449e-01	3.146987e+00	-1.911372e+01	-7.856791e-02	3.136036e-01	
2  342.839	2.636036e-01	1.343356e-01	3.175254e+00	-1.911805e+01	-8.147159e-02	3.136036e-01	
1  343.1	2.636036e-01	1.359314e-01	3.212944e+00	-1.911855e+01	-7.996300e-02	3.136036e-01	
1  343.042	2.615555e-01	1.359314e-01	3.212944e+00	-1.911855e+01	-7.996300e-02	3.115555e-01	
1  344.211	2.615555e-01	1.353583e-01	3.225667e+00	-1.912551e+01	-8.985624e-02	3.115555e-01	
1  344.362	2.615555e-01	1.354030e-01	3.244933e+00	-1.912334e+01	-8.840856e-02	3.115555e-01	
1  344.419	2.615555e-01	1.347990e-01	3.259386e+00	-1.912284e+01	-8.245058e-02	3.115555e-01	
1  343.562	2.615555e-01	1.341695e-01	3.238992e+00	-1.911276e+01	-7.227842e-02	3.115555e-01	
1  343.517	2.549191e-01	1.341695e-01	3.238992e+00	-1.911276e+01	-7.227842e-02	3.049191e-01	
1  343.697	2.549191e-01	1.333040e-01	3.244021e+00	-1.912061e+01	-7.112342e-02	3.049191e-01	
1  343.947	2.549191e-01	1.309392e-01	3.232822e+00	-1.911634e+01	-7.002148e-02	3.049191e-01	
1  343.458	2.549191e-01	1.317593e-01	3.217072e+00	-1.911803e+01	-6.783577e-02	3.049191e-01	
1  342.742	2.549191e-01	1.317663e-01	3.159554e+00	-1.911915e+01	-6.616263e-02	3.049191e-01	
1  343.019	2.721598e-01	1.317663e-01	3.159554e+00	-1.911915e+01	-6.616263e-02	3.221598e-01	
5  342.92	2.721598e-01	1.328502e-01	3.163823e+00	-1.911758e+01	-7.215276e-02	3.221598e-01	
2  342.482	2.721598e-01	1.337414e-01	3.131829e+00	-1.911758e+01	-7.041877e-02	3.221598e-01	
1  342.27	2.721598e-01	1.353468e-01	3.137876e+00	-1.911454e+01	-7.275506e-02	3.221598e-01	
1  342.503	2.721598e-01	1.359353e-01	3.103007e+00	-1.910110e+01	-6.524738e-02	3.221598e-01	
1  342.777	2.579938e-01	1.359353e-01	3.103007e+00	-1.910110e+01	-6.524738e-02	3.079938e-01	
2  343.096	2.579938e-01	1.355822e-01	3.087133e+00	-1.909745e+01	-6.969258e-02	3.079938e-01	
2  343.316	2.579938e-01	1.370932e-01	3.055111e+00	-1.909424e+01	-7.607191e-02	3.079938e-01	
1  343.044	2.656640e-01	1.370932e-01	3.055111e+00	-1.909424e+01	-7.607191e-02	3.156640e-01	
1  342.394	2.656640e-01	1.387012e-01	3.026901e+00	-1.910595e+01	-7.181607e-02	3.156640e-01	
1  342.691	2.656640e-01	1.374625e-01	3.016549e+00	-1.910482e+01	-7.408746e-02	3.156640e-01	
3  342.556	2.656640e-01	1.390212e-01	3.013581e+00	-1.910701e+01	-6.783246e-02	3.156640e-01	
2  342.405	2.656640e-01	1.389884e-01	3.017862e+00	-1.910944e+01	-6.630689e-02	3.156640e-01	
1  343.095	2.656640e-01	1.393872e-01	3.018795e+00	-1.910349e+01	-5.726381e-02	3.156640e-01	
2  343.528	2.656640e-01	1.401143e-01	2.987036e+00	-1.910549e+01	-5.566414e-02	3.156640e-01	
4  343.756	2.656640e-01	1.378232e-01	2.957310e+00	-1.910765e+01	-6.578679e-02	3.156640e-01	
1  343.781	2.868686e-01	1.378232e-01	2.957310e+00	-1.910765e+01	-6.578679e-02	3.368686e-01	
1  343.195	2.868686e-01	1.381123e-01	2.989565e+00	-1.911361e+01	-7.407022e-02	3.368686e-01	
1  342.642	2.868686e-01	1.374969e-01	3.035575e+00	-1.911167e+01	-7.503178e-02	3.368686e-01	
1  342.601	2.868686e-01	1.387381e-01	3.036867e+00	-1.911392e+01	-7.536959e-02	3.368686e-01	
3  342.746	2.868686e-01	1.399012e-01	3.007999e+00	-1.911190e+01	-7.135955e-02	3.368686e-01	
1  343.235	2.868686e-01	1.394547e-01	2.977698e+00	-1.911071e+01	-6.513169e-02	3.368686e-01	
1  344.298	2.868686e-01	1.384664e-01	2.932544e+00	-1.911304e+01	-6.675904e-02	3.368686e-01	
1  345.527	2.868686e-01	1.375307e-01	2.894761e+00	-1.910993e+01	-6.618509e-02	3.368686e-01	
1  346.49	3.114189e-01	1.375307e-01	2.894761e+00	-1.910993e+01	-6.618509e-02	3.614189e-01	
1  346.272	3.114189e-01	1.376044e-01	2.898804e+00	-1.910714e+01	-6.550698e-02	3.614189e-01	
1  346.121	3.114189e-01	1.375293e-01	2.906322e+00	-1.910902e+01	-6.770995e-02	3.614189e-01	
1  345.718	3.114189e-01	1.385458e-01	2.925001e+00	-1.911088e+01	-7.321173e-02	3.614189e-01	
1  345.291	3.114189e-01	1.402104e-01	2.949571e+00	-1.911592e+01	-6.986261e-02	3.614189e-01	
1  345.411	3.129420e-01	1.402104e-01	2.949571e+00	-1.911592e+01	-6.986261e-02	3.629420e-01	
3  345.163	3.129420e-01	1.389105e-01	2.945566e+00	-1.910846e+01	-7.266104e-02	3.629420e-01	
3  345.335	3.129420e-01	1.390312e-01	2.932046e+00	-1.910562e+01	-7.081324e-02	3.629420e-01	
1  345.158	3.129420e-01	1.386369e-01	2.938310e+00	-1.910195e+01	-7.341982e-02	3.629420e-01	
1  345.206	3.129420e-01	1.357591e-01	2.947386e+00	-1.910508e+01	-6.781320e-02	3.629420e-01	
1  345.375	3.129420e-01	1.355412e-01	2.942706e+00	-1.910528e+01	-6.955317e-02	3.629420e-01	
1  344.382	2.799592e-01	1.355412e-01	2.942706e+00	-1.910528e+01	-6.955317e-02	3.299592e-01	
1  344.472	2.799592e-01	1.359059e-01	2.932537e+00	-1.910961e+01	-6.786597e-02	3.299592e-01	
1  344.204	2.799592e-01	1.366762e-01	2.936550e+00	-1.911635e+01	-6.244521e-02	3.299592e-01	
2  344.36	2.799592e-01	1.366256e-01	2.931922e+00	-1.911892e+01	-6.694539e-02	3.299592e-01	
3  344.155	2.686429e-01	1.366256e-01	2.931922e+00	-1.911892e+01	-6.694539e-02	3.186429e-01	
2  343.119	2.686429e-01	1.377080e-01	2.973144e+00	-1.912604e+01	-6.386853e-02	3.186429e-01	
1  343.053	2.656550e-01	1.377080e-01	2.973144e+00	-1.912604e+01	-6.386853e-02	3.156550e-01	
1  342.778	2.656550e-01	1.361180e-01	3.006494e+00	-1.913108e+01	-6.049672e-02	3.156550e-01	
2  342.471	2.656550e-01	1.371344e-01	3.026177e+00	-1.913202e+01	-5.989073e-02	3.156550e-01	
1  342.5	2.656550e-01	1.364638e-01	3.026016e+00	-1.913094e+01	-5.604332e-02	3.156550e-01	
1  342.279	2.521542e-01	1.364638e-01	3.026016e+00	-1.913094e+01	-5.604332e-02	3.021542e-01	
1  342.155	2.521542e-01	1.377983e-01	3.039708e+00	-1.913178e+01	-5.072052e-02	3.021542e-01	
1  342.142	2.521542e-01	1.385408e-01	3.024898e+00	-1.913109e+01	-5.574584e-02	3.021542e-01	
1  342.17	2.521542e-01	1.390193e-01	3.036892e+00	-1.913529e+01	-5.071617e-02	3.021542e-01	
1  342.091	2.521542e-01	1.382308e-01	3.039183e+00	-1.913319e+01	-5.280869e-02	3.021542e-01	
1  342.323	2.304422e-01	1.382308e-01	3.039183e+00	-1.913319e+01	-5.280869e-02	2.804422e-01	
1  342.278	2.304422e-01	1.393417e-01	3.050515e+00	-1.913977e+01	-4.676036e-02	2.804422e-01	
1  342.07	2.304422e-01	1.393598e-01	3.058244e+00	-1.914262e+01	-5.062925e-02	2.804422e-01	
1  342.041	2.304422e-01	1.400281e-01	3.066608e+00	-1.914142e+01	-4.929914e-02	2.804422e-01	
1  342.351	2.304422e-01	1.396024e-01	3.040180e+00	-1.914819e+01	-4.990576e-02	2.804422e-01	
1  343.671	1.947199e-01	1.396024e-01	3.040180e+00	-1.914819e+01	-4.990576e-02	2.447199e-01	
1  343.663	1.947199e-01	1.389938e-01	3.027076e+00	-1.915059e+01	-5.355734e-02	2.447199e-01	
1  343.544	1.947199e-01	1.395615e-01	3.065360e+00	-1.914308e+01	-5.174824e-02	2.447199e-01	
1  343.349	1.947199e-01	1.394300e-01	3.089576e+00	-1.914355e+01	-5.132449e-02	2.447199e-01	
1  343.843	1.947199e-01	1.413493e-01	3.112096e+00	-1.913976e+01	-4.537801e-02	2.447199e-01	
1  344.363	1.889755e-01	1.413493e-01	3.112096e+00	-1.913976e+01	-4.537801e-02	2.389755e-01	
1  344.506	1.889755e-01	1.413192e-01	3.094241e+00	-1.913988e+01	-4.452579e-02	2.389755e-01	
1  344.86	1.889755e-01	1.413585e-01	3.097305e+00	-1.913768e+01	-4.267998e-02	2.389755e-01	
1  343.788	1.889755e-01	1.402953e-01	3.109663e+00	-1.914103e+01	-5.277227e-02	2.389755e-01	
1  343.674	1.889755e-01	1.414635e-01	3.078539e+00	-1.914348e+01	-5.504879e-02	2.389755e-01	
1  342.724	2.020506e-01	1.414635e-01	3.078539e+00	-1.914348e+01	-5.504879e-02	2.520506e-01	
1  342.748	2.020506e-01	1.438028e-01	3.096330e+00	-1.914762e+01	-5.198501e-02	2.520506e-01	
1  342.69	2.020506e-01	1.437221e-01	3.085823e+00	-1.914373e+01	-5.659862e-02	2.520506e-01	
2  342.598	2.020506e-01	1.441715e-01	3.094069e+00	-1.915037e+01	-5.643228e-02	2.520506e-01	
1  342.327	2.341369e-01	1.441715e-01	3.094069e+00	-1.915037e+01	-5.643228e-02	2.841369e-01	
1  342.736	2.341369e-01	1.448297e-01	3.106851e+00	-1.915436e+01	-5.331744e-02	2.841369e-01	
1  343.969	2.341369e-01	1.454305e-01	3.147779e+00	-1.916318e+01	-5.111295e-02	2.841369e-01	
1  344.299	2.341369e-01	1.460913e-01	3.170716e+00	-1.916283e+01	-5.280746e-02	2.841369e-01	
2  344.227	2.341369e-01	1.457434e-01	3.185424e+00	-1.916082e+01	-5.115721e-02	2.841369e-01	
1  344.145	2.341369e-01	1.454413e-01	3.185227e+00	-1.916046e+01	-5.011250e-02	2.841369e-01	
2  343.996	2.341369e-01	1.461434e-01	3.187855e+00	-1.915763e+01	-5.093515e-02	2.841369e-01	
1  343.629	2.341369e-01	1.436014e-01	3.226981e+00	-1.914780e+01	-4.914600e-02	2.841369e-01	
1  343.54	2.295978e-01	1.436014e-01	3.226981e+00	-1.914780e+01	-4.914600e-02	2.795978e-01	
2  343.966	2.295978e-01	1.442667e-01	3.254296e+00	-1.913749e+01	-4.836095e-02	2.795978e-01	
1  344.668	2.295978e-01	1.426971e-01	3.282863e+00	-1.912867e+01	-4.759042e-02	2.795978e-01	
1  344.973	2.295978e-01	1.433784e-01	3.285894e+00	-1.912500e+01	-4.739813e-02	2.795978e-01	
1  345.521	2.149130e-01	1.433784e-01	3.285894e+00	-1.912500e+01	-4.739813e-02	2.649130e-01	
1  344.783	2.149130e-01	1.429998e-01	3.251535e+00	-1.912186e+01	-5.038847e-02	2.649130e-01	
1  344.85	2.149130e-01	1.419457e-01	3.260314e+00	-1.912379e+01	-4.866676e-02	2.649130e-01	
1  346.164	2.149130e-01	1.398481e-01	3.293510e+00	-1.911963e+01	-4.559013e-02	2.649130e-01	
1  345.653	2.149130e-01	1.405189e-01	3.267107e+00	-1.911843e+01	-4.626319e-02	2.649130e-01	
1  344.859	2.294265e-01	1.405189e-01	3.267107e+00	-1.911843e+01	-4.626319e-02	2.794265e-01	
1  344.91	2.294265e-01	1.387323e-01	3.271404e+00	-1.912139e+01	-4.356854e-02	2.794265e-01	
1  343.87	2.294265e-01	1.399207e-01	3.221884e+00	-1.912398e+01	-4.226382e-02	2.794265e-01	
3  344.315	2.294265e-01	1.397493e-01	3.252829e+00	-1.912495e+01	-4.296692e-02	2.794265e-01	
2  344.948	2.294265e-01	1.410291e-01	3.247747e+00	-1.911476e+01	-4.472891e-02	2.794265e-01	
1  344.543	2.294265e-01	1.411632e-01	3.242925e+00	-1.911529e+01	-4.791811e-02	2.794265e-01	
1  345.228	2.294265e-01	1.416021e-01	3.241081e+00	-1.911481e+01	-4.067283e-02	2.794265e-01	
1  344.405	2.635364e-01	1.416021e-01	3.241081e+00	-1.911481e+01	-4.067283e-02	3.135364e-01	
1  345.094	2.635364e-01	1.404316e-01	3.254660e+00	-1.910823e+01	-3.969821e-02	3.135364e-01	
2  345.316	2.635364e-01	1.407387e-01	3.261692e+00	-1.910934e+01	-3.830897e-02	3.135364e-01	
1  345.113	2.635364e-01	1.415476e-01	3.242792e+00	-1.910478e+01	-4.055136e-02	3.135364e-01	
1  345.051	2.742701e-01	1.415476e-01	3.242792e+00	-1.910478e+01	-4.055136e-02	3.242701e-01	
1  345.092	2.742701e-01	1.435069e-01	3.232746e+00	-1.910237e+01	-4.197189e-02	3.242701e-01	
1  343.694	2.742701e-01	1.428247e-01	3.205419e+00	-1.911154e+01	-4.601837e-02	3.242701e-01	
1  343.629	2.742701e-01	1.418761e-01	3.189132e+00	-1.910994e+01	-4.306029e-02	3.242701e-01	
1  344.531	2.742701e-01	1.431791e-01	3.211030e+00	-1.910594e+01	-4.051707e-02	3.242701e-01	
1  344.53	2.737706e-01	1.431791e-01	3.211030e+00	-1.910594e+01	-4.051707e-02	3.237706e-01	
1  344.827	2.737706e-01	1.413143e-01	3.226843e+00	-1.910102e+01	-4.254299e-02	3.237706e-01	
1  345.793	2.737706e-01	1.436360e-01	3.215812e+00	-1.909262e+01	-4.178971e-02	3.237706e-01	
1  345.713	2.737706e-01	1.429401e-01	3.182754e+00	-1.909645e+01	-3.366442e-02	3.237706e-01	
1  345.73	2.737706e-01	1.443680e-01	3.209533e+00	-1.910105e+01	-3.404246e-02	3.237706e-01	
2  345.699	2.803718e-01	1.443680e-01	3.209533e+00	-1.910105e+01	-3.404246e-02	3.303718e-01	
1  344.737	2.803718e-01	1.429649e-01	3.184052e+00	-1.910641e+01	-3.384886e-02	3.303718e-01	
1  344.937	2.803718e-01	1.412295e-01	3.178079e+00	-1.911296e+01	-2.587807e-02	3.303718e-01	
2  344.863	2.803718e-01	1.396747e-01	3.186945e+00	-1.911164e+01	-2.718990e-02	3.303718e-01	
1  344.932	2.803718e-01	1.382883e-01	3.173007e+00	-1.911663e+01	-2.211933e-02	3.303718e-01	
1  345.974	2.803718e-01	1.375295e-01	3.110069e+00	-1.910868e+01	-1.469259e-02	3.303718e-01	
1  346.328	2.803718e-01	1.378464e-01	3.124179e+00	-1.910904e+01	-1.226131e-02	3.303718e-01	
1  346.96	2.803718e-01	1.357138e-01	3.110276e+00	-1.911021e+01	-7.093491e-03	3.303718e-01	
1  347.084	2.731724e-01	1.357138e-01	3.110276e+00	-1.911021e+01	-7.093491e-03	3.231724e-01	
1  346.55	2.731724e-01	1.347590e-01	3.102156e+00	-1.911239e+01	-9.286806e-03	3.231724e-01	
2  346.373	2.731724e-01	1.353761e-01	3.105730e+00	-1.911442e+01	-8.953284e-03	3.231724e-01	
1  346.18	2.731724e-01	1.348804e-01	3.096177e+00	-1.911695e+01	-8.944621e-03	3.231724e-01	
1  346.19	2.722749e-01	1.348804e-01	3.096177e+00	-1.911695e+01	-8.944621e-03	3.222749e-01	
1  345.997	2.722749e-01	1.358762e-01	3.128051e+00	-1.912221e+01	-7.683013e-03	3.222749e-01	
1  346.528	2.722749e-01	1.357283e-01	3.121180e+00	-1.912108e+01	-4.384878e-03	3.222749e-01	
1  346.332	2.722749e-01	1.340875e-01	3.081880e+00	-1.912834e+01	-3.290296e-03	3.222749e-01	
1  346.118	2.722749e-01	1.316341e-01	3.086974e+00	-1.912675e+01	-6.971479e-03	3.222749e-01	
1  346.39	2.888199e-01	1.316341e-01	3.086974e+00	-1.912675e+01	-6.971479e-03	3.388199e-01	
1  346.438	2.888199e-01	1.286304e-01	3.061506e+00	-1.912648e+01	-1.172042e-02	3.388199e-01	
1  346.477	2.888199e-01	1.304668e-01	3.009922e+00	-1.912482e+01	-1.327684e-02	3.388199e-01	
2  346.669	2.888199e-01	1.296790e-01	3.001043e+00	-1.912716e+01	-1.374736e-02	3.388199e-01	
1  346.487	2.795195e-01	1.296790e-01	3.001043e+00	-1.912716e+01	-1.374736e-02	3.295195e-01	
2  345.769	2.795195e-01	1.308112e-01	2.992891e+00	-1.912859e+01	-2.005637e-02	3.295195e-01	
1  345.897	2.795195e-01	1.312888e-01	2.970227e+00	-1.913176e+01	-2.252661e-02	3.295195e-01	
1  345.432	2.795195e-01	1.317588e-01	2.964546e+00	-1.913797e+01	-3.380350e-02	3.295195e-01	
1  345.31	2.765879e-01	1.317588e-01	2.964546e+00	-1.913797e+01	-3.380350e-02	3.265879e-01	
1  344.91	2.765879e-01	1.318108e-01	2.983901e+00	-1.913741e+01	-3.357124e-02	3.265879e-01	
1  345.03	2.765879e-01	1.328542e-01	2.983125e+00	-1.914238e+01	-3.335117e-02	3.265879e-01	
1  344.972	2.765879e-01	1.333814e-01	2.980058e+00	-1.913739e+01	-2.894317e-02	3.265879e-01	
1  344.701	2.765879e-01	1.322768e-01	2.993052e+00	-1.913565e+01	-3.162417e-02	3.265879e-01	
1  345.157	2.868918e-01	1.322768e-01	2.993052e+00	-1.913565e+01	-3.162417e-02	3.368918e-01	
2  344.701	2.868918e-01	1.343546e-01	2.981382e+00	-1.912677e+01	-3.311469e-02	3.368918e-01	
1  344.242	2.868918e-01	1.350936e-01	2.976970e+00	-1.912689e+01	-4.319858e-02	3.368918e-01	
1  344.433	2.868918e-01	1.331096e-01	2.976432e+00	-1.912610e+01	-4.515935e-02	3.368918e-01	
1  345.059	2.990435e-01	1.331096e-01	2.976432e+00	-1.912610e+01	-4.515935e-02	3.490435e-01	
2  344.943	2.990435e-01	1.346245e-01	3.006734e+00	-1.913068e+01	-3.588323e-02	3.490435e-01	
1  345.591	2.990435e-01	1.349295e-01	2.988912e+00	-1.913185e+01	-2.829790e-02	3.490435e-01	
1  345.268	2.990435e-01	1.322823e-01	2.997596e+00	-1.912165e+01	-3.067011e-02	3.490435e-01	
1  345.074	2.943176e-01	1.322823e-01	2.997596e+00	-1.912165e+01	-3.067011e-02	3.443176e-01	
1  345.162	2.943176e-01	1.334841e-01	2.970732e+00	-1.911243e+01	-3.585770e-02	3.443176e-01	
1  345.617	2.943176e-01	1.333395e-01	2.978558e+00	-1.910892e+01	-3.023118e-02	3.443176e-01	
2  344.955	2.943176e-01	1.356851e-01	3.026579e+00	-1.910923e+01	-2.692187e-02	3.443176e-01	
1  345.09	3.010099e-01	1.356851e-01	3.026579e+00	-1.910923e+01	-2.692187e-02	3.510099e-01	
1  344.591	3.010099e-01	1.360594e-01	3.034318e+00	-1.911085e+01	-3.083553e-02	3.510099e-01	
1  344.789	3.010099e-01	1.359609e-01	3.041402e+00	-1.911172e+01	-2.762547e-02	3.510099e-01	
1  344.892	3.010099e-01	1.359715e-01	3.017455e+00	-1.910496e+01	-3.216795e-02	3.510099e-01	
2  345.399	3.010099e-01	1.339829e-01	3.036155e+00	-1.910591e+01	-2.571965e-02	3.510099e-01	
1  344.507	3.010099e-01	1.332442e-01	3.036065e+00	-1.910882e+01	-3.573386e-02	3.510099e-01	
1  344.648	3.010099e-01	1.340115e-01	3.019783e+00	-1.910718e+01	-3.565476e-02	3.510099e-01	
2  344.021	3.010099e-01	1.336501e-01	3.036163e+00	-1.910792e+01	-4.330957e-02	3.510099e-01	
1  344.04	3.015872e-01	1.336501e-01	3.036163e+00	-1.910792e+01	-4.330957e-02	3.515872e-01	
1  344.424	3.015872e-01	1.339018e-01	2.985753e+00	-1.911149e+01	-4.830900e-02	3.515872e-01	
1  344.113	3.015872e-01	1.335912e-01	3.010505e+00	-1.911029e+01	-4.778069e-02	3.515872e-01	
1  343.978	3.015872e-01	1.330443e-01	3.022450e+00	-1.911592e+01	-5.779312e-02	3.515872e-01	
1  344.097	3.015872e-01	1.314909e-01	3.024781e+00	-1.910998e+01	-5.999009e-02	3.515872e-01	
1  344.276	3.052943e-01	1.314909e-01	3.024781e+00	-1.910998e+01	-5.999009e-02	3.552943e-01	
1  344.156	3.052943e-01	1.314476e-01	3.031273e+00	-1.910329e+01	-6.205482e-02	3.552943e-01	
1  343.866	3.052943e-01	1.315551e-01	3.070803e+00	-1.910099e+01	-6.266612e-02	3.552943e-01	
1  343.851	3.052943e-01	1.318644e-01	3.069111e+00	-1.910728e+01	-5.699782e-02	3.552943e-01	
1  343.791	3.052943e-01	1.320831e-01	3.073449e+00	-1.910691e+01	-5.708673e-02	3.552943e-01	
1  343.18	2.866496e-01	1.320831e-01	3.073449e+00	-1.910691e+01	-5.708673e-02	3.366496e-01	
1  343.594	2.866496e-01	1.316146e-01	3.055107e+00	-1.910138e+01	-5.779658e-02	3.366496e-01	
3  343.8	2.866496e-01	1.319266e-01	3.062948e+00	-1.909352e+01	-6.448308e-02	3.366496e-01	
1  343.848	2.810959e-01	1.319266e-01	3.062948e+00	-1.909352e+01	-6.448308e-02	3.310959e-01	
1  343.694	2.810959e-01	1.324625e-01	3.049627e+00	-1.909447e+01	-6.763508e-02	3.310959e-01	
1  343.931	2.810959e-01	1.344111e-01	3.032348e+00	-1.909007e+01	-6.667023e-02	3.310959e-01	
1  343.692	2.810959e-01	1.350059e-01	2.997579e+00	-1.909679e+01	-7.174875e-02	3.310959e-01	
1  343.038	2.810959e-01	1.343001e-01	3.051881e+00	-1.909782e+01	-7.141364e-02	3.310959e-01	
1  343.062	2.758819e-01	1.343001e-01	3.051881e+00	-1.909782e+01	-7.141364e-02	3.258819e-01	
1  342.766	2.758819e-01	1.344904e-01	3.091047e+00	-1.909902e+01	-6.834650e-02	3.258819e-01	
1  342.543	2.758819e-01	1.345233e-01	3.108184e+00	-1.910239e+01	-7.003757e-02	3.258819e-01	
1  342.952	2.758819e-01	1.356866e-01	3.123662e+00	-1.909783e+01	-5.947548e-02	3.258819e-01	
1  342.421	2.758819e-01	1.371467e-01	3.112520e+00	-1.910370e+01	-5.907572e-02	3.258819e-01	
1  342.423	2.731560e-01	1.371467e-01	3.112520e+00	-1.910370e+01	-5.907572e-02	3.231560e-01	
1  342.47	2.731560e-01	1.373498e-01	3.129979e+00	-1.910320e+01	-5.950910e-02	3.231560e-01	
1  342.279	2.731560e-01	1.373348e-01	3.138604e+00	-1.911056e+01	-5.687888e-02	3.231560e-01	
1  342.913	2.731560e-01	1.359306e-01	3.122707e+00	-1.910557e+01	-4.905318e-02	3.231560e-01	
1  342.912	2.731560e-01	1.345975e-01	3.094766e+00	-1.910862e+01	-4.780963e-02	3.231560e-01	
1  342.909	2.756311e-01	1.345975e-01	3.094766e+00	-1.910862e+01	-4.780963e-02	3.256311e-01	
1  343.339	2.756311e-01	1.321020e-01	3.064414e+00	-1.910994e+01	-4.781787e-02	3.256311e-01	
1  343.004	2.756311e-01	1.347151e-01	3.047914e+00	-1.910566e+01	-5.397019e-02	3.256311e-01	
1  342.494	2.756311e-01	1.374445e-01	3.085777e+00	-1.910601e+01	-5.412281e-02	3.256311e-01	
1  342.491	2.756311e-01	1.354153e-01	3.075497e+00	-1.911773e+01	-4.944303e-02	3.256311e-01	
1  342.56	2.508277e-01	1.354153e-01	3.075497e+00	-1.911773e+01	-4.944303e-02	3.008277e-01	
1  342.477	2.508277e-01	1.342604e-01	3.091626e+00	-1.911550e+01	-5.611510e-02	3.008277e-01	
2  342.47	2.508277e-01	1.371584e-01	3.101233e+00	-1.911818e+01	-4.633139e-02	3.008277e-01	
1  342.867	2.508277e-01	1.375068e-01	3.074126e+00	-1.911718e+01	-4.260026e-02	3.008277e-01	
1  343.805	2.308857e-01	1.375068e-01	3.074126e+00	-1.911718e+01	-4.260026e-02	2.808857e-01	
3  344.255	2.308857e-01	1.376689e-01	3.073467e+00	-1.910947e+01	-4.856877e-02	2.808857e-01	
1  344.559	2.308857e-01	1.361976e-01	3.068754e+00	-1.910758e+01	-5.031836e-02	2.808857e-01	
1  343.911	2.397149e-01	1.361976e-01	3.068754e+00	-1.910758e+01	-5.031836e-02	2.897149e-01	
2  343.575	2.397149e-01	1.370646e-01	3.049899e+00	-1.910864e+01	-5.476956e-02	2.897149e-01	
1  343.779	2.397149e-01	1.366180e-01	3.034732e+00	-1.910917e+01	-5.439945e-02	2.897149e-01	
1  344.096	2.397149e-01	1.367151e-01	3.008200e+00	-1.911213e+01	-5.080495e-02	2.897149e-01	
1  345.022	2.272019e-01	1.367151e-01	3.008200e+00	-1.911213e+01	-5.080495e-02	2.772019e-01	
1  344.398	2.272019e-01	1.373448e-01	3.033591e+00	-1.911469e+01	-4.797747e-02	2.772019e-01	
1  344.893	2.272019e-01	1.364719e-01	2.987233e+00	-1.911580e+01	-5.265077e-02	2.772019e-01	
1  345.582	2.272019e-01	1.393971e-01	2.986336e+00	-1.911179e+01	-4.774563e-02	2.772019e-01	
1  345.829	2.272019e-01	1.389904e-01	3.003960e+00	-1.911025e+01	-4.379995e-02	2.772019e-01	
2  345.083	2.359718e-01	1.389904e-01	3.003960e+00	-1.911025e+01	-4.379995e-02	2.859718e-01	
1  345.461	2.359718e-01	1.399231e-01	3.004489e+00	-1.910971e+01	-4.049906e-02	2.859718e-01	
1  344.656	2.359718e-01	1.408520e-01	2.998853e+00	-1.911586e+01	-4.153515e-02	2.859718e-01	
1  344.756	2.359718e-01	1.391737e-01	2.997355e+00	-1.911375e+01	-4.369782e-02	2.859718e-01	
1  345.172	2.304537e-01	1.391737e-01	2.997355e+00	-1.911375e+01	-4.369782e-02	2.804537e-01	
1  345.358	2.304537e-01	1.377847e-01	2.997776e+00	-1.911476e+01	-4.103289e-02	2.804537e-01	
1  345.612	2.304537e-01	1.366928e-01	3.038450e+00	-1.910355e+01	-4.961201e-02	2.804537e-01	
1  346.098	2.304537e-01	1.378668e-01	3.012088e+00	-1.910137e+01	-5.218155e-02	2.804537e-01	
1  344.268	2.304537e-01	1.367371e-01	3.017986e+00	-1.911332e+01	-5.292551e-02	2.804537e-01	
1  343.226	2.486335e-01	1.367371e-01	3.017986e+00	-1.911332e+01	-5.292551e-02	2.986335e-01	
1  343.45	2.486335e-01	1.362295e-01	3.004406e+00	-1.911386e+01	-5.315265e-02	2.986335e-01	
2  342.941	2.486335e-01	1.389430e-01	2.994731e+00	-1.911395e+01	-6.349341e-02	2.986335e-01	
2  343.543	2.486335e-01	1.388828e-01	2.969724e+00	-1.911308e+01	-6.320465e-02	2.986335e-01	
1  343.596	2.486335e-01	1.399417e-01	2.956542e+00	-1.911586e+01	-6.373999e-02	2.986335e-01	
1  343.584	2.486335e-01	1.381816e-01	2.969272e+00	-1.911369e+01	-6.261191e-02	2.986335e-01	
1  344.062	2.486335e-01	1.386825e-01	2.949803e+00	-1.911455e+01	-6.002735e-02	2.986335e-01	
1  344.506	2.486335e-01	1.394419e-01	2.939708e+00	-1.911098e+01	-6.187558e-02	2.986335e-01	
1  344.884	2.414194e-01	1.394419e-01	2.939708e+00	-1.911098e+01	-6.187558e-02	2.914194e-01	
1  344.697	2.414194e-01	1.396515e-01	2.944815e+00	-1.910975e+01	-6.541059e-02	2.914194e-01	
1  344.982	2.414194e-01	1.407981e-01	2.947970e+00	-1.910599e+01	-6.494650e-02	2.914194e-01	
2  345.319	2.414194e-01	1.400412e-01	2.931618e+00	-1.911012e+01	-5.924860e-02	2.914194e-01	
1  344.286	2.700665e-01	1.400412e-01	2.931618e+00	-1.911012e+01	-5.924860e-02	3.200665e-01	
1  344.782	2.700665e-01	1.406302e-01	2.937330e+00	-1.910198e+01	-5.749944e-02	3.200665e-01	
1  345.547	2.700665e-01	1.400560e-01	2.944933e+00	-1.909272e+01	-5.854954e-02	3.200665e-01	
2  344.202	2.700665e-01	1.391850e-01	2.992883e+00	-1.910160e+01	-4.791013e-02	3.200665e-01	
3  344.368	2.650375e-01	1.391850e-01	2.992883e+00	-1.910160e+01	-4.791013e-02	3.150375e-01	
1  343.784	2.650375e-01	1.400554e-01	2.991526e+00	-1.910291e+01	-5.413761e-02	3.150375e-01	
2  342.917	2.650375e-01	1.386208e-01	3.051487e+00	-1.910218e+01	-5.655050e-02	3.150375e-01	
1  342.756	2.650375e-01	1.369507e-01	3.041176e+00	-1.910318e+01	-6.328579e-02	3.150375e-01	
1  342.784	2.650375e-01	1.403582e-01	3.018355e+00	-1.910327e+01	-6.444315e-02	3.150375e-01	
1  342.471	2.650375e-01	1.397727e-01	3.017241e+00	-1.910773e+01	-6.621385e-02	3.150375e-01	
2  343.328	2.650375e-01	1.393031e-01	2.996197e+00	-1.910291e+01	-6.141487e-02	3.150375e-01	
1  343.404	2.650375e-01	1.395244e-01	2.991667e+00	-1.910189e+01	-6.344437e-02	3.150375e-01	
1  343.895	2.650375e-01	1.404099e-01	2.993798e+00	-1.909864e+01	-5.865923e-02	3.150375e-01	
1  343.776	2.650375e-01	1.390417e-01	2.995720e+00	-1.910139e+01	-5.592817e-02	3.150375e-01	
1  343.632	2.650375e-01	1.395832e-01	2.980490e+00	-1.910540e+01	-5.681872e-02	3.150375e-01	
1  343.449	2.795553e-01	1.395832e-01	2.980490e+00	-1.910540e+01	-5.681872e-02	3.295553e-01	
1  343.52	2.795553e-01	1.406059e-01	2.968341e+00	-1.910439e+01	-6.236652e-02	3.295553e-01	
1  343.337	2.795553e-01	1.406107e-01	2.974079e+00	-1.910461e+01	-6.415510e-02	3.295553e-01	
1  342.777	2.795553e-01	1.400000e-01	3.026361e+00	-1.909949e+01	-6.466125e-02	3.295553e-01	
1  343.205	2.795553e-01	1.403395e-01	2.989404e+00	-1.909982e+01	-6.803547e-02	3.295553e-01	
4  343.253	2.735432e-01	1.403395e-01	2.989404e+00	-1.909982e+01	-6.803547e-02	3.235432e-01	
2  343.547	2.735432e-01	1.391157e-01	2.967375e+00	-1.910326e+01	-6.725141e-02	3.235432e-01	
1  343.172	2.735432e-01	1.386926e-01	2.976242e+00	-1.911107e+01	-6.056969e-02	3.235432e-01	
1  343.148	2.735432e-01	1.380727e-01	2.987135e+00	-1.910686e+01	-6.191852e-02	3.235432e-01	
1  342.872	2.735432e-01	1.374336e-01	3.015308e+00	-1.911136e+01	-5.244147e-02	3.235432e-01	
1  342.978	2.735432e-01	1.377521e-01	3.007475e+00	-1.911384e+01	-4.996772e-02	3.235432e-01	
1  343.105	2.594419e-01	1.377521e-01	3.007475e+00	-1.911384e+01	-4.996772e-02	3.094419e-01	
3  343.566	2.594419e-01	1.367011e-01	2.991900e+00	-1.911721e+01	-4.459945e-02	3.094419e-01	
1  343.825	2.594419e-01	1.364871e-01	2.968025e+00	-1.912262e+01	-4.413602e-02	3.094419e-01	
1  344.234	2.439698e-01	1.364871e-01	2.968025e+00	-1.912262e+01	-4.413602e-02	2.939698e-01	
1  343.868	2.439698e-01	1.368688e-01	2.982643e+00	-1.911831e+01	-4.920716e-02	2.939698e-01	
1  343.471	2.439698e-01	1.366030e-01	3.005073e+00	-1.912078e+01	-4.590745e-02	2.939698e-01	
1  343.2	2.439698e-01	1.375169e-01	2.983718e+00	-1.912696e+01	-5.033816e-02	2.939698e-01	
1  343.284	2.439698e-01	1.381569e-01	2.980985e+00	-1.913298e+01	-4.488981e-02	2.939698e-01	
2  343.888	2.808761e-01	1.381569e-01	2.980985e+00	-1.913298e+01	-4.488981e-02	3.308761e-01	
1  343.781	2.808761e-01	1.378824e-01	2.983374e+00	-1.912824e+01	-4.190894e-02	3.308761e-01	
1  343.755	2.808761e-01	1.380219e-01	2.971898e+00	-1.912115e+01	-4.523649e-02	3.308761e-01	
1  343.692	2.808761e-01	1.383455e-01	2.968987e+00	-1.911679e+01	-4.850881e-02	3.308761e-01	
1  344.573	3.045528e-01	1.383455e-01	2.968987e+00	-1.911679e+01	-4.850881e-02	3.545528e-01	
1  344.174	3.045528e-01	1.373429e-01	2.985288e+00	-1.911565e+01	-5.373245e-02	3.545528e-01	
1  344.465	3.045528e-01	1.357304e-01	2.988006e+00	-1.912031e+01	-5.356708e-02	3.545528e-01	
1  344.205	3.045528e-01	1.362412e-01	2.982197e+00	-1.911407e+01	-5.904806e-02	3.545528e-01	
1  343.639	3.045528e-01	1.381799e-01	2.999624e+00	-1.910864e+01	-6.158080e-02	3.545528e-01	
2  343.347	2.981214e-01	1.381799e-01	2.999624e+00	-1.910864e+01	-6.158080e-02	3.481214e-01	
1  343.63	2.981214e-01	1.389476e-01	2.983148e+00	-1.910070e+01	-6.392562e-02	3.481214e-01	
2  344.485	2.981214e-01	1.364579e-01	2.962714e+00	-1.909593e+01	-6.150201e-02	3.481214e-01	
1  344.491	2.986251e-01	1.364579e-01	2.962714e+00	-1.909593e+01	-6.150201e-02	3.486251e-01	
1  343.779	2.986251e-01	1.350783e-01	3.012669e+00	-1.909442e+01	-6.401066e-02	3.486251e-01	
1  344.391	2.986251e-01	1.343653e-01	3.011662e+00	-1.908917e+01	-5.981336e-02	3.486251e-01	
1  344.272	2.986251e-01	1.348596e-01	3.030948e+00	-1.908673e+01	-6.000279e-02	3.486251e-01	
2  345.082	2.986251e-01	1.342518e-01	2.994290e+00	-1.908655e+01	-5.667579e-02	3.486251e-01	
1  345.171	2.986251e-01	1.351080e-01	2.977413e+00	-1.908429e+01	-6.406334e-02	3.486251e-01	
2  344.512	2.986251e-01	1.362235e-01	3.011489e+00	-1.908234e+01	-6.667953e-02	3.486251e-01	
1  343.398	2.986251e-01	1.370273e-01	3.030757e+00	-1.909393e+01	-6.277881e-02	3.486251e-01	
1  343.475	2.757764e-01	1.370273e-01	3.030757e+00	-1.909393e+01	-6.277881e-02	3.257764e-01	
2  343.481	2.757764e-01	1.358623e-01	3.048041e+00	-1.909410e+01	-6.078090e-02	3.257764e-01	
1  343.533	2.757764e-01	1.370456e-01	3.031073e+00	-1.909290e+01	-6.371365e-02	3.257764e-01	
1  343.651	2.757764e-01	1.376085e-01	3.020981e+00	-1.909125e+01	-6.704860e-02	3.257764e-01	
2  344.771	2.518118e-01	1.376085e-01	3.020981e+00	-1.909125e+01	-6.704860e-02	3.018118e-01	
2  344.349	2.518118e-01	1.390094e-01	2.998650e+00	-1.909655e+01	-6.593285e-02	3.018118e-01	
1  344.632	2.518118e-01	1.364984e-01	3.002430e+00	-1.909487e+01	-6.900839e-02	3.018118e-01	
1  344.682	2.510350e-01	1.364984e-01	3.002430e+00	-1.909487e+01	-6.900839e-02	3.010350e-01	
1  344.139	2.510350e-01	1.346424e-01	3.021719e+00	-1.909918e+01	-6.744729e-02	3.010350e-01	
1  343.888	2.510350e-01	1.349975e-01	3.029207e+00	-1.910012e+01	-6.633564e-02	3.010350e-01	
2  342.797	2.510350e-01	1.344713e-01	3.059381e+00	-1.910743e+01	-7.219678e-02	3.010350e-01	
1  342.506	2.714547e-01	1.344713e-01	3.059381e+00	-1.910743e+01	-7.219678e-02	3.214547e-01	
3  342.725	2.714547e-01	1.336904e-01	3.048495e+00	-1.910768e+01	-7.094736e-02	3.214547e-01	
1  343.196	2.714547e-01	1.316291e-01	3.031952e+00	-1.911272e+01	-6.742431e-02	3.214547e-01	
1  343.194	2.712529e-01	1.316291e-01	3.031952e+00	-1.911272e+01	-6.742431e-02	3.212529e-01	
1  343.378	2.712529e-01	1.313477e-01	3.020079e+00	-1.911486e+01	-6.145802e-02	3.212529e-01	
1  343.354	2.712529e-01	1.334813e-01	3.004732e+00	-1.910815e+01	-6.384261e-02	3.212529e-01	
1  343.084	2.712529e-01	1.330312e-01	3.016524e+00	-1.911350e+01	-6.248540e-02	3.212529e-01	
1  342.824	2.712529e-01	1.320249e-01	3.055710e+00	-1.912149e+01	-5.969031e-02	3.212529e-01	
1  342.74	2.662880e-01	1.320249e-01	3.055710e+00	-1.912149e+01	-5.969031e-02	3.162880e-01	
2  342.377	2.662880e-01	1.337288e-01	3.076740e+00	-1.911916e+01	-5.560039e-02	3.162880e-01	
1  342.27	2.662880e-01	1.336478e-01	3.087018e+00	-1.911843e+01	-6.251782e-02	3.162880e-01	
1  342.517	2.662880e-01	1.341656e-01	3.037993e+00	-1.911580e+01	-6.570149e-02	3.162880e-01	
1  343.6	2.994995e-01	1.341656e-01	3.037993e+00	-1.911580e+01	-6.570149e-02	3.494995e-01	
1  343.71	2.994995e-01	1.335425e-01	3.034306e+00	-1.911569e+01	-6.475708e-02	3.494995e-01	
1  343.606	2.994995e-01	1.333349e-01	3.035015e+00	-1.911138e+01	-6.637401e-02	3.494995e-01	
1  343.493	2.994995e-01	1.336725e-01	3.047670e+00	-1.910413e+01	-7.602758e-02	3.494995e-01	
2  343.461	2.994995e-01	1.333393e-01	3.042990e+00	-1.910799e+01	-6.588926e-02	3.494995e-01	
1  343.493	2.994995e-01	1.320456e-01	3.098089e+00	-1.910794e+01	-6.447714e-02	3.494995e-01	
1  344.245	2.994995e-01	1.294203e-01	3.075289e+00	-1.911510e+01	-5.755256e-02	3.494995e-01	
1  344.197	2.994995e-01	1.303564e-01	3.096593e+00	-1.911964e+01	-5.711863e-02	3.494995e-01	
1  343.911	2.994995e-01	1.300720e-01	3.089318e+00	-1.910600e+01	-6.051268e-02	3.494995e-01	
2  343.99	3.014827e-01	1.300720e-01	3.089318e+00	-1.910600e+01	-6.051268e-02	3.514827e-01	
1  344.965	3.014827e-01	1.269274e-01	3.083438e+00	-1.909954e+01	-6.338434e-02	3.514827e-01	
1  345.155	3.014827e-01	1.265007e-01	3.126168e+00	-1.910341e+01	-6.925792e-02	3.514827e-01	
1  344.773	3.014827e-01	1.294745e-01	3.186368e+00	-1.909861e+01	-6.384686e-02	3.514827e-01	
1  344.621	2.968218e-01	1.294745e-01	3.186368e+00	-1.909861e+01	-6.384686e-02	3.468218e-01	
2  344.642	2.968218e-01	1.304344e-01	3.203855e+00	-1.910434e+01	-7.066471e-02	3.468218e-01	
1  344.814	2.968218e-01	1.312219e-01	3.177127e+00	-1.911721e+01	-7.600498e-02	3.468218e-01	
1  344.725	2.968218e-01	1.315892e-01	3.166063e+00	-1.912063e+01	-7.311192e-02	3.468218e-01	
1  344.771	2.974229e-01	1.315892e-01	3.166063e+00	-1.912063e+01	-7.311192e-02	3.474229e-01	
1  344.09	2.974229e-01	1.315647e-01	3.137519e+00	-1.911468e+01	-7.350577e-02	3.474229e-01	
1  344.165	2.974229e-01	1.303214e-01	3.125516e+00	-1.910792e+01	-7.740699e-02	3.474229e-01	
1  343.652	2.974229e-01	1.331325e-01	3.120461e+00	-1.911020e+01	-7.859974e-02	3.474229e-01	
2  344.276	2.974229e-01	1.306588e-01	3.134474e+00	-1.911214e+01	-7.667484e-02	3.474229e-01	
1  343.74	2.974229e-01	1.322382e-01	3.057065e+00	-1.910638e+01	-7.816301e-02	3.474229e-01	
1  343.467	2.974229e-01	1.329519e-01	3.053144e+00	-1.910015e+01	-7.389256e-02	3.474229e-01	
1  343.214	2.974229e-01	1.338494e-01	3.085318e+00	-1.909650e+01	-7.351108e-02	3.474229e-01	
1  343.366	2.974229e-01	1.328848e-01	3.112816e+00	-1.910455e+01	-7.445166e-02	3.474229e-01	
1  344.031	3.098455e-01	1.328848e-01	3.112816e+00	-1.910455e+01	-7.445166e-02	3.598455e-01	
1  344.496	3.098455e-01	1.334012e-01	3.116140e+00	-1.911202e+01	-7.755225e-02	3.598455e-01	
1  344.054	3.098455e-01	1.346796e-01	3.116633e+00	-1.911111e+01	-7.336818e-02	3.598455e-01	
3  344.209	3.098455e-01	1.346755e-01	3.106815e+00	-1.911100e+01	-7.817237e-02	3.598455e-01	
1  344.799	3.098455e-01	1.328410e-01	3.113959e+00	-1.911313e+01	-7.979021e-02	3.598455e-01	
1  344.467	3.098455e-01	1.326048e-01	3.078094e+00	-1.910505e+01	-8.329957e-02	3.598455e-01	
1  344.771	3.098455e-01	1.328907e-01	3.093663e+00	-1.911083e+01	-8.335550e-02	3.598455e-01	
1  345.27	3.098455e-01	1.307103e-01	3.104481e+00	-1.911190e+01	-8.182323e-02	3.598455e-01	
1  343.943	2.890675e-01	1.307103e-01	3.104481e+00	-1.911190e+01	-8.182323e-02	3.390675e-01	
1  343.775	2.890675e-01	1.308559e-01	3.083233e+00	-1.911421e+01	-7.703872e-02	3.390675e-01	
2  344.136	2.890675e-01	1.294330e-01	3.088221e+00	-1.911772e+01	-7.305236e-02	3.390675e-01	
1  344.638	2.890675e-01	1.270106e-01	3.084553e+00	-1.911495e+01	-6.909953e-02	3.390675e-01	
1  344.078	2.644698e-01	1.270106e-01	3.084553e+00	-1.911495e+01	-6.909953e-02	3.144698e-01	
1  344.041	2.644698e-01	1.273737e-01	3.077445e+00	-1.911534e+01	-7.204729e-02	3.144698e-01	
1  343.89	2.644698e-01	1.281272e-01	3.095206e+00	-1.911960e+01	-7.692903e-02	3.144698e-01	
1  344.669	2.644698e-01	1.272846e-01	3.050535e+00	-1.911741e+01	-8.199172e-02	3.144698e-01	
1  343.976	2.644698e-01	1.290477e-01	3.059062e+00	-1.912297e+01	-7.957529e-02	3.144698e-01	
1  344.179	2.713822e-01	1.290477e-01	3.059062e+00	-1.912297e+01	-7.957529e-02	3.213822e-01	
1  344.916	2.713822e-01	1.294788e-01	3.035504e+00	-1.912430e+01	-8.812806e-02	3.213822e-01	
2  344.911	2.713822e-01	1.292795e-01	3.039019e+00	-1.912450e+01	-8.755260e-02	3.213822e-01	
1  345.233	2.713822e-01	1.298741e-01	3.048865e+00	-1.912151e+01	-9.658462e-02	3.213822e-01	
1  345.536	2.777212e-01	1.298741e-01	3.048865e+00	-1.912151e+01	-9.658462e-02	3.277212e-01	
1  345.657	2.777212e-01	1.295186e-01	3.086479e+00	-1.912224e+01	-9.790337e-02	3.277212e-01	
1  345.38	2.777212e-01	1.299558e-01	3.071388e+00	-1.912076e+01	-9.731416e-02	3.277212e-01	
2  344.261	2.777212e-01	1.311563e-01	3.089755e+00	-1.912097e+01	-8.933910e-02	3.277212e-01	
1  344.047	2.732413e-01	1.311563e-01	3.089755e+00	-1.912097e+01	-8.933910e-02	3.232413e-01	
1  343.263	2.732413e-01	1.337893e-01	3.063459e+00	-1.912702e+01	-7.962956e-02	3.232413e-01	
1  343.182	2.732413e-01	1.345777e-01	3.066469e+00	-1.912448e+01	-8.388368e-02	3.232413e-01	
1  343.075	2.732413e-01	1.361780e-01	3.092059e+00	-1.912797e+01	-8.284087e-02	3.232413e-01	
2  343.512	2.732413e-01	1.354280e-01	3.073908e+00	-1.913037e+01	-8.426578e-02	3.232413e-01	
2  343.329	2.732413e-01	1.345736e-01	3.057020e+00	-1.912345e+01	-8.641564e-02	3.232413e-01	
1  343.301	2.732413e-01	1.349738e-01	3.080882e+00	-1.912315e+01	-8.873457e-02	3.232413e-01	
1  343.448	2.732413e-01	1.352189e-01	3.075483e+00	-1.912602e+01	-8.818996e-02	3.232413e-01	
1  342.578	2.411979e-01	1.352189e-01	3.075483e+00	-1.912602e+01	-8.818996e-02	2.911979e-01	
1  343.101	2.411979e-01	1.330384e-01	3.074120e+00	-1.911516e+01	-8.742082e-02	2.911979e-01	
1  343.154	2.411979e-01	1.326322e-01	3.043565e+00	-1.912514e+01	-8.320989e-02	2.911979e-01	
1  343.366	2.411979e-01	1.317258e-01	3.056781e+00	-1.912739e+01	-8.495457e-02	2.911979e-01	
1  343.285	2.411979e-01	1.320893e-01	3.056806e+00	-1.913508e+01	-8.111708e-02	2.911979e-01	
2  343.266	2.382184e-01	1.320893e-01	3.056806e+00	-1.913508e+01	-8.111708e-02	2.882184e-01	
1  343.496	2.382184e-01	1.311917e-01	3.057706e+00	-1.914041e+01	-7.652664e-02	2.882184e-01	
2  344.05	2.382184e-01	1.294198e-01	3.083726e+00	-1.914684e+01	-7.227802e-02	2.882184e-01	
1  344.12	2.410001e-01	1.294198e-01	3.083726e+00	-1.914684e+01	-7.227802e-02	2.910001e-01	
1  344.464	2.410001e-01	1.287214e-01	3.087648e+00	-1.914822e+01	-7.262747e-02	2.910001e-01	
1  344.283	2.410001e-01	1.277673e-01	3.068878e+00	-1.914036e+01	-7.216152e-02	2.910001e-01	
1  343.846	2.410001e-01	1.296548e-01	3.064543e+00	-1.914381e+01	-7.089852e-02	2.910001e-01	
1  343.535	2.410001e-01	1.286650e-01	3.088895e+00	-1.913675e+01	-6.699504e-02	2.910001e-01	
1  343.645	2.277461e-01	1.286650e-01	3.088895e+00	-1.913675e+01	-6.699504e-02	2.777461e-01	
1  343.838	2.277461e-01	1.287226e-01	3.076097e+00	-1.913997e+01	-7.057805e-02	2.777461e-01	
1  343.479	2.277461e-01	1.301584e-01	3.052885e+00	-1.913700e+01	-6.772299e-02	2.777461e-01	
1  343.209	2.277461e-01	1.320925e-01	3.037400e+00	-1.914357e+01	-6.614831e-02	2.777461e-01	
1  343.235	2.277461e-01	1.329625e-01	3.020470e+00	-1.914303e+01	-6.690307e-02	2.777461e-01	
1  343.257	2.262203e-01	1.329625e-01	3.020470e+00	-1.914303e+01	-6.690307e-02	2.762203e-01	
1  342.634	2.262203e-01	1.333870e-01	3.061624e+00	-1.914051e+01	-6.630317e-02	2.762203e-01	
1  342.252	2.262203e-01	1.355016e-01	3.065103e+00	-1.913280e+01	-6.983645e-02	2.762203e-01	
1  342.041	2.262203e-01	1.374327e-01	3.055880e+00	-1.913560e+01	-6.821163e-02	2.762203e-01	
1  342.324	2.262203e-01	1.364190e-01	3.044549e+00	-1.913194e+01	-6.681867e-02	2.762203e-01	
2  342.07	2.374638e-01	1.364190e-01	3.044549e+00	-1.913194e+01	-6.681867e-02	2.874638e-01	
1  342.101	2.374638e-01	1.373139e-01	3.032562e+00	-1.913164e+01	-6.444422e-02	2.874638e-01	
1  342.094	2.374638e-01	1.363245e-01	3.062462e+00	-1.914012e+01	-6.712113e-02	2.874638e-01	
1  342.057	2.374638e-01	1.373107e-01	3.082811e+00	-1.914304e+01	-6.831096e-02	2.874638e-01	
1  342.02	2.233924e-01	1.373107e-01	3.082811e+00	-1.914304e+01	-6.831096e-02	2.733924e-01	
1  342.24	2.233924e-01	1.360884e-01	3.092456e+00	-1.914844e+01	-6.260469e-02	2.733924e-01	
1  341.834	2.233924e-01	1.387602e-01	3.087731e+00	-1.914014e+01	-5.979173e-02	2.733924e-01	
1  342.259	2.233924e-01	1.388250e-01	3.031778e+00	-1.913947e+01	-6.120989e-02	2.733924e-01	
1  342.829	2.233924e-01	1.391258e-01	2.994380e+00	-1.914061e+01	-6.061302e-02	2.733924e-01	
1  343.274	2.122868e-01	1.391258e-01	2.994380e+00	-1.914061e+01	-6.061302e-02	2.622868e-01	
2  343.126	2.122868e-01	1.382217e-01	3.021386e+00	-1.913270e+01	-6.339313e-02	2.622868e-01	
1  342.843	2.122868e-01	1.390945e-01	3.035996e+00	-1.913217e+01	-6.412974e-02	2.622868e-01	
1  343.27	2.122868e-01	1.416685e-01	3.029933e+00	-1.912744e+01	-6.064882e-02	2.622868e-01	
1  342.199	2.328266e-01	1.416685e-01	3.029933e+00	-1.912744e+01	-6.064882e-02	2.828266e-01	
1  341.818	2.328266e-01	1.412505e-01	3.066957e+00	-1.912646e+01	-6.256042e-02	2.828266e-01	
4  341.843	2.328266e-01	1.425792e-01	3.059576e+00	-1.912797e+01	-6.260939e-02	2.828266e-01	
1  341.644	2.328266e-01	1.431837e-01	3.070054e+00	-1.913339e+01	-7.017709e-02	2.828266e-01	
1  341.638	2.328266e-01	1.421631e-01	3.080946e+00	-1.913733e+01	-7.053322e-02	2.828266e-01	
1  341.719	2.328266e-01	1.427044e-01	3.063976e+00	-1.913719e+01	-7.018576e-02	2.828266e-01	
1  341.623	2.328266e-01	1.424223e-01	3.078730e+00	-1.913666e+01	-6.541321e-02	2.828266e-01	
1  341.688	2.443293e-01	1.424223e-01	3.078730e+00	-1.913666e+01	-6.541321e-02	2.943293e-01	
1  341.544	2.443293e-01	1.415308e-01	3.092226e+00	-1.913138e+01	-7.292242e-02	2.943293e-01	
2  341.877	2.443293e-01	1.424520e-01	3.119715e+00	-1.913765e+01	-7.311405e-02	2.943293e-01	
2  341.831	2.443293e-01	1.429411e-01	3.073998e+00	-1.913275e+01	-8.020029e-02	2.943293e-01	
1  342.172	2.443293e-01	1.442550e-01	3.056248e+00	-1.913451e+01	-8.342559e-02	2.943293e-01	
1  341.86	2.443293e-01	1.444914e-01	3.077224e+00	-1.913489e+01	-7.556342e-02	2.943293e-01	
1  341.856	2.443293e-01	1.442433e-01	3.088909e+00	-1.913502e+01	-7.660999e-02	2.943293e-01	
1  341.751	2.443293e-01	1.454029e-01	3.100090e+00	-1.913049e+01	-7.577719e-02	2.943293e-01	
1  341.696	2.359354e-01	1.454029e-01	3.100090e+00	-1.913049e+01	-7.577719e-02	2.859354e-01	
2  341.545	2.359354e-01	1.428135e-01	3.116144e+00	-1.913046e+01	-7.448900e-02	2.859354e-01	
1  341.619	2.359354e-01	1.413845e-01	3.101407e+00	-1.913846e+01	-6.138782e-02	2.859354e-01	
1  341.682	2.359354e-01	1.414079e-01	3.119398e+00	-1.913819e+01	-5.828174e-02	2.859354e-01	
1  341.976	2.527013e-01	1.414079e-01	3.119398e+00	-1.913819e+01	-5.828174e-02	3.027013e-01	
1  341.722	2.527013e-01	1.393451e-01	3.113408e+00	-1.913341e+01	-6.005698e-02	3.027013e-01	
1  341.859	2.527013e-01	1.400985e-01	3.115943e+00	-1.913584e+01	-5.530126e-02	3.027013e-01	
1  342.289	2.527013e-01	1.395654e-01	3.146862e+00	-1.914079e+01	-5.795666e-02	3.027013e-01	
2  342.417	2.527013e-01	1.398080e-01	3.110427e+00	-1.914563e+01	-5.317134e-02	3.027013e-01	
1  342.182	2.527013e-01	1.392328e-01	3.091013e+00	-1.914225e+01	-5.085542e-02	3.027013e-01	
2  341.86	2.527013e-01	1.384852e-01	3.106423e+00	-1.913531e+01	-5.388047e-02	3.027013e-01	
1  341.952	2.527013e-01	1.375835e-01	3.137986e+00	-1.913375e+01	-5.593606e-02	3.027013e-01	
1  341.824	2.426941e-01	1.375835e-01	3.137986e+00	-1.913375e+01	-5.593606e-02	2.926941e-01	
2  341.946	2.426941e-01	1.368176e-01	3.134311e+00	-1.913855e+01	-5.779955e-02	2.926941e-01	
1  341.86	2.426941e-01	1.377811e-01	3.150574e+00	-1.913287e+01	-5.742174e-02	2.926941e-01	
1  341.885	2.426941e-01	1.386203e-01	3.130666e+00	-1.913961e+01	-6.531718e-02	2.926941e-01	
1  341.844	2.405769e-01	1.386203e-01	3.130666e+00	-1.913961e+01	-6.531718e-02	2.905769e-01	
1  341.958	2.405769e-01	1.367206e-01	3.137752e+00	-1.913883e+01	-6.233440e-02	2.905769e-01	
1  343.567	2.405769e-01	1.372613e-01	3.207078e+00	-1.915169e+01	-5.911071e-02	2.905769e-01	
2  343.777	2.405769e-01	1.368520e-01	3.177927e+00	-1.915753e+01	-5.938649e-02	2.905769e-01	
1  343.097	2.212727e-01	1.368520e-01	3.177927e+00	-1.915753e+01	-5.938649e-02	2.712727e-01	
1  343.788	2.212727e-01	1.371912e-01	3.229055e+00	-1.915626e+01	-5.998487e-02	2.712727e-01	
2  343.461	2.212727e-01	1.371823e-01	3.196862e+00	-1.915772e+01	-6.451970e-02	2.712727e-01	
1  344.136	2.212727e-01	1.355164e-01	3.220780e+00	-1.915976e+01	-6.162277e-02	2.712727e-01	
1  344.368	1.858193e-01	1.355164e-01	3.220780e+00	-1.915976e+01	-6.162277e-02	2.358193e-01	
1  344.459	1.858193e-01	1.354349e-01	3.227975e+00	-1.915817e+01	-5.732597e-02	2.358193e-01	
1  344.511	1.858193e-01	1.360696e-01	3.238719e+00	-1.914839e+01	-6.344839e-02	2.358193e-01	
1  345.148	1.858193e-01	1.348107e-01	3.262866e+00	-1.914934e+01	-5.916873e-02	2.358193e-01	
1  345.158	1.858193e-01	1.336110e-01	3.253567e+00	-1.914926e+01	-5.981192e-02	2.358193e-01	
1  345.214	1.849164e-01	1.336110e-01	3.253567e+00	-1.914926e+01	-5.981192e-02	2.349164e-01	
1  345.228	1.849164e-01	1.334067e-01	3.254980e+00	-1.915316e+01	-6.344160e-02	2.349164e-01	
1  344.855	1.849164e-01	1.337581e-01	3.233319e+00	-1.914790e+01	-6.899000e-02	2.349164e-01	
1  344.677	1.849164e-01	1.346290e-01	3.227289e+00	-1.914509e+01	-6.499657e-02	2.349164e-01	
2  345.072	1.849164e-01	1.336581e-01	3.203325e+00	-1.913520e+01	-6.837869e-02	2.349164e-01	
1  345.532	1.849164e-01	1.340748e-01	3.199797e+00	-1.912895e+01	-6.742677e-02	2.349164e-01	
1  346.129	1.849164e-01	1.324978e-01	3.169232e+00	-1.912587e+01	-6.558334e-02	2.349164e-01	
1  346.298	1.849164e-01	1.328146e-01	3.164303e+00	-1.912449e+01	-6.365737e-02	2.349164e-01	
1  346.603	1.849164e-01	1.331103e-01	3.156072e+00	-1.912410e+01	-5.735133e-02	2.349164e-01	
1  342.872	2.296716e-01	1.331103e-01	3.156072e+00	-1.912410e+01	-5.735133e-02	2.796716e-01	
1  343.017	2.296716e-01	1.341944e-01	3.201856e+00	-1.912295e+01	-6.302594e-02	2.796716e-01	
1  342.932	2.296716e-01	1.329303e-01	3.178686e+00	-1.912378e+01	-6.440264e-02	2.796716e-01	
1  343.162	2.296716e-01	1.327239e-01	3.201597e+00	-1.912733e+01	-7.423147e-02	2.796716e-01	
1  343.12	2.296716e-01	1.326734e-01	3.204910e+00	-1.913072e+01	-6.909341e-02	2.796716e-01	
2  343.523	2.149285e-01	1.326734e-01	3.204910e+00	-1.913072e+01	-6.909341e-02	2.649285e-01	
1  344.043	2.149285e-01	1.324063e-01	3.218613e+00	-1.912492e+01	-6.590368e-02	2.649285e-01	
1  343.623	2.149285e-01	1.328540e-01	3.204979e+00	-1.912734e+01	-6.807587e-02	2.649285e-01	
1  343.893	2.149285e-01	1.332655e-01	3.232589e+00	-1.912793e+01	-7.145741e-02	2.649285e-01	
1  343.886	2.613918e-01	1.332655e-01	3.232589e+00	-1.912793e+01	-7.145741e-02	3.113918e-01	
1  343.969	2.613918e-01	1.332001e-01	3.220992e+00	-1.912884e+01	-7.752920e-02	3.113918e-01	
1  343	2.613918e-01	1.349866e-01	3.195222e+00	-1.912831e+01	-7.204333e-02	3.113918e-01	
1  342.973	2.613918e-01	1.359337e-01	3.220614e+00	-1.912137e+01	-6.593047e-02	3.113918e-01	
5  342.438	2.613918e-01	1.370991e-01	3.188561e+00	-1.912040e+01	-5.774803e-02	3.113918e-01	
1  342.167	2.613918e-01	1.370264e-01	3.166022e+00	-1.912017e+01	-5.816219e-02	3.113918e-01	
1  342.145	2.594821e-01	1.370264e-01	3.166022e+00	-1.912017e+01	-5.816219e-02	3.094821e-01	
1  342.292	2.594821e-01	1.359234e-01	3.177209e+00	-1.912030e+01	-6.242953e-02	3.094821e-01	
1  341.964	2.594821e-01	1.368001e-01	3.152113e+00	-1.911926e+01	-6.311724e-02	3.094821e-01	
1  342.092	2.594821e-01	1.394094e-01	3.131982e+00	-1.911371e+01	-5.491906e-02	3.094821e-01	
1  342.018	2.594821e-01	1.401941e-01	3.155914e+00	-1.911507e+01	-5.940957e-02	3.094821e-01	
1  342.046	2.642897e-01	1.401941e-01	3.155914e+00	-1.911507e+01	-5.940957e-02	3.142897e-01	
1  342.584	2.642897e-01	1.403389e-01	3.193351e+00	-1.911720e+01	-5.531556e-02	3.142897e-01	
1  342.525	2.642897e-01	1.407937e-01	3.202567e+00	-1.911964e+01	-6.421826e-02	3.142897e-01	
1  342.356	2.642897e-01	1.385324e-01	3.181088e+00	-1.911651e+01	-5.768240e-02	3.142897e-01	
1  342.739	2.642897e-01	1.377394e-01	3.205421e+00	-1.911613e+01	-5.763534e-02	3.142897e-01	
1  342.879	2.715345e-01	1.377394e-01	3.205421e+00	-1.911613e+01	-5.763534e-02	3.215345e-01	
1  343.085	2.715345e-01	1.367441e-01	3.198059e+00	-1.912479e+01	-5.022369e-02	3.215345e-01	
1  342.732	2.715345e-01	1.368307e-01	3.183530e+00	-1.911976e+01	-5.252102e-02	3.215345e-01	
1  343.116	2.715345e-01	1.359048e-01	3.201240e+00	-1.911553e+01	-5.127346e-02	3.215345e-01	
1  343.063	2.715345e-01	1.341953e-01	3.181928e+00	-1.912204e+01	-4.869672e-02	3.215345e-01	
1  343.508	2.836625e-01	1.341953e-01	3.181928e+00	-1.912204e+01	-4.869672e-02	3.336625e-01	
1  343.46	2.836625e-01	1.339919e-01	3.187294e+00	-1.911727e+01	-5.050359e-02	3.336625e-01	
1  343.686	2.836625e-01	1.325168e-01	3.183662e+00	-1.912145e+01	-5.101174e-02	3.336625e-01	
1  343.476	2.836625e-01	1.354494e-01	3.188262e+00	-1.912228e+01	-4.932311e-02	3.336625e-01	
1  343.671	2.836625e-01	1.350718e-01	3.204638e+00	-1.912238e+01	-5.812760e-02	3.336625e-01	
1  343.304	2.761144e-01	1.350718e-01	3.204638e+00	-1.912238e+01	-5.812760e-02	3.261144e-01	
1  342.98	2.761144e-01	1.348043e-01	3.180076e+00	-1.912302e+01	-6.077464e-02	3.261144e-01	
1  342.601	2.761144e-01	1.364580e-01	3.173563e+00	-1.911873e+01	-6.277951e-02	3.261144e-01	
2  342.418	2.761144e-01	1.375855e-01	3.154079e+00	-1.911659e+01	-5.463919e-02	3.261144e-01	
1  342.19	2.572701e-01	1.375855e-01	3.154079e+00	-1.911659e+01	-5.463919e-02	3.072701e-01	
1  343.66	2.572701e-01	1.377651e-01	3.182432e+00	-1.911177e+01	-3.966745e-02	3.072701e-01	
1  343.705	2.572701e-01	1.359327e-01	3.178115e+00	-1.911023e+01	-4.112614e-02	3.072701e-01	
1  343.395	2.572701e-01	1.354735e-01	3.154606e+00	-1.910992e+01	-4.338293e-02	3.072701e-01	
1  342.979	2.572701e-01	1.350805e-01	3.114724e+00	-1.911476e+01	-4.250442e-02	3.072701e-01	
2  343.558	2.405166e-01	1.350805e-01	3.114724e+00	-1.911476e+01	-4.250442e-02	2.905166e-01	
1  343.249	2.405166e-01	1.342259e-01	3.100869e+00	-1.911687e+01	-4.579455e-02	2.905166e-01	
2  343.329	2.405166e-01	1.339523e-01	3.085167e+00	-1.912138e+01	-4.076026e-02	2.905166e-01	
1  343.173	2.446482e-01	1.339523e-01	3.085167e+00	-1.912138e+01	-4.076026e-02	2.946482e-01	
1  343.747	2.446482e-01	1.346485e-01	3.080870e+00	-1.912235e+01	-3.210279e-02	2.946482e-01	
1  343.861	2.446482e-01	1.356788e-01	3.073394e+00	-1.912032e+01	-3.214065e-02	2.946482e-01	
1  343.804	2.446482e-01	1.343523e-01	3.127837e+00	-1.912809e+01	-2.689551e-02	2.946482e-01	
3  344.016	2.446482e-01	1.332515e-01	3.097947e+00	-1.913100e+01	-2.423458e-02	2.946482e-01	
1  343.468	2.446482e-01	1.327719e-01	3.094363e+00	-1.913418e+01	-2.985195e-02	2.946482e-01	
1  343.637	2.446482e-01	1.308867e-01	3.101489e+00	-1.913454e+01	-3.157437e-02	2.946482e-01	
1  343.5	2.446482e-01	1.299022e-01	3.105202e+00	-1.912919e+01	-3.991640e-02	2.946482e-01	
1  343.546	2.424961e-01	1.299022e-01	3.105202e+00	-1.912919e+01	-3.991640e-02	2.924961e-01	
1  343.692	2.424961e-01	1.317023e-01	3.128257e+00	-1.913308e+01	-3.008445e-02	2.924961e-01	
1  343.671	2.424961e-01	1.323290e-01	3.119374e+00	-1.912556e+01	-3.368929e-02	2.924961e-01	
2  344.101	2.424961e-01	1.327128e-01	3.139740e+00	-1.911867e+01	-3.466802e-02	2.924961e-01	
2  344.068	2.432703e-01	1.327128e-01	3.139740e+00	-1.911867e+01	-3.466802e-02	2.932703e-01	
1  344.12	2.432703e-01	1.317075e-01	3.117059e+00	-1.911206e+01	-4.388681e-02	2.932703e-01	
1  343.229	2.432703e-01	1.310615e-01	3.144360e+00	-1.912180e+01	-4.868961e-02	2.932703e-01	
1  343.704	2.432703e-01	1.285340e-01	3.134692e+00	-1.912555e+01	-4.712492e-02	2.932703e-01	
1  343.85	2.379160e-01	1.285340e-01	3.134692e+00	-1.912555e+01	-4.712492e-02	2.879160e-01	
1  343.46	2.379160e-01	1.289621e-01	3.117564e+00	-1.912821e+01	-5.099495e-02	2.879160e-01	
1  343.777	2.379160e-01	1.289658e-01	3.092735e+00	-1.912766e+01	-4.473767e-02	2.879160e-01	
1  343.637	2.379160e-01	1.298284e-01	3.095585e+00	-1.913288e+01	-3.847568e-02	2.879160e-01	
1  343.674	2.379160e-01	1.300700e-01	3.124681e+00	-1.913710e+01	-3.432757e-02	2.879160e-01	
2  343.66	2.564286e-01	1.300700e-01	3.124681e+00	-1.913710e+01	-3.432757e-02	3.064286e-01	
1  343.875	2.564286e-01	1.299514e-01	3.101505e+00	-1.912828e+01	-3.182939e-02	3.064286e-01	
1  343.724	2.564286e-01	1.296745e-01	3.130048e+00	-1.913278e+01	-3.461198e-02	3.064286e-01	
2  343.938	2.564286e-01	1.277564e-01	3.130997e+00	-1.913254e+01	-4.051124e-02	3.064286e-01	
1  344.352	2.564286e-01	1.259415e-01	3.141915e+00	-1.913113e+01	-4.709554e-02	3.064286e-01	
1  344.359	2.564286e-01	1.265635e-01	3.162825e+00	-1.913360e+01	-4.544168e-02	3.064286e-01	
1  344.384	2.564286e-01	1.275423e-01	3.194086e+00	-1.913359e+01	-4.742505e-02	3.064286e-01	
1  344.397	2.564286e-01	1.275744e-01	3.192089e+00	-1.913595e+01	-5.202042e-02	3.064286e-01	
1  344.169	2.431568e-01	1.275744e-01	3.192089e+00	-1.913595e+01	-5.202042e-02	2.931568e-01	
1  344.479	2.431568e-01	1.257636e-01	3.167489e+00	-1.913424e+01	-5.151078e-02	2.931568e-01	
1  344.36	2.431568e-01	1.270524e-01	3.169332e+00	-1.914350e+01	-4.439779e-02	2.931568e-01	
1  344.302	2.431568e-01	1.280769e-01	3.182849e+00	-1.914111e+01	-3.837039e-02	2.931568e-01	
1  344.212	2.431568e-01	1.272596e-01	3.161865e+00	-1.914279e+01	-4.424047e-02	2.931568e-01	
1  344.198	2.418265e-01	1.272596e-01	3.161865e+00	-1.914279e+01	-4.424047e-02	2.918265e-01	
2  344.572	2.418265e-01	1.278881e-01	3.158715e+00	-1.915017e+01	-3.292368e-02	2.918265e-01	
1  344.138	2.418265e-01	1.292341e-01	3.159055e+00	-1.914846e+01	-3.404613e-02	2.918265e-01	
1  344.079	2.418265e-01	1.287917e-01	3.139996e+00	-1.914806e+01	-3.446426e-02	2.918265e-01	
