1  369.174	2.761469e-01	1.500000e-01	3.559000e+00	-1.902000e+01	-1.000000e-01	3.261469e-01	
1  366.086	2.761469e-01	1.499442e-01	3.532509e+00	-1.902481e+01	-1.036683e-01	3.261469e-01	
1  366.864	2.761469e-01	1.484039e-01	3.533527e+00	-1.902301e+01	-9.768146e-02	3.261469e-01	
3  366.994	2.761469e-01	1.492322e-01	3.542057e+00	-1.902258e+01	-1.053782e-01	3.261469e-01	
1  366.857	2.761469e-01	1.475038e-01	3.542367e+00	-1.902335e+01	-1.010184e-01	3.261469e-01	
1  366.309	2.761469e-01	1.489569e-01	3.521566e+00	-1.902177e+01	-1.028178e-01	3.261469e-01	
1  364.655	2.761469e-01	1.487702e-01	3.486306e+00	-1.902274e+01	-9.806529e-02	3.261469e-01	
1  361.414	2.761469e-01	1.473003e-01	3.488279e+00	-1.903430e+01	-9.683808e-02	3.261469e-01	
1  363.968	2.471526e-01	1.473003e-01	3.488279e+00	-1.903430e+01	-9.683808e-02	2.971526e-01	
3  361.597	2.471526e-01	1.467683e-01	3.486760e+00	-1.904194e+01	-9.718132e-02	2.971526e-01	
2  363.463	2.471526e-01	1.487615e-01	3.528491e+00	-1.904441e+01	-9.316542e-02	2.971526e-01	
1  364.009	2.471526e-01	1.489111e-01	3.547968e+00	-1.904547e+01	-9.611227e-02	2.971526e-01	
1  361.895	2.471526e-01	1.490625e-01	3.520095e+00	-1.904885e+01	-9.398143e-02	2.971526e-01	
1  361.989	2.471526e-01	1.490952e-01	3.528550e+00	-1.904943e+01	-9.719073e-02	2.971526e-01	
1  361.587	2.471526e-01	1.481335e-01	3.516530e+00	-1.904815e+01	-9.663210e-02	2.971526e-01	
1  361.658	2.463069e-01	1.481335e-01	3.516530e+00	-1.904815e+01	-9.663210e-02	2.963069e-01	
1  359.618	2.463069e-01	1.468467e-01	3.508966e+00	-1.905340e+01	-1.031462e-01	2.963069e-01	
3  360.16	2.463069e-01	1.486666e-01	3.497602e+00	-1.904862e+01	-1.079056e-01	2.963069e-01	
1  359.943	2.491586e-01	1.486666e-01	3.497602e+00	-1.904862e+01	-1.079056e-01	2.991586e-01	
1  359.781	2.491586e-01	1.488618e-01	3.484386e+00	-1.904641e+01	-1.099832e-01	2.991586e-01	
1  359.535	2.491586e-01	1.485300e-01	3.487626e+00	-1.904801e+01	-1.096844e-01	2.991586e-01	
1  358.199	2.491586e-01	1.481442e-01	3.466291e+00	-1.904952e+01	-1.092821e-01	2.991586e-01	
1  357.078	2.491586e-01	1.478706e-01	3.464803e+00	-1.905621e+01	-9.758030e-02	2.991586e-01	
2  355.934	2.708135e-01	1.478706e-01	3.464803e+00	-1.905621e+01	-9.758030e-02	3.208135e-01	
1  357.753	2.708135e-01	1.483410e-01	3.493062e+00	-1.905277e+01	-1.050286e-01	3.208135e-01	
2  356.986	2.708135e-01	1.495285e-01	3.467149e+00	-1.905054e+01	-1.099335e-01	3.208135e-01	
1  356.728	2.787821e-01	1.495285e-01	3.467149e+00	-1.905054e+01	-1.099335e-01	3.287821e-01	
1  355.712	2.787821e-01	1.509890e-01	3.456388e+00	-1.905562e+01	-1.133170e-01	3.287821e-01	
1  354.756	2.787821e-01	1.513703e-01	3.455919e+00	-1.906403e+01	-1.118626e-01	3.287821e-01	
1  353.856	2.787821e-01	1.497378e-01	3.442073e+00	-1.906357e+01	-1.111379e-01	3.287821e-01	
1  354.663	2.787821e-01	1.503572e-01	3.425634e+00	-1.905291e+01	-1.069715e-01	3.287821e-01	
3  354.507	2.859924e-01	1.503572e-01	3.425634e+00	-1.905291e+01	-1.069715e-01	3.359924e-01	
1  355.154	2.859924e-01	1.509901e-01	3.442314e+00	-1.905426e+01	-1.092775e-01	3.359924e-01	
1  353.552	2.859924e-01	1.479176e-01	3.413878e+00	-1.905346e+01	-1.113623e-01	3.359924e-01	
1  353.475	2.980594e-01	1.479176e-01	3.413878e+00	-1.905346e+01	-1.113623e-01	3.480594e-01	
1  352.019	2.980594e-01	1.485227e-01	3.382542e+00	-1.905628e+01	-1.141993e-01	3.480594e-01	
1  351.929	2.980594e-01	1.500603e-01	3.378410e+00	-1.905973e+01	-1.195413e-01	3.480594e-01	
2  352.825	2.980594e-01	1.495735e-01	3.401688e+00	-1.905946e+01	-1.200933e-01	3.480594e-01	
4  352.727	2.894245e-01	1.495735e-01	3.401688e+00	-1.905946e+01	-1.200933e-01	3.394245e-01	
2  351.815	2.894245e-01	1.501339e-01	3.373879e+00	-1.906215e+01	-1.271923e-01	3.394245e-01	
1  351.856	2.894245e-01	1.482535e-01	3.385038e+00	-1.906551e+01	-1.284412e-01	3.394245e-01	
1  352.151	2.894245e-01	1.497228e-01	3.381124e+00	-1.906323e+01	-1.303856e-01	3.394245e-01	
1  351.788	2.894245e-01	1.486980e-01	3.371864e+00	-1.905978e+01	-1.280402e-01	3.394245e-01	
2  352.732	2.894245e-01	1.509417e-01	3.395269e+00	-1.905868e+01	-1.189771e-01	3.394245e-01	
1  352.532	2.894245e-01	1.523529e-01	3.393735e+00	-1.906389e+01	-1.202568e-01	3.394245e-01	
1  353.999	2.894245e-01	1.536412e-01	3.417839e+00	-1.906480e+01	-1.255104e-01	3.394245e-01	
2  353.121	2.894245e-01	1.506495e-01	3.423843e+00	-1.906846e+01	-1.189819e-01	3.394245e-01	
2  353.028	2.627002e-01	1.506495e-01	3.423843e+00	-1.906846e+01	-1.189819e-01	3.127002e-01	
1  353.013	2.627002e-01	1.506782e-01	3.418489e+00	-1.907074e+01	-1.286485e-01	3.127002e-01	
1  352.207	2.627002e-01	1.502562e-01	3.398643e+00	-1.907106e+01	-1.301399e-01	3.127002e-01	
1  351.907	2.627002e-01	1.493230e-01	3.383229e+00	-1.907035e+01	-1.353461e-01	3.127002e-01	
1  351.897	2.644179e-01	1.493230e-01	3.383229e+00	-1.907035e+01	-1.353461e-01	3.144179e-01	
1  352.366	2.644179e-01	1.499451e-01	3.383403e+00	-1.906533e+01	-1.350607e-01	3.144179e-01	
2  351.995	2.644179e-01	1.493537e-01	3.387843e+00	-1.906787e+01	-1.313171e-01	3.144179e-01	
2  352.293	2.644179e-01	1.503589e-01	3.378687e+00	-1.906505e+01	-1.353976e-01	3.144179e-01	
1  351.296	2.644179e-01	1.497557e-01	3.350801e+00	-1.907109e+01	-1.419079e-01	3.144179e-01	
1  351.543	2.644179e-01	1.493412e-01	3.348184e+00	-1.906600e+01	-1.420041e-01	3.144179e-01	
1  352.123	2.644179e-01	1.491197e-01	3.374276e+00	-1.906755e+01	-1.400079e-01	3.144179e-01	
1  351.764	2.644179e-01	1.493542e-01	3.381001e+00	-1.906994e+01	-1.342239e-01	3.144179e-01	
1  351.761	2.648750e-01	1.493542e-01	3.381001e+00	-1.906994e+01	-1.342239e-01	3.148750e-01	
1  352.989	2.648750e-01	1.499245e-01	3.414838e+00	-1.907042e+01	-1.322342e-01	3.148750e-01	
2  351.597	2.648750e-01	1.499937e-01	3.378930e+00	-1.906999e+01	-1.318960e-01	3.148750e-01	
3  351.378	2.648750e-01	1.508589e-01	3.380055e+00	-1.907171e+01	-1.277596e-01	3.148750e-01	
1  349.785	2.648750e-01	1.517278e-01	3.351432e+00	-1.908210e+01	-1.258049e-01	3.148750e-01	
1  350.089	2.648750e-01	1.521887e-01	3.357432e+00	-1.907914e+01	-1.237990e-01	3.148750e-01	
1  349.279	2.648750e-01	1.512924e-01	3.354709e+00	-1.908289e+01	-1.168916e-01	3.148750e-01	
3  349.287	2.659160e-01	1.512924e-01	3.354709e+00	-1.908289e+01	-1.168916e-01	3.159160e-01	
1  348.898	2.659160e-01	1.494927e-01	3.351686e+00	-1.908588e+01	-1.191991e-01	3.159160e-01	
1  349.026	2.659160e-01	1.508735e-01	3.329619e+00	-1.908565e+01	-1.284713e-01	3.159160e-01	
2  349.471	2.284690e-01	1.508735e-01	3.329619e+00	-1.908565e+01	-1.284713e-01	2.784690e-01	
1  350.26	2.284690e-01	1.512564e-01	3.370176e+00	-1.908840e+01	-1.223209e-01	2.784690e-01	
1  348.813	2.284690e-01	1.497006e-01	3.343818e+00	-1.909476e+01	-1.237051e-01	2.784690e-01	
1  348.337	2.284690e-01	1.490466e-01	3.343465e+00	-1.909614e+01	-1.183906e-01	2.784690e-01	
2  348.154	2.368368e-01	1.490466e-01	3.343465e+00	-1.909614e+01	-1.183906e-01	2.868368e-01	
1  348.509	2.368368e-01	1.478510e-01	3.337563e+00	-1.909204e+01	-1.257216e-01	2.868368e-01	
1  347.972	2.368368e-01	1.487380e-01	3.348132e+00	-1.909533e+01	-1.116578e-01	2.868368e-01	
3  346.639	2.368368e-01	1.480173e-01	3.312593e+00	-1.910277e+01	-1.144024e-01	2.868368e-01	
1  346.756	2.368368e-01	1.467818e-01	3.321102e+00	-1.910357e+01	-1.142681e-01	2.868368e-01	
1  346.163	2.368368e-01	1.474489e-01	3.302747e+00	-1.910916e+01	-1.132761e-01	2.868368e-01	
1  346.004	2.368368e-01	1.487844e-01	3.293467e+00	-1.910472e+01	-1.118848e-01	2.868368e-01	
2  345.991	2.394306e-01	1.487844e-01	3.293467e+00	-1.910472e+01	-1.118848e-01	2.894306e-01	
1  346.813	2.394306e-01	1.494358e-01	3.315793e+00	-1.910797e+01	-1.136956e-01	2.894306e-01	
1  346.349	2.394306e-01	1.491598e-01	3.298322e+00	-1.910390e+01	-1.146410e-01	2.894306e-01	
1  346.954	2.394306e-01	1.481661e-01	3.310840e+00	-1.910361e+01	-1.198251e-01	2.894306e-01	
1  347.155	2.234536e-01	1.481661e-01	3.310840e+00	-1.910361e+01	-1.198251e-01	2.734536e-01	
1  347.931	2.234536e-01	1.494274e-01	3.316984e+00	-1.910497e+01	-1.266390e-01	2.734536e-01	
1  347.13	2.234536e-01	1.471193e-01	3.304522e+00	-1.910946e+01	-1.242670e-01	2.734536e-01	
2  346.608	2.234536e-01	1.483712e-01	3.272936e+00	-1.910927e+01	-1.262767e-01	2.734536e-01	
1  346.617	2.228364e-01	1.483712e-01	3.272936e+00	-1.910927e+01	-1.262767e-01	2.728364e-01	
1  346.534	2.228364e-01	1.485581e-01	3.265477e+00	-1.910811e+01	-1.269136e-01	2.728364e-01	
1  347.694	2.228364e-01	1.482119e-01	3.293099e+00	-1.911192e+01	-1.320846e-01	2.728364e-01	
1  348.111	2.228364e-01	1.469573e-01	3.315322e+00	-1.910694e+01	-1.312661e-01	2.728364e-01	
1  347.712	2.228364e-01	1.460651e-01	3.292506e+00	-1.910376e+01	-1.331866e-01	2.728364e-01	
1  347.572	2.351701e-01	1.460651e-01	3.292506e+00	-1.910376e+01	-1.331866e-01	2.851701e-01	
2  347.828	2.351701e-01	1.452251e-01	3.271755e+00	-1.910513e+01	-1.394393e-01	2.851701e-01	
1  348.527	2.351701e-01	1.459251e-01	3.314956e+00	-1.910825e+01	-1.353751e-01	2.851701e-01	
1  347.601	2.351701e-01	1.453759e-01	3.251175e+00	-1.911381e+01	-1.388141e-01	2.851701e-01	
1  347.514	2.274074e-01	1.453759e-01	3.251175e+00	-1.911381e+01	-1.388141e-01	2.774074e-01	
1  345.736	2.274074e-01	1.441668e-01	3.194185e+00	-1.910659e+01	-1.323611e-01	2.774074e-01	
1  346.17	2.274074e-01	1.456571e-01	3.125367e+00	-1.909447e+01	-1.360647e-01	2.774074e-01	
1  346.712	2.274074e-01	1.473371e-01	3.163618e+00	-1.909410e+01	-1.401820e-01	2.774074e-01	
1  346.311	2.274074e-01	1.465834e-01	3.190200e+00	-1.909089e+01	-1.318343e-01	2.774074e-01	
2  345.741	2.436315e-01	1.465834e-01	3.190200e+00	-1.909089e+01	-1.318343e-01	2.936315e-01	
1  345.605	2.436315e-01	1.446939e-01	3.165993e+00	-1.908493e+01	-1.282419e-01	2.936315e-01	
1  345.876	2.436315e-01	1.450018e-01	3.156001e+00	-1.908242e+01	-1.297095e-01	2.936315e-01	
1  345.666	2.436315e-01	1.470198e-01	3.144208e+00	-1.908408e+01	-1.292577e-01	2.936315e-01	
2  346.329	2.307425e-01	1.470198e-01	3.144208e+00	-1.908408e+01	-1.292577e-01	2.807425e-01	
1  346.533	2.307425e-01	1.468017e-01	3.145670e+00	-1.908069e+01	-1.259282e-01	2.807425e-01	
1  346.207	2.307425e-01	1.452670e-01	3.140923e+00	-1.908314e+01	-1.258461e-01	2.807425e-01	
1  346.266	2.307425e-01	1.424545e-01	3.127675e+00	-1.908064e+01	-1.178612e-01	2.807425e-01	
1  344.79	2.557565e-01	1.424545e-01	3.127675e+00	-1.908064e+01	-1.178612e-01	3.057565e-01	
1  345.471	2.557565e-01	1.407075e-01	3.158507e+00	-1.907643e+01	-1.180410e-01	3.057565e-01	
3  344.69	2.557565e-01	1.397207e-01	3.126850e+00	-1.908146e+01	-1.131133e-01	3.057565e-01	
1  344.519	2.606086e-01	1.397207e-01	3.126850e+00	-1.908146e+01	-1.131133e-01	3.106086e-01	
2  344.895	2.606086e-01	1.409239e-01	3.095345e+00	-1.907553e+01	-1.073450e-01	3.106086e-01	
3  344.13	2.606086e-01	1.444003e-01	3.082496e+00	-1.908021e+01	-1.009216e-01	3.106086e-01	
1  343.873	2.606086e-01	1.444806e-01	3.074060e+00	-1.908249e+01	-9.645655e-02	3.106086e-01	
1  344.758	2.606086e-01	1.450408e-01	3.066942e+00	-1.907631e+01	-9.730974e-02	3.106086e-01	
1  344.23	2.606086e-01	1.465596e-01	3.063065e+00	-1.908156e+01	-9.008574e-02	3.106086e-01	
1  343.717	2.606086e-01	1.467132e-01	3.055888e+00	-1.908648e+01	-8.871721e-02	3.106086e-01	
1  344.044	2.533985e-01	1.467132e-01	3.055888e+00	-1.908648e+01	-8.871721e-02	3.033985e-01	
1  343.393	2.533985e-01	1.460600e-01	3.070341e+00	-1.909035e+01	-9.037102e-02	3.033985e-01	
1  343.318	2.533985e-01	1.477911e-01	3.057190e+00	-1.909377e+01	-8.982988e-02	3.033985e-01	
1  343.441	2.533985e-01	1.469821e-01	3.062031e+00	-1.909117e+01	-9.424083e-02	3.033985e-01	
1  343.244	2.533985e-01	1.445623e-01	3.058591e+00	-1.909200e+01	-8.773457e-02	3.033985e-01	
1  343.705	2.443388e-01	1.445623e-01	3.058591e+00	-1.909200e+01	-8.773457e-02	2.943388e-01	
2  344.292	2.443388e-01	1.445894e-01	3.037714e+00	-1.908889e+01	-9.454698e-02	2.943388e-01	
2  343.682	2.443388e-01	1.446025e-01	3.078010e+00	-1.909083e+01	-8.847719e-02	2.943388e-01	
2  343.666	2.446142e-01	1.446025e-01	3.078010e+00	-1.909083e+01	-8.847719e-02	2.946142e-01	
1  343.684	2.446142e-01	1.439977e-01	3.105676e+00	-1.908921e+01	-9.344184e-02	2.946142e-01	
1  343.711	2.446142e-01	1.424733e-01	3.113185e+00	-1.908889e+01	-9.337514e-02	2.946142e-01	
1  343.452	2.446142e-01	1.434190e-01	3.097194e+00	-1.909135e+01	-9.180464e-02	2.946142e-01	
2  343.643	2.412741e-01	1.434190e-01	3.097194e+00	-1.909135e+01	-9.180464e-02	2.912741e-01	
2  343.378	2.412741e-01	1.408804e-01	3.078661e+00	-1.909514e+01	-9.112451e-02	2.912741e-01	
1  343.128	2.412741e-01	1.435897e-01	3.098485e+00	-1.909599e+01	-8.723160e-02	2.912741e-01	
2  342.612	2.533583e-01	1.435897e-01	3.098485e+00	-1.909599e+01	-8.723160e-02	3.033583e-01	
1  342.372	2.533583e-01	1.442883e-01	3.103808e+00	-1.909924e+01	-8.748906e-02	3.033583e-01	
1  342.431	2.533583e-01	1.441754e-01	3.105860e+00	-1.909996e+01	-9.532362e-02	3.033583e-01	
2  342.443	2.533583e-01	1.446568e-01	3.095620e+00	-1.909933e+01	-9.262119e-02	3.033583e-01	
1  342.354	2.533583e-01	1.443240e-01	3.083678e+00	-1.910061e+01	-9.036657e-02	3.033583e-01	
1  342.405	2.533583e-01	1.445444e-01	3.058580e+00	-1.910340e+01	-9.314764e-02	3.033583e-01	
2  342.45	2.533583e-01	1.456245e-01	3.064150e+00	-1.910378e+01	-9.514092e-02	3.033583e-01	
1  342.405	2.582139e-01	1.456245e-01	3.064150e+00	-1.910378e+01	-9.514092e-02	3.082139e-01	
1  342.149	2.582139e-01	1.436794e-01	3.074161e+00	-1.910795e+01	-9.441539e-02	3.082139e-01	
1  342.18	2.582139e-01	1.435337e-01	3.108517e+00	-1.910431e+01	-9.495190e-02	3.082139e-01	
1  342.227	2.582139e-01	1.434671e-01	3.103893e+00	-1.910165e+01	-9.358026e-02	3.082139e-01	
1  342.007	2.582139e-01	1.431056e-01	3.103695e+00	-1.910680e+01	-9.179795e-02	3.082139e-01	
1  342.37	2.374583e-01	1.431056e-01	3.103695e+00	-1.910680e+01	-9.179795e-02	2.874583e-01	
1  342.383	2.374583e-01	1.436010e-01	3.096721e+00	-1.910721e+01	-9.279762e-02	2.874583e-01	
1  342.748	2.374583e-01	1.426643e-01	3.103785e+00	-1.910549e+01	-1.015921e-01	2.874583e-01	
1  343.079	2.374583e-01	1.426289e-01	3.103751e+00	-1.910437e+01	-1.071928e-01	2.874583e-01	
1  342.923	2.374583e-01	1.442253e-01	3.110980e+00	-1.910550e+01	-1.059866e-01	2.874583e-01	
1  342.753	2.454913e-01	1.442253e-01	3.110980e+00	-1.910550e+01	-1.059866e-01	2.954913e-01	
1  342.697	2.454913e-01	1.414497e-01	3.109837e+00	-1.910609e+01	-1.040944e-01	2.954913e-01	
1  342.42	2.454913e-01	1.414979e-01	3.110687e+00	-1.911055e+01	-1.010442e-01	2.954913e-01	
1  342.226	2.454913e-01	1.408874e-01	3.122258e+00	-1.910901e+01	-9.534841e-02	2.954913e-01	
1  341.987	2.454913e-01	1.412840e-01	3.126202e+00	-1.910868e+01	-8.667633e-02	2.954913e-01	
1  341.874	2.580992e-01	1.412840e-01	3.126202e+00	-1.910868e+01	-8.667633e-02	3.080992e-01	
1  342.003	2.580992e-01	1.398225e-01	3.129808e+00	-1.911119e+01	-8.948091e-02	3.080992e-01	
1  342.299	2.580992e-01	1.387843e-01	3.161363e+00	-1.911280e+01	-8.985479e-02	3.080992e-01	
1  342.343	2.580992e-01	1.385521e-01	3.134249e+00	-1.912163e+01	-9.015265e-02	3.080992e-01	
1  342.69	2.580992e-01	1.395775e-01	3.121434e+00	-1.913076e+01	-8.914196e-02	3.080992e-01	
1  342.14	2.388286e-01	1.395775e-01	3.121434e+00	-1.913076e+01	-8.914196e-02	2.888286e-01	
1  341.942	2.388286e-01	1.402863e-01	3.065962e+00	-1.913107e+01	-8.427815e-02	2.888286e-01	
2  341.854	2.388286e-01	1.409883e-01	3.067496e+00	-1.912837e+01	-8.476815e-02	2.888286e-01	
1  342.084	2.388286e-01	1.395053e-01	3.063699e+00	-1.912212e+01	-8.888411e-02	2.888286e-01	
2  342.05	2.441304e-01	1.395053e-01	3.063699e+00	-1.912212e+01	-8.888411e-02	2.941304e-01	
1  342.617	2.441304e-01	1.401373e-01	3.059221e+00	-1.912011e+01	-9.963649e-02	2.941304e-01	
1  342.643	2.441304e-01	1.384254e-01	3.059333e+00	-1.912088e+01	-9.718411e-02	2.941304e-01	
1  342.569	2.441304e-01	1.392033e-01	3.055292e+00	-1.911988e+01	-9.712524e-02	2.941304e-01	
2  342.568	2.453248e-01	1.392033e-01	3.055292e+00	-1.911988e+01	-9.712524e-02	2.953248e-01	
2  342.374	2.453248e-01	1.410636e-01	3.040416e+00	-1.911402e+01	-9.320079e-02	2.953248e-01	
1  342.683	2.453248e-01	1.404711e-01	3.011202e+00	-1.911085e+01	-8.507458e-02	2.953248e-01	
1  342.472	2.656759e-01	1.404711e-01	3.011202e+00	-1.911085e+01	-8.507458e-02	3.156759e-01	
1  342.562	2.656759e-01	1.411510e-01	3.017241e+00	-1.910658e+01	-8.962710e-02	3.156759e-01	
1  342.484	2.656759e-01	1.425100e-01	3.033195e+00	-1.910497e+01	-9.305111e-02	3.156759e-01	
2  342.247	2.656759e-01	1.401663e-01	3.045808e+00	-1.910424e+01	-8.590550e-02	3.156759e-01	
1  342.28	2.604873e-01	1.401663e-01	3.045808e+00	-1.910424e+01	-8.590550e-02	3.104873e-01	
1  342.379	2.604873e-01	1.409109e-01	3.043125e+00	-1.910160e+01	-8.347278e-02	3.104873e-01	
1  341.934	2.604873e-01	1.407357e-01	3.107503e+00	-1.910453e+01	-8.473577e-02	3.104873e-01	
1  342.275	2.604873e-01	1.396621e-01	3.118847e+00	-1.910300e+01	-9.318575e-02	3.104873e-01	
2  342.457	2.604873e-01	1.392667e-01	3.135921e+00	-1.909957e+01	-9.215604e-02	3.104873e-01	
1  342.311	2.604873e-01	1.400817e-01	3.136119e+00	-1.909897e+01	-8.550896e-02	3.104873e-01	
1  342.82	2.604873e-01	1.404495e-01	3.158254e+00	-1.909467e+01	-9.388667e-02	3.104873e-01	
1  342.948	2.604873e-01	1.400006e-01	3.169319e+00	-1.909371e+01	-9.144723e-02	3.104873e-01	
2  343.434	2.604873e-01	1.393868e-01	3.191502e+00	-1.909069e+01	-9.063343e-02	3.104873e-01	
1  343.254	2.604873e-01	1.408778e-01	3.201576e+00	-1.909391e+01	-9.120576e-02	3.104873e-01	
2  343.118	2.604873e-01	1.401707e-01	3.191295e+00	-1.909479e+01	-9.255948e-02	3.104873e-01	
1  342.895	2.604873e-01	1.398073e-01	3.193761e+00	-1.909800e+01	-8.755478e-02	3.104873e-01	
1  342.93	2.745695e-01	1.398073e-01	3.193761e+00	-1.909800e+01	-8.755478e-02	3.245695e-01	
2  343.178	2.745695e-01	1.391783e-01	3.206730e+00	-1.909554e+01	-8.352041e-02	3.245695e-01	
3  342.957	2.745695e-01	1.411785e-01	3.207117e+00	-1.910116e+01	-8.393084e-02	3.245695e-01	
1  343.756	2.745695e-01	1.415403e-01	3.234216e+00	-1.909264e+01	-8.135102e-02	3.245695e-01	
1  344.027	2.745695e-01	1.440216e-01	3.224203e+00	-1.908663e+01	-8.977926e-02	3.245695e-01	
1  344.066	2.745695e-01	1.457470e-01	3.233626e+00	-1.909128e+01	-9.052887e-02	3.245695e-01	
2  344.37	2.745695e-01	1.458145e-01	3.227845e+00	-1.908518e+01	-8.509210e-02	3.245695e-01	
3  344.304	2.745695e-01	1.454853e-01	3.216828e+00	-1.908516e+01	-7.796842e-02	3.245695e-01	
1  344.49	2.745695e-01	1.459881e-01	3.223788e+00	-1.908663e+01	-7.384784e-02	3.245695e-01	
1  344.933	2.564607e-01	1.459881e-01	3.223788e+00	-1.908663e+01	-7.384784e-02	3.064607e-01	
1  345.453	2.564607e-01	1.445109e-01	3.277370e+00	-1.908948e+01	-7.555271e-02	3.064607e-01	
1  345.132	2.564607e-01	1.444228e-01	3.275543e+00	-1.909258e+01	-7.420209e-02	3.064607e-01	
1  345.227	2.564607e-01	1.427441e-01	3.293927e+00	-1.909354e+01	-8.107078e-02	3.064607e-01	
1  344.829	2.564607e-01	1.395911e-01	3.280050e+00	-1.909519e+01	-7.552620e-02	3.064607e-01	
1  344.965	2.510696e-01	1.395911e-01	3.280050e+00	-1.909519e+01	-7.552620e-02	3.010696e-01	
1  345.138	2.510696e-01	1.401293e-01	3.276795e+00	-1.909111e+01	-8.211379e-02	3.010696e-01	
2  346.431	2.510696e-01	1.411568e-01	3.318360e+00	-1.908887e+01	-8.260943e-02	3.010696e-01	
1  346.011	2.510696e-01	1.405742e-01	3.311102e+00	-1.909127e+01	-8.105651e-02	3.010696e-01	
1  346.233	2.448317e-01	1.405742e-01	3.311102e+00	-1.909127e+01	-8.105651e-02	2.948317e-01	
1  346.566	2.448317e-01	1.424883e-01	3.327011e+00	-1.909218e+01	-8.241389e-02	2.948317e-01	
3  347.608	2.448317e-01	1.447758e-01	3.363615e+00	-1.909549e+01	-8.082205e-02	2.948317e-01	
1  348.305	2.275666e-01	1.447758e-01	3.363615e+00	-1.909549e+01	-8.082205e-02	2.775666e-01	
1  349.091	2.275666e-01	1.456897e-01	3.375183e+00	-1.909244e+01	-8.278747e-02	2.775666e-01	
1  349.086	2.275666e-01	1.464604e-01	3.386546e+00	-1.909542e+01	-8.821328e-02	2.775666e-01	
1  349.841	2.275666e-01	1.459911e-01	3.381219e+00	-1.908824e+01	-8.442942e-02	2.775666e-01	
1  349.442	2.275666e-01	1.461153e-01	3.374080e+00	-1.908938e+01	-8.448208e-02	2.775666e-01	
1  351.87	1.999122e-01	1.461153e-01	3.374080e+00	-1.908938e+01	-8.448208e-02	2.499122e-01	
1  350.962	1.999122e-01	1.438460e-01	3.377585e+00	-1.909414e+01	-8.503748e-02	2.499122e-01	
1  351.946	1.999122e-01	1.442810e-01	3.372603e+00	-1.908860e+01	-8.289949e-02	2.499122e-01	
3  351.844	1.999122e-01	1.452624e-01	3.346977e+00	-1.908598e+01	-8.201583e-02	2.499122e-01	
1  351.158	1.999122e-01	1.460153e-01	3.286978e+00	-1.908216e+01	-8.527477e-02	2.499122e-01	
1  351.584	1.999122e-01	1.479545e-01	3.327846e+00	-1.908541e+01	-8.404756e-02	2.499122e-01	
1  351.396	1.999122e-01	1.468828e-01	3.305943e+00	-1.908247e+01	-8.757411e-02	2.499122e-01	
2  350.807	1.999122e-01	1.466083e-01	3.292628e+00	-1.908303e+01	-9.071956e-02	2.499122e-01	
1  350.71	1.999122e-01	1.444653e-01	3.281172e+00	-1.908274e+01	-8.759846e-02	2.499122e-01	
2  349.59	1.999122e-01	1.445590e-01	3.282063e+00	-1.908781e+01	-8.853640e-02	2.499122e-01	
2  348.884	1.999122e-01	1.453366e-01	3.262566e+00	-1.908883e+01	-9.354224e-02	2.499122e-01	
2  348.987	1.999122e-01	1.449725e-01	3.256906e+00	-1.908833e+01	-9.058729e-02	2.499122e-01	
1  349.345	1.999122e-01	1.464532e-01	3.269970e+00	-1.908868e+01	-8.744326e-02	2.499122e-01	
2  349.455	1.999122e-01	1.458060e-01	3.253508e+00	-1.908823e+01	-8.165883e-02	2.499122e-01	
1  349.132	1.999122e-01	1.475453e-01	3.257420e+00	-1.909172e+01	-7.870294e-02	2.499122e-01	
1  348.721	1.999122e-01	1.487457e-01	3.243115e+00	-1.909408e+01	-7.697086e-02	2.499122e-01	
3  347.604	1.999122e-01	1.480655e-01	3.195208e+00	-1.909802e+01	-7.338520e-02	2.499122e-01	
2  346.85	1.999122e-01	1.474009e-01	3.192009e+00	-1.910003e+01	-7.762576e-02	2.499122e-01	
1  348.164	1.999122e-01	1.490818e-01	3.219616e+00	-1.909665e+01	-7.436799e-02	2.499122e-01	
2  347.431	1.999122e-01	1.497560e-01	3.213866e+00	-1.909880e+01	-8.022443e-02	2.499122e-01	
1  345.457	1.999122e-01	1.487592e-01	3.219023e+00	-1.911141e+01	-8.070171e-02	2.499122e-01	
1  346.779	1.999122e-01	1.489930e-01	3.215282e+00	-1.910229e+01	-7.952889e-02	2.499122e-01	
1  347.295	1.999122e-01	1.469611e-01	3.223703e+00	-1.910196e+01	-6.947687e-02	2.499122e-01	
2  347.325	1.999122e-01	1.474150e-01	3.218287e+00	-1.910116e+01	-7.093222e-02	2.499122e-01	
1  348.223	1.999122e-01	1.479295e-01	3.195802e+00	-1.910165e+01	-5.825151e-02	2.499122e-01	
2  348.895	1.999122e-01	1.441496e-01	3.157638e+00	-1.909729e+01	-5.555728e-02	2.499122e-01	
1  348.323	1.999122e-01	1.464352e-01	3.140292e+00	-1.909997e+01	-5.713631e-02	2.499122e-01	
1  347.704	2.044947e-01	1.464352e-01	3.140292e+00	-1.909997e+01	-5.713631e-02	2.544947e-01	
2  346.745	2.044947e-01	1.484160e-01	3.117414e+00	-1.910390e+01	-6.228780e-02	2.544947e-01	
2  345.87	2.044947e-01	1.494480e-01	3.123064e+00	-1.910664e+01	-6.915811e-02	2.544947e-01	
1  344.654	2.171387e-01	1.494480e-01	3.123064e+00	-1.910664e+01	-6.915811e-02	2.671387e-01	
2  345.041	2.171387e-01	1.491343e-01	3.139323e+00	-1.910580e+01	-6.454860e-02	2.671387e-01	
1  344.413	2.171387e-01	1.492341e-01	3.123434e+00	-1.910622e+01	-7.368784e-02	2.671387e-01	
1  345.584	2.171387e-01	1.487230e-01	3.129041e+00	-1.909923e+01	-6.998043e-02	2.671387e-01	
1  344.155	2.349545e-01	1.487230e-01	3.129041e+00	-1.909923e+01	-6.998043e-02	2.849545e-01	
1  343.757	2.349545e-01	1.494710e-01	3.149044e+00	-1.910510e+01	-6.852078e-02	2.849545e-01	
3  343.354	2.349545e-01	1.497421e-01	3.127483e+00	-1.911031e+01	-6.623629e-02	2.849545e-01	
1  342.838	2.561433e-01	1.497421e-01	3.127483e+00	-1.911031e+01	-6.623629e-02	3.061433e-01	
1  342.793	2.561433e-01	1.494470e-01	3.156766e+00	-1.911431e+01	-6.748279e-02	3.061433e-01	
1  342.897	2.561433e-01	1.506065e-01	3.159681e+00	-1.911607e+01	-7.560886e-02	3.061433e-01	
1  343.319	2.561433e-01	1.522314e-01	3.147701e+00	-1.911425e+01	-7.010417e-02	3.061433e-01	
1  343.409	2.561433e-01	1.508714e-01	3.157343e+00	-1.911271e+01	-6.179789e-02	3.061433e-01	
1  343.437	2.507548e-01	1.508714e-01	3.157343e+00	-1.911271e+01	-6.179789e-02	3.007548e-01	
2  343.401	2.507548e-01	1.508459e-01	3.144748e+00	-1.910971e+01	-6.366898e-02	3.007548e-01	
1  342.706	2.507548e-01	1.492179e-01	3.125396e+00	-1.911290e+01	-6.470562e-02	3.007548e-01	
1  342.311	2.507548e-01	1.487857e-01	3.113019e+00	-1.911706e+01	-6.806962e-02	3.007548e-01	
1  342.315	2.549219e-01	1.487857e-01	3.113019e+00	-1.911706e+01	-6.806962e-02	3.049219e-01	
1  342.332	2.549219e-01	1.493837e-01	3.071225e+00	-1.911849e+01	-7.402519e-02	3.049219e-01	
1  342.272	2.549219e-01	1.492239e-01	3.080393e+00	-1.912095e+01	-7.530088e-02	3.049219e-01	
1  342.458	2.549219e-01	1.493952e-01	3.108783e+00	-1.912532e+01	-8.005672e-02	3.049219e-01	
1  342.43	2.549219e-01	1.490387e-01	3.116183e+00	-1.912524e+01	-8.081776e-02	3.049219e-01	
1  342.278	2.483214e-01	1.490387e-01	3.116183e+00	-1.912524e+01	-8.081776e-02	2.983214e-01	
1  342.365	2.483214e-01	1.495095e-01	3.104524e+00	-1.912838e+01	-7.622555e-02	2.983214e-01	
1  342.065	2.483214e-01	1.480755e-01	3.081637e+00	-1.912204e+01	-6.958670e-02	2.983214e-01	
1  341.804	2.483214e-01	1.461961e-01	3.073354e+00	-1.912418e+01	-7.717154e-02	2.983214e-01	
1  342.269	2.483214e-01	1.461106e-01	3.031558e+00	-1.911605e+01	-7.028429e-02	2.983214e-01	
1  342.274	2.480771e-01	1.461106e-01	3.031558e+00	-1.911605e+01	-7.028429e-02	2.980771e-01	
3  342.389	2.480771e-01	1.442736e-01	3.037338e+00	-1.911105e+01	-6.763528e-02	2.980771e-01	
2  342.49	2.480771e-01	1.447251e-01	3.008998e+00	-1.911965e+01	-6.294321e-02	2.980771e-01	
1  342.192	2.480771e-01	1.440903e-01	3.013779e+00	-1.912504e+01	-6.429811e-02	2.980771e-01	
1  341.837	2.480771e-01	1.430414e-01	3.034209e+00	-1.912771e+01	-7.138516e-02	2.980771e-01	
1  341.612	2.480771e-01	1.414205e-01	3.059795e+00	-1.912801e+01	-7.232245e-02	2.980771e-01	
1  341.731	2.480771e-01	1.410131e-01	3.051655e+00	-1.912129e+01	-7.883523e-02	2.980771e-01	
1  342.479	2.790051e-01	1.410131e-01	3.051655e+00	-1.912129e+01	-7.883523e-02	3.290051e-01	
1  342.341	2.790051e-01	1.415254e-01	3.056271e+00	-1.911856e+01	-7.963824e-02	3.290051e-01	
1  342.558	2.790051e-01	1.416853e-01	3.054534e+00	-1.912208e+01	-8.011206e-02	3.290051e-01	
1  343.11	2.790051e-01	1.404982e-01	3.023702e+00	-1.912434e+01	-8.331084e-02	3.290051e-01	
1  343.558	2.790051e-01	1.422656e-01	3.026986e+00	-1.913055e+01	-8.241228e-02	3.290051e-01	
1  343.777	2.820715e-01	1.422656e-01	3.026986e+00	-1.913055e+01	-8.241228e-02	3.320715e-01	
1  343.724	2.820715e-01	1.431252e-01	2.992001e+00	-1.912578e+01	-8.195711e-02	3.320715e-01	
2  342.939	2.820715e-01	1.435654e-01	3.007075e+00	-1.912027e+01	-7.562873e-02	3.320715e-01	
1  343.173	2.820715e-01	1.415001e-01	3.000771e+00	-1.912521e+01	-7.307471e-02	3.320715e-01	
1  343.712	2.906880e-01	1.415001e-01	3.000771e+00	-1.912521e+01	-7.307471e-02	3.406880e-01	
1  343.652	2.906880e-01	1.438077e-01	3.012686e+00	-1.912621e+01	-6.908948e-02	3.406880e-01	
1  343.81	2.906880e-01	1.423100e-01	2.979281e+00	-1.912276e+01	-7.133012e-02	3.406880e-01	
1  344.512	2.906880e-01	1.408745e-01	2.962574e+00	-1.912745e+01	-7.297078e-02	3.406880e-01	
1  344.572	2.906880e-01	1.406571e-01	2.973383e+00	-1.912616e+01	-8.079175e-02	3.406880e-01	
1  344.26	2.862343e-01	1.406571e-01	2.973383e+00	-1.912616e+01	-8.079175e-02	3.362343e-01	
1  344.109	2.862343e-01	1.409019e-01	2.999350e+00	-1.912164e+01	-9.108355e-02	3.362343e-01	
2  343.502	2.862343e-01	1.409949e-01	3.011983e+00	-1.911820e+01	-8.851488e-02	3.362343e-01	
1  343.5	2.862343e-01	1.396759e-01	3.064491e+00	-1.912125e+01	-8.994830e-02	3.362343e-01	
1  344.153	2.949294e-01	1.396759e-01	3.064491e+00	-1.912125e+01	-8.994830e-02	3.449294e-01	
1  345.204	2.949294e-01	1.402532e-01	3.033432e+00	-1.912452e+01	-9.617000e-02	3.449294e-01	
1  344.778	2.949294e-01	1.405691e-01	3.062681e+00	-1.912063e+01	-9.833502e-02	3.449294e-01	
2  344.551	2.949294e-01	1.392245e-01	3.068444e+00	-1.912162e+01	-9.401500e-02	3.449294e-01	
1  343.926	2.870011e-01	1.392245e-01	3.068444e+00	-1.912162e+01	-9.401500e-02	3.370011e-01	
1  343.051	2.870011e-01	1.385561e-01	3.072388e+00	-1.911219e+01	-9.118923e-02	3.370011e-01	
1  342.372	2.870011e-01	1.410382e-01	3.055448e+00	-1.911080e+01	-7.769117e-02	3.370011e-01	
1  342.307	2.870011e-01	1.429120e-01	3.086064e+00	-1.910822e+01	-7.969049e-02	3.370011e-01	
1  342.514	2.870011e-01	1.422137e-01	3.082915e+00	-1.910579e+01	-8.861818e-02	3.370011e-01	
1  342.854	2.941623e-01	1.422137e-01	3.082915e+00	-1.910579e+01	-8.861818e-02	3.441623e-01	
1  342.769	2.941623e-01	1.415710e-01	3.060196e+00	-1.910488e+01	-8.592153e-02	3.441623e-01	
1  342.99	2.941623e-01	1.410345e-01	3.052302e+00	-1.910942e+01	-8.632484e-02	3.441623e-01	
1  343.372	2.941623e-01	1.400733e-01	3.007644e+00	-1.909853e+01	-8.987520e-02	3.441623e-01	
2  343.009	2.941623e-01	1.395923e-01	3.027251e+00	-1.909578e+01	-8.409776e-02	3.441623e-01	
1  343.133	2.941623e-01	1.394845e-01	3.027581e+00	-1.909347e+01	-8.683254e-02	3.441623e-01	
1  342.915	2.941623e-01	1.406200e-01	3.041139e+00	-1.909585e+01	-8.758011e-02	3.441623e-01	
1  342.933	2.941623e-01	1.409281e-01	3.045998e+00	-1.910272e+01	-8.891012e-02	3.441623e-01	
2  343.109	2.941623e-01	1.397915e-01	3.061997e+00	-1.910715e+01	-9.060188e-02	3.441623e-01	
1  343.326	2.941623e-01	1.407374e-01	3.005208e+00	-1.910807e+01	-8.501016e-02	3.441623e-01	
2  343.483	2.941623e-01	1.393836e-01	3.003369e+00	-1.911443e+01	-8.026938e-02	3.441623e-01	
1  343.022	2.941623e-01	1.396227e-01	3.059449e+00	-1.911056e+01	-8.562391e-02	3.441623e-01	
2  344.616	3.158200e-01	1.396227e-01	3.059449e+00	-1.911056e+01	-8.562391e-02	3.658200e-01	
1  345.368	3.158200e-01	1.389398e-01	3.022560e+00	-1.911510e+01	-8.634156e-02	3.658200e-01	
1  344.807	3.158200e-01	1.382362e-01	3.015792e+00	-1.911019e+01	-8.310414e-02	3.658200e-01	
1  345.123	3.158200e-01	1.398262e-01	3.003077e+00	-1.911264e+01	-8.399094e-02	3.658200e-01	
1  344.765	3.116688e-01	1.398262e-01	3.003077e+00	-1.911264e+01	-8.399094e-02	3.616688e-01	
1  345.033	3.116688e-01	1.403404e-01	2.977042e+00	-1.911712e+01	-7.424231e-02	3.616688e-01	
2  345.139	3.116688e-01	1.397989e-01	2.993811e+00	-1.911694e+01	-8.156562e-02	3.616688e-01	
4  345.782	3.116688e-01	1.398732e-01	2.992244e+00	-1.912288e+01	-8.094498e-02	3.616688e-01	
1  345.742	3.116688e-01	1.408586e-01	2.978439e+00	-1.912031e+01	-8.229517e-02	3.616688e-01	
1  345.185	3.116688e-01	1.431313e-01	2.980405e+00	-1.911951e+01	-7.202903e-02	3.616688e-01	
1  343.335	2.848588e-01	1.431313e-01	2.980405e+00	-1.911951e+01	-7.202903e-02	3.348588e-01	
1  343.02	2.848588e-01	1.416047e-01	2.994850e+00	-1.911953e+01	-6.920802e-02	3.348588e-01	
1  343.124	2.848588e-01	1.419060e-01	3.007784e+00	-1.912288e+01	-7.408269e-02	3.348588e-01	
3  343.297	2.848588e-01	1.428981e-01	3.055759e+00	-1.912918e+01	-7.445178e-02	3.348588e-01	
1  343.849	2.848588e-01	1.432472e-01	3.015212e+00	-1.913187e+01	-7.415326e-02	3.348588e-01	
1  343.48	2.848588e-01	1.420711e-01	3.027947e+00	-1.912825e+01	-7.762596e-02	3.348588e-01	
1  343.687	2.848588e-01	1.414710e-01	3.023927e+00	-1.913053e+01	-7.669996e-02	3.348588e-01	
2  343.627	2.848588e-01	1.417985e-01	3.055233e+00	-1.913417e+01	-7.065436e-02	3.348588e-01	
1  343.737	2.848588e-01	1.410688e-01	3.079499e+00	-1.913534e+01	-7.134175e-02	3.348588e-01	
1  343.641	2.848588e-01	1.397992e-01	3.110934e+00	-1.913425e+01	-7.011883e-02	3.348588e-01	
1  343.261	2.848588e-01	1.413442e-01	3.082756e+00	-1.913237e+01	-6.686892e-02	3.348588e-01	
1  343.312	2.848588e-01	1.433698e-01	3.064362e+00	-1.913143e+01	-6.783483e-02	3.348588e-01	
2  343.235	2.838073e-01	1.433698e-01	3.064362e+00	-1.913143e+01	-6.783483e-02	3.338073e-01	
1  343.095	2.838073e-01	1.432794e-01	3.077098e+00	-1.913041e+01	-6.663788e-02	3.338073e-01	
1  342.943	2.838073e-01	1.441332e-01	3.060250e+00	-1.912760e+01	-6.482958e-02	3.338073e-01	
3  343.646	2.838073e-01	1.433187e-01	3.044810e+00	-1.913473e+01	-6.822459e-02	3.338073e-01	
1  343.764	2.838073e-01	1.443033e-01	3.056984e+00	-1.913517e+01	-6.935516e-02	3.338073e-01	
1  343.398	2.838073e-01	1.447690e-01	3.059934e+00	-1.913232e+01	-6.433506e-02	3.338073e-01	
1  343.535	2.838073e-01	1.431820e-01	3.060499e+00	-1.913613e+01	-5.467317e-02	3.338073e-01	
2  342.804	2.724103e-01	1.431820e-01	3.060499e+00	-1.913613e+01	-5.467317e-02	3.224103e-01	
1  342.492	2.724103e-01	1.437133e-01	3.067858e+00	-1.913137e+01	-5.800441e-02	3.224103e-01	
1  342.483	2.724103e-01	1.396736e-01	3.101001e+00	-1.913415e+01	-5.649557e-02	3.224103e-01	
1  342.773	2.724103e-01	1.393650e-01	3.088465e+00	-1.913750e+01	-6.186996e-02	3.224103e-01	
1  341.749	2.479049e-01	1.393650e-01	3.088465e+00	-1.913750e+01	-6.186996e-02	2.979049e-01	
1  341.57	2.479049e-01	1.403655e-01	3.078535e+00	-1.913132e+01	-6.209351e-02	2.979049e-01	
2  341.898	2.479049e-01	1.387461e-01	3.088512e+00	-1.912502e+01	-5.129413e-02	2.979049e-01	
1  341.811	2.479049e-01	1.391488e-01	3.075717e+00	-1.912744e+01	-5.286885e-02	2.979049e-01	
1  341.802	2.501577e-01	1.391488e-01	3.075717e+00	-1.912744e+01	-5.286885e-02	3.001577e-01	
1  341.856	2.501577e-01	1.390876e-01	3.070918e+00	-1.912199e+01	-5.547692e-02	3.001577e-01	
2  341.699	2.501577e-01	1.377056e-01	3.089829e+00	-1.913219e+01	-6.482098e-02	3.001577e-01	
1  342.272	2.501577e-01	1.375501e-01	3.012093e+00	-1.912752e+01	-6.286010e-02	3.001577e-01	
1  342.551	2.692383e-01	1.375501e-01	3.012093e+00	-1.912752e+01	-6.286010e-02	3.192383e-01	
1  342.764	2.692383e-01	1.367941e-01	3.025810e+00	-1.912818e+01	-7.511752e-02	3.192383e-01	
3  342.711	2.692383e-01	1.371485e-01	2.997224e+00	-1.912347e+01	-6.640817e-02	3.192383e-01	
1  342.552	2.581245e-01	1.371485e-01	2.997224e+00	-1.912347e+01	-6.640817e-02	3.081245e-01	
1  342.711	2.581245e-01	1.365256e-01	2.992410e+00	-1.912346e+01	-6.376698e-02	3.081245e-01	
1  342.159	2.581245e-01	1.374805e-01	3.021603e+00	-1.912304e+01	-6.640045e-02	3.081245e-01	
1  342.618	2.581245e-01	1.361094e-01	3.003125e+00	-1.912071e+01	-7.086316e-02	3.081245e-01	
1  342.384	2.581245e-01	1.365205e-01	3.020172e+00	-1.911798e+01	-6.255855e-02	3.081245e-01	
1  342.673	2.809579e-01	1.365205e-01	3.020172e+00	-1.911798e+01	-6.255855e-02	3.309579e-01	
1  342.736	2.809579e-01	1.364190e-01	3.016987e+00	-1.911613e+01	-6.993864e-02	3.309579e-01	
1  342.993	2.809579e-01	1.355511e-01	3.004060e+00	-1.911588e+01	-6.785079e-02	3.309579e-01	
1  342.656	2.809579e-01	1.352203e-01	3.032872e+00	-1.911392e+01	-6.721115e-02	3.309579e-01	
1  342.796	2.809579e-01	1.339769e-01	3.038430e+00	-1.911411e+01	-6.713082e-02	3.309579e-01	
1  342.626	2.725031e-01	1.339769e-01	3.038430e+00	-1.911411e+01	-6.713082e-02	3.225031e-01	
1  342.457	2.725031e-01	1.355846e-01	3.032796e+00	-1.911234e+01	-6.858709e-02	3.225031e-01	
1  342.308	2.725031e-01	1.365124e-01	3.040933e+00	-1.910969e+01	-7.091657e-02	3.225031e-01	
1  342.041	2.725031e-01	1.390770e-01	3.063191e+00	-1.910876e+01	-8.136064e-02	3.225031e-01	
1  342.237	2.725031e-01	1.396511e-01	3.027620e+00	-1.910836e+01	-7.642754e-02	3.225031e-01	
1  342.638	2.446172e-01	1.396511e-01	3.027620e+00	-1.910836e+01	-7.642754e-02	2.946172e-01	
1  343.289	2.446172e-01	1.394440e-01	2.981599e+00	-1.911158e+01	-7.195789e-02	2.946172e-01	
2  344.331	2.446172e-01	1.399128e-01	2.950049e+00	-1.910773e+01	-7.279369e-02	2.946172e-01	
1  343.399	2.446172e-01	1.414506e-01	2.984728e+00	-1.910719e+01	-7.617010e-02	2.946172e-01	
1  343.86	2.360301e-01	1.414506e-01	2.984728e+00	-1.910719e+01	-7.617010e-02	2.860301e-01	
1  345.129	2.360301e-01	1.398671e-01	2.983020e+00	-1.909721e+01	-7.983128e-02	2.860301e-01	
1  345.137	2.360301e-01	1.413868e-01	2.993811e+00	-1.909430e+01	-8.230421e-02	2.860301e-01	
1  345.029	2.360301e-01	1.402595e-01	2.990445e+00	-1.909589e+01	-8.380311e-02	2.860301e-01	
1  343.811	2.360301e-01	1.401209e-01	3.044199e+00	-1.909842e+01	-8.020497e-02	2.860301e-01	
1  343.705	2.375489e-01	1.401209e-01	3.044199e+00	-1.909842e+01	-8.020497e-02	2.875489e-01	
1  343.949	2.375489e-01	1.399880e-01	3.041401e+00	-1.909837e+01	-7.354403e-02	2.875489e-01	
3  343.921	2.375489e-01	1.393704e-01	3.066843e+00	-1.909653e+01	-7.431960e-02	2.875489e-01	
1  344.731	2.278428e-01	1.393704e-01	3.066843e+00	-1.909653e+01	-7.431960e-02	2.778428e-01	
1  344.002	2.278428e-01	1.380752e-01	3.056843e+00	-1.910436e+01	-6.973587e-02	2.778428e-01	
1  343.485	2.278428e-01	1.369431e-01	3.085675e+00	-1.910813e+01	-6.716891e-02	2.778428e-01	
2  344.469	2.278428e-01	1.376375e-01	3.074476e+00	-1.910047e+01	-6.863161e-02	2.778428e-01	
1  344.113	2.320431e-01	1.376375e-01	3.074476e+00	-1.910047e+01	-6.863161e-02	2.820431e-01	
3  343.061	2.320431e-01	1.369118e-01	3.102258e+00	-1.910685e+01	-7.377040e-02	2.820431e-01	
1  342.58	2.320431e-01	1.353934e-01	3.093604e+00	-1.911540e+01	-7.422060e-02	2.820431e-01	
1  342.206	2.422395e-01	1.353934e-01	3.093604e+00	-1.911540e+01	-7.422060e-02	2.922395e-01	
2  342.044	2.422395e-01	1.361782e-01	3.064981e+00	-1.912054e+01	-6.824754e-02	2.922395e-01	
1  341.878	2.422395e-01	1.375180e-01	3.093689e+00	-1.911764e+01	-6.710246e-02	2.922395e-01	
1  341.535	2.422395e-01	1.392585e-01	3.101896e+00	-1.912353e+01	-6.779977e-02	2.922395e-01	
1  341.871	2.698256e-01	1.392585e-01	3.101896e+00	-1.912353e+01	-6.779977e-02	3.198256e-01	
1  342.432	2.698256e-01	1.378773e-01	3.133333e+00	-1.913136e+01	-6.519968e-02	3.198256e-01	
1  342.79	2.698256e-01	1.384035e-01	3.130909e+00	-1.913598e+01	-6.681108e-02	3.198256e-01	
1  342.662	2.698256e-01	1.359079e-01	3.125200e+00	-1.913362e+01	-6.355231e-02	3.198256e-01	
1  342.885	2.698256e-01	1.359156e-01	3.119499e+00	-1.913675e+01	-6.369056e-02	3.198256e-01	
1  342.528	2.630066e-01	1.359156e-01	3.119499e+00	-1.913675e+01	-6.369056e-02	3.130066e-01	
1  342.973	2.630066e-01	1.353658e-01	3.084205e+00	-1.914164e+01	-6.506197e-02	3.130066e-01	
1  343.829	2.630066e-01	1.346331e-01	3.062230e+00	-1.914741e+01	-6.707496e-02	3.130066e-01	
1  344.074	2.630066e-01	1.345606e-01	3.060010e+00	-1.915121e+01	-6.151876e-02	3.130066e-01	
1  344.794	2.630066e-01	1.336635e-01	3.064878e+00	-1.915496e+01	-6.324043e-02	3.130066e-01	
2  343.653	2.443389e-01	1.336635e-01	3.064878e+00	-1.915496e+01	-6.324043e-02	2.943389e-01	
1  343.452	2.443389e-01	1.338489e-01	3.077494e+00	-1.915374e+01	-6.348923e-02	2.943389e-01	
1  343.313	2.443389e-01	1.357303e-01	3.032599e+00	-1.915415e+01	-5.753630e-02	2.943389e-01	
1  343.376	2.443389e-01	1.382234e-01	3.069422e+00	-1.915807e+01	-6.050371e-02	2.943389e-01	
1  342.634	2.195991e-01	1.382234e-01	3.069422e+00	-1.915807e+01	-6.050371e-02	2.695991e-01	
2  343.287	2.195991e-01	1.364802e-01	3.023878e+00	-1.915927e+01	-6.053282e-02	2.695991e-01	
1  342.761	2.195991e-01	1.396555e-01	3.026771e+00	-1.915560e+01	-6.102802e-02	2.695991e-01	
1  342.669	2.195991e-01	1.396559e-01	3.021947e+00	-1.915165e+01	-5.410879e-02	2.695991e-01	
1  342.679	2.351585e-01	1.396559e-01	3.021947e+00	-1.915165e+01	-5.410879e-02	2.851585e-01	
1  342.421	2.351585e-01	1.389117e-01	3.041545e+00	-1.915032e+01	-5.402175e-02	2.851585e-01	
2  342.729	2.351585e-01	1.392631e-01	3.038235e+00	-1.915449e+01	-5.044740e-02	2.851585e-01	
1  342.745	2.351585e-01	1.427978e-01	3.065144e+00	-1.915237e+01	-4.175441e-02	2.851585e-01	
1  342.702	2.229730e-01	1.427978e-01	3.065144e+00	-1.915237e+01	-4.175441e-02	2.729730e-01	
1  342.714	2.229730e-01	1.396899e-01	3.069085e+00	-1.915615e+01	-4.109119e-02	2.729730e-01	
1  342.715	2.229730e-01	1.394473e-01	3.137718e+00	-1.915464e+01	-4.020547e-02	2.729730e-01	
1  343.061	2.229730e-01	1.383440e-01	3.129620e+00	-1.915527e+01	-3.285579e-02	2.729730e-01	
1  342.411	2.229730e-01	1.394534e-01	3.149676e+00	-1.915254e+01	-4.993890e-02	2.729730e-01	
2  342.414	2.236980e-01	1.394534e-01	3.149676e+00	-1.915254e+01	-4.993890e-02	2.736980e-01	
2  343.474	2.236980e-01	1.396863e-01	3.194649e+00	-1.915774e+01	-3.992663e-02	2.736980e-01	
1  343.295	2.236980e-01	1.373840e-01	3.173124e+00	-1.915792e+01	-3.782647e-02	2.736980e-01	
2  343.295	2.136731e-01	1.373840e-01	3.173124e+00	-1.915792e+01	-3.782647e-02	2.636731e-01	
1  343.054	2.136731e-01	1.386183e-01	3.144086e+00	-1.915061e+01	-3.551754e-02	2.636731e-01	
2  342.643	2.136731e-01	1.406036e-01	3.120436e+00	-1.915279e+01	-4.165984e-02	2.636731e-01	
2  342.633	2.141974e-01	1.406036e-01	3.120436e+00	-1.915279e+01	-4.165984e-02	2.641974e-01	
1  342.753	2.141974e-01	1.400333e-01	3.104187e+00	-1.915063e+01	-3.877184e-02	2.641974e-01	
1  342.99	2.141974e-01	1.410498e-01	3.066840e+00	-1.914411e+01	-3.954161e-02	2.641974e-01	
1  343.183	2.141974e-01	1.404042e-01	3.100439e+00	-1.913696e+01	-3.899333e-02	2.641974e-01	
2  343.854	2.040849e-01	1.404042e-01	3.100439e+00	-1.913696e+01	-3.899333e-02	2.540849e-01	
1  342.917	2.040849e-01	1.419935e-01	3.104445e+00	-1.913828e+01	-5.101734e-02	2.540849e-01	
1  343.691	2.040849e-01	1.416701e-01	3.084978e+00	-1.913317e+01	-4.620785e-02	2.540849e-01	
1  344.33	2.040849e-01	1.440835e-01	3.060692e+00	-1.913678e+01	-3.904316e-02	2.540849e-01	
1  343.842	2.108402e-01	1.440835e-01	3.060692e+00	-1.913678e+01	-3.904316e-02	2.608402e-01	
1  343.449	2.108402e-01	1.439520e-01	3.095437e+00	-1.914492e+01	-3.584068e-02	2.608402e-01	
1  342.84	2.108402e-01	1.439251e-01	3.119418e+00	-1.914374e+01	-4.434568e-02	2.608402e-01	
1  342.852	2.108402e-01	1.443148e-01	3.136163e+00	-1.914944e+01	-4.430293e-02	2.608402e-01	
1  343.236	2.108402e-01	1.442835e-01	3.190905e+00	-1.914687e+01	-4.582366e-02	2.608402e-01	
1  343.13	2.158580e-01	1.442835e-01	3.190905e+00	-1.914687e+01	-4.582366e-02	2.658580e-01	
2  342.832	2.158580e-01	1.451183e-01	3.154663e+00	-1.915418e+01	-5.066208e-02	2.658580e-01	
1  343.581	2.158580e-01	1.457599e-01	3.196120e+00	-1.914726e+01	-4.255613e-02	2.658580e-01	
2  343.23	2.158580e-01	1.460374e-01	3.167163e+00	-1.914750e+01	-4.347599e-02	2.658580e-01	
2  343.4	2.158580e-01	1.467949e-01	3.122892e+00	-1.914180e+01	-4.008243e-02	2.658580e-01	
1  343.606	2.158580e-01	1.460273e-01	3.127836e+00	-1.914391e+01	-3.536944e-02	2.658580e-01	
1  343.462	2.158580e-01	1.466704e-01	3.130897e+00	-1.914807e+01	-3.780279e-02	2.658580e-01	
1  343.422	2.176658e-01	1.466704e-01	3.130897e+00	-1.914807e+01	-3.780279e-02	2.676658e-01	
1  343.079	2.176658e-01	1.470354e-01	3.122175e+00	-1.914479e+01	-4.360596e-02	2.676658e-01	
1  343.267	2.176658e-01	1.454733e-01	3.087598e+00	-1.914463e+01	-3.752213e-02	2.676658e-01	
1  343.632	2.176658e-01	1.460611e-01	3.057846e+00	-1.915133e+01	-3.494119e-02	2.676658e-01	
3  344.42	2.176658e-01	1.464866e-01	3.008391e+00	-1.915277e+01	-3.288288e-02	2.676658e-01	
1  344.215	2.176658e-01	1.469071e-01	2.997195e+00	-1.915621e+01	-3.987616e-02	2.676658e-01	
1  344.534	2.176658e-01	1.466611e-01	3.013183e+00	-1.916963e+01	-4.361515e-02	2.676658e-01	
1  344.811	2.176658e-01	1.478937e-01	3.033816e+00	-1.917095e+01	-3.900097e-02	2.676658e-01	
1  344.953	1.936982e-01	1.478937e-01	3.033816e+00	-1.917095e+01	-3.900097e-02	2.436982e-01	
2  345.271	1.936982e-01	1.470700e-01	3.027356e+00	-1.916874e+01	-3.191676e-02	2.436982e-01	
1  344.702	1.936982e-01	1.466562e-01	3.093250e+00	-1.916906e+01	-3.192142e-02	2.436982e-01	
1  344.638	1.936982e-01	1.475395e-01	3.072232e+00	-1.916792e+01	-3.598490e-02	2.436982e-01	
2  344.574	1.956634e-01	1.475395e-01	3.072232e+00	-1.916792e+01	-3.598490e-02	2.456634e-01	
1  344.406	1.956634e-01	1.475572e-01	3.062542e+00	-1.916045e+01	-3.777785e-02	2.456634e-01	
1  344.075	1.956634e-01	1.481831e-01	3.060420e+00	-1.916004e+01	-4.519592e-02	2.456634e-01	
1  343.82	1.956634e-01	1.484754e-01	3.085120e+00	-1.915851e+01	-4.820305e-02	2.456634e-01	
3  343.437	2.124515e-01	1.484754e-01	3.085120e+00	-1.915851e+01	-4.820305e-02	2.624515e-01	
2  343.324	2.124515e-01	1.494527e-01	3.105219e+00	-1.915693e+01	-5.647491e-02	2.624515e-01	
3  343.568	2.292500e-01	1.494527e-01	3.105219e+00	-1.915693e+01	-5.647491e-02	2.792500e-01	
1  343.328	2.292500e-01	1.489880e-01	3.119610e+00	-1.915483e+01	-5.916794e-02	2.792500e-01	
1  343.293	2.292500e-01	1.483574e-01	3.120706e+00	-1.915544e+01	-5.469431e-02	2.792500e-01	
1  344.103	2.479832e-01	1.483574e-01	3.120706e+00	-1.915544e+01	-5.469431e-02	2.979832e-01	
1  345.007	2.479832e-01	1.485384e-01	3.126701e+00	-1.916167e+01	-4.737409e-02	2.979832e-01	
1  344.633	2.479832e-01	1.489030e-01	3.103521e+00	-1.915873e+01	-4.499390e-02	2.979832e-01	
2  344.612	2.479832e-01	1.482008e-01	3.082793e+00	-1.915742e+01	-3.567943e-02	2.979832e-01	
1  345.047	2.558722e-01	1.482008e-01	3.082793e+00	-1.915742e+01	-3.567943e-02	3.058722e-01	
1  344.811	2.558722e-01	1.472412e-01	3.023259e+00	-1.915464e+01	-3.527222e-02	3.058722e-01	
1  344.705	2.558722e-01	1.450492e-01	3.001286e+00	-1.915761e+01	-4.208698e-02	3.058722e-01	
1  344.259	2.558722e-01	1.413393e-01	3.007869e+00	-1.915363e+01	-3.132888e-02	3.058722e-01	
1  344.663	2.558722e-01	1.417756e-01	3.001884e+00	-1.915610e+01	-2.940018e-02	3.058722e-01	
1  345.523	2.706509e-01	1.417756e-01	3.001884e+00	-1.915610e+01	-2.940018e-02	3.206509e-01	
1  344.885	2.706509e-01	1.428889e-01	3.018789e+00	-1.915172e+01	-3.193461e-02	3.206509e-01	
1  344.809	2.706509e-01	1.438743e-01	3.019649e+00	-1.914607e+01	-2.728083e-02	3.206509e-01	
1  345.378	2.706509e-01	1.436626e-01	3.028601e+00	-1.915306e+01	-2.543944e-02	3.206509e-01	
1  344.937	2.706509e-01	1.442196e-01	3.022062e+00	-1.914743e+01	-2.720874e-02	3.206509e-01	
1  344.761	2.672877e-01	1.442196e-01	3.022062e+00	-1.914743e+01	-2.720874e-02	3.172877e-01	
1  344.029	2.672877e-01	1.461276e-01	3.052305e+00	-1.914218e+01	-3.546957e-02	3.172877e-01	
2  344.22	2.672877e-01	1.452697e-01	3.024338e+00	-1.913825e+01	-3.063903e-02	3.172877e-01	
1  343.637	2.672877e-01	1.452334e-01	3.056081e+00	-1.913095e+01	-3.331382e-02	3.172877e-01	
2  343.91	2.310353e-01	1.452334e-01	3.056081e+00	-1.913095e+01	-3.331382e-02	2.810353e-01	
1  343.617	2.310353e-01	1.452614e-01	3.080462e+00	-1.913065e+01	-3.489849e-02	2.810353e-01	
1  342.628	2.310353e-01	1.450907e-01	3.122454e+00	-1.913589e+01	-4.362956e-02	2.810353e-01	
1  342.362	2.310353e-01	1.454168e-01	3.118580e+00	-1.913398e+01	-4.921814e-02	2.810353e-01	
1  342.846	2.667151e-01	1.454168e-01	3.118580e+00	-1.913398e+01	-4.921814e-02	3.167151e-01	
1  342.836	2.667151e-01	1.445192e-01	3.121405e+00	-1.913316e+01	-4.547848e-02	3.167151e-01	
2  343.194	2.667151e-01	1.453974e-01	3.150287e+00	-1.913720e+01	-5.301445e-02	3.167151e-01	
1  343.302	2.667151e-01	1.451994e-01	3.150229e+00	-1.913937e+01	-5.549099e-02	3.167151e-01	
1  342.221	2.287729e-01	1.451994e-01	3.150229e+00	-1.913937e+01	-5.549099e-02	2.787729e-01	
1  342.583	2.287729e-01	1.442365e-01	3.096280e+00	-1.915316e+01	-4.724980e-02	2.787729e-01	
1  342.921	2.287729e-01	1.423023e-01	3.055079e+00	-1.915786e+01	-4.336802e-02	2.787729e-01	
1  342.936	2.287729e-01	1.407741e-01	3.039254e+00	-1.915760e+01	-4.410316e-02	2.787729e-01	
1  342.874	2.287729e-01	1.397716e-01	3.079919e+00	-1.915941e+01	-4.169828e-02	2.787729e-01	
1  342.834	2.259972e-01	1.397716e-01	3.079919e+00	-1.915941e+01	-4.169828e-02	2.759972e-01	
2  342.727	2.259972e-01	1.392206e-01	3.090873e+00	-1.915998e+01	-5.668318e-02	2.759972e-01	
1  343.492	2.259972e-01	1.410491e-01	3.107032e+00	-1.916387e+01	-6.897052e-02	2.759972e-01	
2  342.442	2.259972e-01	1.423984e-01	3.097825e+00	-1.915322e+01	-7.116117e-02	2.759972e-01	
1  342.624	2.259972e-01	1.426169e-01	3.104266e+00	-1.915617e+01	-6.803637e-02	2.759972e-01	
1  343.2	2.259972e-01	1.440693e-01	3.060956e+00	-1.915835e+01	-7.423153e-02	2.759972e-01	
2  343.41	2.259972e-01	1.446556e-01	3.044008e+00	-1.915884e+01	-7.464467e-02	2.759972e-01	
1  343.358	2.242378e-01	1.446556e-01	3.044008e+00	-1.915884e+01	-7.464467e-02	2.742378e-01	
1  343.585	2.242378e-01	1.442228e-01	3.007604e+00	-1.915642e+01	-7.704724e-02	2.742378e-01	
1  344.081	2.242378e-01	1.434809e-01	2.992042e+00	-1.915648e+01	-8.211042e-02	2.742378e-01	
1  343.565	2.242378e-01	1.423886e-01	2.983134e+00	-1.914703e+01	-8.393346e-02	2.742378e-01	
1  344.453	2.242378e-01	1.421789e-01	2.970724e+00	-1.915212e+01	-8.783133e-02	2.742378e-01	
1  344.487	2.263844e-01	1.421789e-01	2.970724e+00	-1.915212e+01	-8.783133e-02	2.763844e-01	
1  344.558	2.263844e-01	1.409988e-01	2.959083e+00	-1.915321e+01	-8.303708e-02	2.763844e-01	
1  345.033	2.263844e-01	1.405640e-01	2.950274e+00	-1.915533e+01	-8.363820e-02	2.763844e-01	
1  344.984	2.263844e-01	1.402515e-01	2.930984e+00	-1.915573e+01	-7.302841e-02	2.763844e-01	
1  344.645	2.263844e-01	1.402505e-01	2.961035e+00	-1.915591e+01	-8.042839e-02	2.763844e-01	
1  344.712	2.294323e-01	1.402505e-01	2.961035e+00	-1.915591e+01	-8.042839e-02	2.794323e-01	
1  345.404	2.294323e-01	1.389594e-01	2.951871e+00	-1.915652e+01	-8.461634e-02	2.794323e-01	
1  344.255	2.294323e-01	1.388180e-01	2.973196e+00	-1.914652e+01	-8.790532e-02	2.794323e-01	
2  344.328	2.294323e-01	1.377477e-01	2.975365e+00	-1.913940e+01	-9.356951e-02	2.794323e-01	
2  345.608	1.943904e-01	1.377477e-01	2.975365e+00	-1.913940e+01	-9.356951e-02	2.443904e-01	
1  344.908	1.943904e-01	1.385783e-01	2.999250e+00	-1.914133e+01	-9.405855e-02	2.443904e-01	
1  345.407	1.943904e-01	1.378412e-01	2.988865e+00	-1.913882e+01	-9.592375e-02	2.443904e-01	
1  344.583	1.943904e-01	1.381672e-01	3.011100e+00	-1.913815e+01	-8.998475e-02	2.443904e-01	
2  343.918	2.050431e-01	1.381672e-01	3.011100e+00	-1.913815e+01	-8.998475e-02	2.550431e-01	
1  344.128	2.050431e-01	1.376023e-01	3.040224e+00	-1.913507e+01	-9.941680e-02	2.550431e-01	
2  343.596	2.050431e-01	1.380738e-01	3.085253e+00	-1.913935e+01	-9.854404e-02	2.550431e-01	
1  343.399	2.323144e-01	1.380738e-01	3.085253e+00	-1.913935e+01	-9.854404e-02	2.823144e-01	
1  343.655	2.323144e-01	1.394337e-01	3.044304e+00	-1.913918e+01	-1.005301e-01	2.823144e-01	
1  342.526	2.323144e-01	1.398849e-01	3.074258e+00	-1.913386e+01	-9.375161e-02	2.823144e-01	
2  342.367	2.323144e-01	1.391582e-01	3.115059e+00	-1.914018e+01	-8.574773e-02	2.823144e-01	
1  342.3	2.240631e-01	1.391582e-01	3.115059e+00	-1.914018e+01	-8.574773e-02	2.740631e-01	
1  342.066	2.240631e-01	1.380698e-01	3.143406e+00	-1.914001e+01	-7.558106e-02	2.740631e-01	
1  342.074	2.240631e-01	1.398587e-01	3.156269e+00	-1.914045e+01	-7.641284e-02	2.740631e-01	
1  342.069	2.240631e-01	1.387461e-01	3.108321e+00	-1.913532e+01	-8.374805e-02	2.740631e-01	
2  341.922	2.240631e-01	1.405828e-01	3.112392e+00	-1.912954e+01	-8.504544e-02	2.740631e-01	
1  341.84	2.240631e-01	1.417951e-01	3.090637e+00	-1.912710e+01	-8.088303e-02	2.740631e-01	
2  342.076	2.240631e-01	1.419866e-01	3.081311e+00	-1.912169e+01	-8.341316e-02	2.740631e-01	
1  342.649	2.240631e-01	1.442713e-01	3.016514e+00	-1.912468e+01	-8.302406e-02	2.740631e-01	
1  343.563	2.078220e-01	1.442713e-01	3.016514e+00	-1.912468e+01	-8.302406e-02	2.578220e-01	
1  342.975	2.078220e-01	1.436502e-01	3.026476e+00	-1.913409e+01	-8.381217e-02	2.578220e-01	
1  343.407	2.078220e-01	1.478348e-01	3.015900e+00	-1.913227e+01	-7.946952e-02	2.578220e-01	
1  343.17	2.078220e-01	1.491082e-01	3.042071e+00	-1.913365e+01	-7.865924e-02	2.578220e-01	
1  343.733	2.078220e-01	1.502982e-01	3.017789e+00	-1.914113e+01	-8.743515e-02	2.578220e-01	
1  343.485	2.229310e-01	1.502982e-01	3.017789e+00	-1.914113e+01	-8.743515e-02	2.729310e-01	
3  343.899	2.229310e-01	1.514333e-01	3.032539e+00	-1.914755e+01	-8.686765e-02	2.729310e-01	
2  343.912	2.229310e-01	1.512171e-01	3.007632e+00	-1.914277e+01	-8.833989e-02	2.729310e-01	
1  343.405	2.229310e-01	1.492238e-01	3.035297e+00	-1.913952e+01	-9.502650e-02	2.729310e-01	
1  343.583	2.229310e-01	1.490663e-01	3.026296e+00	-1.913519e+01	-9.986771e-02	2.729310e-01	
1  343.529	2.229310e-01	1.494520e-01	3.002704e+00	-1.913212e+01	-9.296399e-02	2.729310e-01	
2  342.764	2.229310e-01	1.476244e-01	3.041436e+00	-1.912347e+01	-9.101009e-02	2.729310e-01	
1  342.869	2.229310e-01	1.492948e-01	3.072326e+00	-1.912128e+01	-9.519627e-02	2.729310e-01	
1  342.747	2.229310e-01	1.488160e-01	3.078665e+00	-1.912216e+01	-9.507228e-02	2.729310e-01	
1  343.24	2.229310e-01	1.494802e-01	3.075523e+00	-1.911214e+01	-9.218731e-02	2.729310e-01	
1  343.066	2.229310e-01	1.500594e-01	3.055676e+00	-1.911887e+01	-8.803180e-02	2.729310e-01	
1  342.671	2.554940e-01	1.500594e-01	3.055676e+00	-1.911887e+01	-8.803180e-02	3.054940e-01	
1  342.725	2.554940e-01	1.490526e-01	3.033357e+00	-1.912011e+01	-8.908156e-02	3.054940e-01	
2  342.291	2.554940e-01	1.486024e-01	3.065581e+00	-1.911920e+01	-8.453031e-02	3.054940e-01	
1  342.492	2.554940e-01	1.495339e-01	3.067617e+00	-1.911083e+01	-8.671679e-02	3.054940e-01	
1  342.518	2.601970e-01	1.495339e-01	3.067617e+00	-1.911083e+01	-8.671679e-02	3.101970e-01	
1  342.282	2.601970e-01	1.480455e-01	3.054244e+00	-1.911259e+01	-8.253854e-02	3.101970e-01	
1  342.294	2.601970e-01	1.478798e-01	3.057857e+00	-1.910988e+01	-8.455520e-02	3.101970e-01	
2  342.116	2.601970e-01	1.455416e-01	3.054038e+00	-1.911198e+01	-8.827402e-02	3.101970e-01	
1  342.127	2.613512e-01	1.455416e-01	3.054038e+00	-1.911198e+01	-8.827402e-02	3.113512e-01	
2  342.152	2.613512e-01	1.452557e-01	3.098396e+00	-1.910171e+01	-8.138591e-02	3.113512e-01	
1  342.045	2.613512e-01	1.434101e-01	3.131380e+00	-1.910287e+01	-7.966975e-02	3.113512e-01	
1  342.368	2.613512e-01	1.442078e-01	3.146741e+00	-1.909915e+01	-8.087991e-02	3.113512e-01	
1  342.332	2.678470e-01	1.442078e-01	3.146741e+00	-1.909915e+01	-8.087991e-02	3.178470e-01	
1  342.068	2.678470e-01	1.426819e-01	3.146813e+00	-1.910736e+01	-8.512491e-02	3.178470e-01	
1  342.193	2.678470e-01	1.402982e-01	3.134557e+00	-1.911439e+01	-8.867875e-02	3.178470e-01	
1  342.654	2.678470e-01	1.393906e-01	3.105737e+00	-1.911986e+01	-9.380752e-02	3.178470e-01	
1  343.158	2.678470e-01	1.376750e-01	3.129041e+00	-1.912412e+01	-9.347355e-02	3.178470e-01	
2  342.447	2.454344e-01	1.376750e-01	3.129041e+00	-1.912412e+01	-9.347355e-02	2.954344e-01	
1  342.549	2.454344e-01	1.356680e-01	3.106040e+00	-1.911855e+01	-9.237914e-02	2.954344e-01	
1  342.785	2.454344e-01	1.355720e-01	3.104591e+00	-1.911263e+01	-9.549506e-02	2.954344e-01	
1  343.109	2.454344e-01	1.350538e-01	3.123708e+00	-1.911755e+01	-9.920003e-02	2.954344e-01	
1  343.22	2.336513e-01	1.350538e-01	3.123708e+00	-1.911755e+01	-9.920003e-02	2.836513e-01	
1  342.928	2.336513e-01	1.360988e-01	3.146410e+00	-1.912635e+01	-9.601445e-02	2.836513e-01	
1  342.78	2.336513e-01	1.351075e-01	3.157112e+00	-1.912473e+01	-9.013542e-02	2.836513e-01	
2  342.37	2.336513e-01	1.368380e-01	3.179319e+00	-1.912114e+01	-8.080449e-02	2.836513e-01	
1  342.492	2.595523e-01	1.368380e-01	3.179319e+00	-1.912114e+01	-8.080449e-02	3.095523e-01	
1  342.155	2.595523e-01	1.371868e-01	3.135935e+00	-1.911627e+01	-8.572187e-02	3.095523e-01	
1  342.299	2.595523e-01	1.371260e-01	3.167425e+00	-1.911122e+01	-8.318364e-02	3.095523e-01	
1  342.209	2.595523e-01	1.363469e-01	3.167728e+00	-1.911468e+01	-7.593255e-02	3.095523e-01	
4  342.141	2.595523e-01	1.370815e-01	3.172955e+00	-1.912138e+01	-6.963000e-02	3.095523e-01	
1  342.289	2.595523e-01	1.361281e-01	3.163018e+00	-1.912399e+01	-7.488367e-02	3.095523e-01	
1  342.209	2.595523e-01	1.349886e-01	3.147072e+00	-1.912207e+01	-7.312110e-02	3.095523e-01	
1  342.267	2.621656e-01	1.349886e-01	3.147072e+00	-1.912207e+01	-7.312110e-02	3.121656e-01	
1  342.555	2.621656e-01	1.341225e-01	3.122747e+00	-1.910506e+01	-7.807358e-02	3.121656e-01	
1  342.523	2.621656e-01	1.354012e-01	3.144641e+00	-1.910284e+01	-7.482197e-02	3.121656e-01	
1  342.878	2.621656e-01	1.350248e-01	3.162186e+00	-1.910029e+01	-7.199037e-02	3.121656e-01	
2  342.872	2.621656e-01	1.361335e-01	3.148169e+00	-1.909647e+01	-8.419817e-02	3.121656e-01	
1  343.484	2.621656e-01	1.349146e-01	3.130402e+00	-1.909177e+01	-9.143410e-02	3.121656e-01	
1  343.997	2.621656e-01	1.341976e-01	3.126021e+00	-1.908901e+01	-9.648551e-02	3.121656e-01	
2  343.849	2.621656e-01	1.346295e-01	3.125874e+00	-1.908890e+01	-9.422031e-02	3.121656e-01	
1  343.696	2.687660e-01	1.346295e-01	3.125874e+00	-1.908890e+01	-9.422031e-02	3.187660e-01	
1  344.119	2.687660e-01	1.322178e-01	3.085000e+00	-1.909323e+01	-9.624612e-02	3.187660e-01	
1  343.859	2.687660e-01	1.356836e-01	3.062049e+00	-1.909184e+01	-1.025698e-01	3.187660e-01	
1  344.203	2.687660e-01	1.338474e-01	3.062644e+00	-1.909748e+01	-1.053265e-01	3.187660e-01	
1  344.44	2.687660e-01	1.330003e-01	3.046295e+00	-1.910177e+01	-1.046905e-01	3.187660e-01	
1  344.432	2.669036e-01	1.330003e-01	3.046295e+00	-1.910177e+01	-1.046905e-01	3.169036e-01	
4  343.376	2.669036e-01	1.344545e-01	3.086535e+00	-1.910358e+01	-9.937383e-02	3.169036e-01	
1  343.388	2.569441e-01	1.344545e-01	3.086535e+00	-1.910358e+01	-9.937383e-02	3.069441e-01	
1  343.592	2.569441e-01	1.356182e-01	3.093997e+00	-1.909560e+01	-1.013130e-01	3.069441e-01	
4  343.323	2.569441e-01	1.366858e-01	3.123070e+00	-1.909815e+01	-1.032289e-01	3.069441e-01	
1  343.603	2.569441e-01	1.370715e-01	3.070220e+00	-1.909444e+01	-1.026630e-01	3.069441e-01	
1  343.088	2.569441e-01	1.363704e-01	3.088943e+00	-1.909997e+01	-9.840245e-02	3.069441e-01	
2  343.164	2.569441e-01	1.354227e-01	3.072292e+00	-1.910161e+01	-9.601141e-02	3.069441e-01	
1  343.157	2.574042e-01	1.354227e-01	3.072292e+00	-1.910161e+01	-9.601141e-02	3.074042e-01	
1  343.039	2.574042e-01	1.359738e-01	3.064713e+00	-1.910382e+01	-9.645132e-02	3.074042e-01	
1  343.349	2.574042e-01	1.358351e-01	3.059235e+00	-1.910354e+01	-1.005850e-01	3.074042e-01	
1  343.024	2.574042e-01	1.351281e-01	3.049889e+00	-1.910857e+01	-9.306747e-02	3.074042e-01	
1  342.817	2.574042e-01	1.364392e-01	3.060494e+00	-1.910564e+01	-9.412859e-02	3.074042e-01	
1  342.807	2.585657e-01	1.364392e-01	3.060494e+00	-1.910564e+01	-9.412859e-02	3.085657e-01	
1  342.79	2.585657e-01	1.364646e-01	3.067556e+00	-1.910529e+01	-9.473891e-02	3.085657e-01	
1  343.595	2.585657e-01	1.337711e-01	3.031622e+00	-1.911134e+01	-9.498710e-02	3.085657e-01	
2  343.377	2.585657e-01	1.345223e-01	3.045923e+00	-1.911300e+01	-9.678317e-02	3.085657e-01	
1  343.537	2.689327e-01	1.345223e-01	3.045923e+00	-1.911300e+01	-9.678317e-02	3.189327e-01	
1  343.271	2.689327e-01	1.360108e-01	3.014292e+00	-1.911208e+01	-9.187778e-02	3.189327e-01	
1  342.855	2.689327e-01	1.354800e-01	3.044273e+00	-1.911011e+01	-8.929761e-02	3.189327e-01	
2  342.882	2.689327e-01	1.363319e-01	3.061073e+00	-1.910077e+01	-9.298861e-02	3.189327e-01	
1  342.909	2.631650e-01	1.363319e-01	3.061073e+00	-1.910077e+01	-9.298861e-02	3.131650e-01	
1  342.482	2.631650e-01	1.363293e-01	3.049686e+00	-1.910643e+01	-8.328473e-02	3.131650e-01	
1  342.415	2.631650e-01	1.360638e-01	3.051140e+00	-1.911113e+01	-8.393449e-02	3.131650e-01	
1  342.203	2.631650e-01	1.352545e-01	3.082674e+00	-1.911085e+01	-7.806863e-02	3.131650e-01	
1  342.091	2.631650e-01	1.362847e-01	3.128384e+00	-1.910798e+01	-7.378623e-02	3.131650e-01	
1  342.157	2.551742e-01	1.362847e-01	3.128384e+00	-1.910798e+01	-7.378623e-02	3.051742e-01	
1  342.236	2.551742e-01	1.348787e-01	3.127593e+00	-1.911071e+01	-7.044994e-02	3.051742e-01	
1  342.59	2.551742e-01	1.343508e-01	3.167703e+00	-1.910998e+01	-6.877015e-02	3.051742e-01	
1  342.39	2.551742e-01	1.362111e-01	3.142718e+00	-1.910632e+01	-6.785858e-02	3.051742e-01	
1  342.894	2.551742e-01	1.368543e-01	3.076564e+00	-1.909878e+01	-7.215843e-02	3.051742e-01	
1  342.544	2.677771e-01	1.368543e-01	3.076564e+00	-1.909878e+01	-7.215843e-02	3.177771e-01	
1  343.173	2.677771e-01	1.358505e-01	3.102255e+00	-1.909098e+01	-7.819823e-02	3.177771e-01	
1  343.947	2.677771e-01	1.333045e-01	3.075126e+00	-1.908908e+01	-7.914671e-02	3.177771e-01	
1  343.506	2.677771e-01	1.341622e-01	3.085626e+00	-1.909169e+01	-7.361518e-02	3.177771e-01	
1  343.72	2.677771e-01	1.321160e-01	3.066091e+00	-1.909572e+01	-7.045907e-02	3.177771e-01	
1  343.893	2.624558e-01	1.321160e-01	3.066091e+00	-1.909572e+01	-7.045907e-02	3.124558e-01	
1  343.641	2.624558e-01	1.325427e-01	3.067301e+00	-1.909637e+01	-7.671759e-02	3.124558e-01	
1  344.147	2.624558e-01	1.319329e-01	3.094682e+00	-1.909206e+01	-7.083201e-02	3.124558e-01	
1  343.55	2.624558e-01	1.328850e-01	3.114695e+00	-1.909467e+01	-7.327967e-02	3.124558e-01	
1  343.137	2.624558e-01	1.315652e-01	3.109935e+00	-1.910419e+01	-6.790796e-02	3.124558e-01	
1  343.056	2.774662e-01	1.315652e-01	3.109935e+00	-1.910419e+01	-6.790796e-02	3.274662e-01	
1  343.075	2.774662e-01	1.316447e-01	3.109025e+00	-1.910670e+01	-5.813098e-02	3.274662e-01	
1  343.476	2.774662e-01	1.306242e-01	3.089916e+00	-1.910518e+01	-5.528411e-02	3.274662e-01	
1  343.663	2.774662e-01	1.318509e-01	3.016120e+00	-1.911208e+01	-5.093908e-02	3.274662e-01	
1  343.24	2.774662e-01	1.336098e-01	3.019560e+00	-1.911209e+01	-5.239735e-02	3.274662e-01	
2  343.361	2.612062e-01	1.336098e-01	3.019560e+00	-1.911209e+01	-5.239735e-02	3.112062e-01	
2  342.67	2.612062e-01	1.337745e-01	3.041102e+00	-1.911868e+01	-5.410423e-02	3.112062e-01	
1  342.444	2.612062e-01	1.342638e-01	3.073987e+00	-1.912510e+01	-4.735166e-02	3.112062e-01	
1  343.82	2.983609e-01	1.342638e-01	3.073987e+00	-1.912510e+01	-4.735166e-02	3.483609e-01	
1  343.395	2.983609e-01	1.350825e-01	3.072460e+00	-1.911506e+01	-4.619701e-02	3.483609e-01	
1  343.631	2.983609e-01	1.342582e-01	3.063543e+00	-1.911714e+01	-4.376516e-02	3.483609e-01	
1  343.689	2.983609e-01	1.357796e-01	3.067885e+00	-1.912405e+01	-4.477580e-02	3.483609e-01	
2  343.452	2.983609e-01	1.359006e-01	3.061919e+00	-1.912166e+01	-5.083705e-02	3.483609e-01	
2  343.705	2.983609e-01	1.340415e-01	3.067215e+00	-1.912312e+01	-5.052881e-02	3.483609e-01	
1  344.069	2.983609e-01	1.335633e-01	3.060669e+00	-1.912740e+01	-5.008487e-02	3.483609e-01	
1  343.946	2.983609e-01	1.340556e-01	3.044080e+00	-1.912354e+01	-4.435466e-02	3.483609e-01	
1  344.357	3.047210e-01	1.340556e-01	3.044080e+00	-1.912354e+01	-4.435466e-02	3.547210e-01	
1  344.461	3.047210e-01	1.343514e-01	3.046257e+00	-1.912469e+01	-4.112938e-02	3.547210e-01	
1  344.722	3.047210e-01	1.330030e-01	3.042072e+00	-1.912583e+01	-4.084677e-02	3.547210e-01	
1  344.364	3.047210e-01	1.331713e-01	3.052687e+00	-1.911982e+01	-4.014434e-02	3.547210e-01	
1  344.849	3.047210e-01	1.340146e-01	3.051698e+00	-1.912459e+01	-3.162941e-02	3.547210e-01	
1  344.738	3.029530e-01	1.340146e-01	3.051698e+00	-1.912459e+01	-3.162941e-02	3.529530e-01	
1  344.875	3.029530e-01	1.340254e-01	3.054924e+00	-1.912875e+01	-3.275004e-02	3.529530e-01	
1  344.187	3.029530e-01	1.349325e-01	3.042032e+00	-1.912414e+01	-4.459909e-02	3.529530e-01	
1  344.035	3.029530e-01	1.369338e-01	3.013312e+00	-1.911711e+01	-4.396111e-02	3.529530e-01	
1  343.899	3.029530e-01	1.372862e-01	3.021135e+00	-1.911417e+01	-4.356461e-02	3.529530e-01	
1  343.31	2.863511e-01	1.372862e-01	3.021135e+00	-1.911417e+01	-4.356461e-02	3.363511e-01	
2  343.07	2.863511e-01	1.394953e-01	3.052122e+00	-1.911544e+01	-4.201786e-02	3.363511e-01	
1  342.947	2.863511e-01	1.396484e-01	3.039232e+00	-1.912135e+01	-4.646441e-02	3.363511e-01	
1  343.226	2.863511e-01	1.408278e-01	3.023489e+00	-1.911692e+01	-4.380950e-02	3.363511e-01	
1  343.014	2.766482e-01	1.408278e-01	3.023489e+00	-1.911692e+01	-4.380950e-02	3.266482e-01	
1  342.513	2.766482e-01	1.385633e-01	3.029486e+00	-1.912449e+01	-5.421741e-02	3.266482e-01	
1  342.31	2.766482e-01	1.389904e-01	3.043470e+00	-1.911782e+01	-5.424335e-02	3.266482e-01	
1  342.118	2.766482e-01	1.403589e-01	3.044918e+00	-1.911740e+01	-6.155941e-02	3.266482e-01	
1  342.061	2.766482e-01	1.387656e-01	3.059765e+00	-1.911814e+01	-6.154248e-02	3.266482e-01	
1  341.822	2.629952e-01	1.387656e-01	3.059765e+00	-1.911814e+01	-6.154248e-02	3.129952e-01	
1  341.832	2.629952e-01	1.410546e-01	3.043957e+00	-1.911709e+01	-6.620122e-02	3.129952e-01	
1  342.095	2.629952e-01	1.414224e-01	3.023851e+00	-1.911998e+01	-6.092296e-02	3.129952e-01	
1  341.916	2.629952e-01	1.425057e-01	3.066167e+00	-1.911889e+01	-5.710372e-02	3.129952e-01	
1  341.981	2.629952e-01	1.420734e-01	3.061390e+00	-1.912046e+01	-5.465750e-02	3.129952e-01	
2  342.26	2.769102e-01	1.420734e-01	3.061390e+00	-1.912046e+01	-5.465750e-02	3.269102e-01	
2  342.512	2.769102e-01	1.436473e-01	3.091231e+00	-1.912687e+01	-5.474624e-02	3.269102e-01	
2  342.314	2.769102e-01	1.434989e-01	3.117696e+00	-1.911851e+01	-5.613012e-02	3.269102e-01	
1  342.478	2.769102e-01	1.430423e-01	3.132453e+00	-1.912277e+01	-5.485648e-02	3.269102e-01	
1  342.38	2.769102e-01	1.426746e-01	3.138691e+00	-1.912280e+01	-6.161791e-02	3.269102e-01	
1  342.391	2.769102e-01	1.438426e-01	3.122868e+00	-1.912357e+01	-6.261152e-02	3.269102e-01	
1  342.164	2.769102e-01	1.423403e-01	3.101838e+00	-1.912313e+01	-6.359445e-02	3.269102e-01	
1  341.546	2.521070e-01	1.423403e-01	3.101838e+00	-1.912313e+01	-6.359445e-02	3.021070e-01	
1  341.96	2.521070e-01	1.438565e-01	3.074346e+00	-1.912932e+01	-5.318826e-02	3.021070e-01	
2  342.016	2.521070e-01	1.443372e-01	3.071312e+00	-1.912044e+01	-5.655987e-02	3.021070e-01	
1  341.948	2.521070e-01	1.445840e-01	3.074273e+00	-1.912196e+01	-5.745552e-02	3.021070e-01	
1  341.956	2.504788e-01	1.445840e-01	3.074273e+00	-1.912196e+01	-5.745552e-02	3.004788e-01	
2  341.798	2.504788e-01	1.446890e-01	3.071023e+00	-1.912089e+01	-6.363796e-02	3.004788e-01	
1  341.998	2.504788e-01	1.463671e-01	3.085693e+00	-1.912505e+01	-6.001347e-02	3.004788e-01	
1  341.761	2.504788e-01	1.460267e-01	3.107038e+00	-1.912314e+01	-6.980050e-02	3.004788e-01	
1  341.869	2.581067e-01	1.460267e-01	3.107038e+00	-1.912314e+01	-6.980050e-02	3.081067e-01	
1  341.886	2.581067e-01	1.438137e-01	3.112219e+00	-1.911633e+01	-6.007572e-02	3.081067e-01	
1  341.845	2.581067e-01	1.447323e-01	3.110190e+00	-1.911537e+01	-6.479354e-02	3.081067e-01	
1  342.469	2.581067e-01	1.456038e-01	3.149123e+00	-1.911218e+01	-5.887937e-02	3.081067e-01	
1  342.494	2.581067e-01	1.468429e-01	3.119221e+00	-1.910471e+01	-6.829545e-02	3.081067e-01	
1  342.445	2.705019e-01	1.468429e-01	3.119221e+00	-1.910471e+01	-6.829545e-02	3.205019e-01	
1  342.133	2.705019e-01	1.463898e-01	3.099904e+00	-1.910932e+01	-7.097435e-02	3.205019e-01	
2  342.216	2.705019e-01	1.464650e-01	3.110119e+00	-1.911976e+01	-7.284710e-02	3.205019e-01	
1  342.143	2.705019e-01	1.450529e-01	3.143234e+00	-1.911539e+01	-7.218116e-02	3.205019e-01	
1  342.438	2.786224e-01	1.450529e-01	3.143234e+00	-1.911539e+01	-7.218116e-02	3.286224e-01	
1  342.199	2.786224e-01	1.438735e-01	3.131324e+00	-1.910985e+01	-6.704460e-02	3.286224e-01	
1  342.411	2.786224e-01	1.441544e-01	3.140378e+00	-1.910116e+01	-7.018814e-02	3.286224e-01	
1  342.668	2.786224e-01	1.452346e-01	3.169128e+00	-1.910766e+01	-6.910213e-02	3.286224e-01	
1  342.88	2.786224e-01	1.460831e-01	3.167805e+00	-1.910611e+01	-6.510808e-02	3.286224e-01	
1  343.086	2.428181e-01	1.460831e-01	3.167805e+00	-1.910611e+01	-6.510808e-02	2.928181e-01	
1  343.753	2.428181e-01	1.461994e-01	3.185741e+00	-1.910162e+01	-6.446770e-02	2.928181e-01	
1  343.876	2.428181e-01	1.484286e-01	3.177851e+00	-1.910207e+01	-6.605330e-02	2.928181e-01	
1  344.642	2.428181e-01	1.518377e-01	3.151930e+00	-1.910107e+01	-6.433483e-02	2.928181e-01	
1  344.963	2.428181e-01	1.510111e-01	3.151732e+00	-1.910123e+01	-5.731103e-02	2.928181e-01	
2  344.903	2.440691e-01	1.510111e-01	3.151732e+00	-1.910123e+01	-5.731103e-02	2.940691e-01	
1  345.089	2.440691e-01	1.490864e-01	3.165120e+00	-1.909794e+01	-5.593023e-02	2.940691e-01	
2  344.975	2.440691e-01	1.480543e-01	3.136315e+00	-1.909661e+01	-5.535581e-02	2.940691e-01	
1  345.388	2.378307e-01	1.480543e-01	3.136315e+00	-1.909661e+01	-5.535581e-02	2.878307e-01	
1  345.05	2.378307e-01	1.477728e-01	3.133234e+00	-1.909219e+01	-6.675006e-02	2.878307e-01	
1  344.062	2.378307e-01	1.466524e-01	3.135102e+00	-1.909712e+01	-6.830043e-02	2.878307e-01	
1  344.478	2.378307e-01	1.454166e-01	3.112081e+00	-1.909228e+01	-7.087894e-02	2.878307e-01	
1  344.474	2.378307e-01	1.457315e-01	3.105166e+00	-1.909517e+01	-6.492241e-02	2.878307e-01	
2  344.85	2.330209e-01	1.457315e-01	3.105166e+00	-1.909517e+01	-6.492241e-02	2.830209e-01	
1  344.124	2.330209e-01	1.470453e-01	3.093640e+00	-1.910123e+01	-6.510607e-02	2.830209e-01	
1  344.089	2.330209e-01	1.468664e-01	3.087723e+00	-1.909802e+01	-7.317508e-02	2.830209e-01	
1  343.97	2.330209e-01	1.469286e-01	3.107873e+00	-1.909886e+01	-7.190300e-02	2.830209e-01	
4  342.847	2.561048e-01	1.469286e-01	3.107873e+00	-1.909886e+01	-7.190300e-02	3.061048e-01	
1  343.032	2.561048e-01	1.477539e-01	3.143075e+00	-1.910057e+01	-6.939624e-02	3.061048e-01	
1  343.388	2.449955e-01	1.477539e-01	3.143075e+00	-1.910057e+01	-6.939624e-02	2.949955e-01	
1  342.529	2.449955e-01	1.476392e-01	3.151574e+00	-1.910909e+01	-7.475057e-02	2.949955e-01	
1  342.238	2.449955e-01	1.451049e-01	3.140659e+00	-1.911048e+01	-6.871633e-02	2.949955e-01	
1  342.564	2.449955e-01	1.456914e-01	3.156408e+00	-1.911205e+01	-6.223522e-02	2.949955e-01	
1  342.094	2.449955e-01	1.439499e-01	3.122422e+00	-1.911304e+01	-6.368612e-02	2.949955e-01	
1  341.968	2.679408e-01	1.439499e-01	3.122422e+00	-1.911304e+01	-6.368612e-02	3.179408e-01	
1  341.877	2.679408e-01	1.414016e-01	3.127759e+00	-1.911330e+01	-6.211005e-02	3.179408e-01	
1  341.693	2.679408e-01	1.412728e-01	3.085320e+00	-1.911291e+01	-6.948652e-02	3.179408e-01	
1  341.719	2.679408e-01	1.428111e-01	3.103626e+00	-1.911674e+01	-7.052592e-02	3.179408e-01	
1  341.715	2.679408e-01	1.420149e-01	3.111204e+00	-1.911790e+01	-7.020832e-02	3.179408e-01	
1  341.687	2.394393e-01	1.420149e-01	3.111204e+00	-1.911790e+01	-7.020832e-02	2.894393e-01	
1  341.927	2.394393e-01	1.417443e-01	3.149481e+00	-1.912033e+01	-6.140064e-02	2.894393e-01	
1  342.212	2.394393e-01	1.423434e-01	3.168030e+00	-1.911976e+01	-5.897729e-02	2.894393e-01	
1  342.097	2.394393e-01	1.415989e-01	3.183283e+00	-1.911939e+01	-6.766245e-02	2.894393e-01	
1  342.098	2.394393e-01	1.420892e-01	3.190355e+00	-1.912966e+01	-6.554659e-02	2.894393e-01	
1  342.113	2.328726e-01	1.420892e-01	3.190355e+00	-1.912966e+01	-6.554659e-02	2.828726e-01	
2  342.271	2.328726e-01	1.422035e-01	3.196157e+00	-1.913183e+01	-6.080961e-02	2.828726e-01	
1  342.183	2.328726e-01	1.397608e-01	3.193385e+00	-1.913015e+01	-6.188146e-02	2.828726e-01	
1  341.896	2.328726e-01	1.395044e-01	3.172565e+00	-1.912877e+01	-6.739526e-02	2.828726e-01	
1  342.185	2.589834e-01	1.395044e-01	3.172565e+00	-1.912877e+01	-6.739526e-02	3.089834e-01	
1  341.997	2.589834e-01	1.394256e-01	3.159490e+00	-1.912693e+01	-6.985561e-02	3.089834e-01	
1  341.96	2.589834e-01	1.394977e-01	3.140153e+00	-1.912417e+01	-7.968192e-02	3.089834e-01	
1  341.897	2.589834e-01	1.394693e-01	3.152882e+00	-1.911548e+01	-8.051082e-02	3.089834e-01	
2  342.276	2.589834e-01	1.406330e-01	3.178066e+00	-1.912449e+01	-7.835480e-02	3.089834e-01	
1  342.144	2.589834e-01	1.390134e-01	3.181220e+00	-1.912175e+01	-7.234173e-02	3.089834e-01	
1  342.469	2.589834e-01	1.414937e-01	3.207071e+00	-1.911620e+01	-6.780012e-02	3.089834e-01	
1  343.23	2.589834e-01	1.412727e-01	3.243512e+00	-1.911506e+01	-8.127619e-02	3.089834e-01	
3  344.033	2.589834e-01	1.398720e-01	3.263840e+00	-1.912652e+01	-7.818668e-02	3.089834e-01	
1  344.732	2.589834e-01	1.406949e-01	3.302668e+00	-1.912048e+01	-7.246330e-02	3.089834e-01	
1  344.262	2.589834e-01	1.412803e-01	3.287578e+00	-1.911908e+01	-6.901738e-02	3.089834e-01	
1  344.55	2.589834e-01	1.435688e-01	3.294780e+00	-1.911545e+01	-7.346357e-02	3.089834e-01	
2  344.498	2.565808e-01	1.435688e-01	3.294780e+00	-1.911545e+01	-7.346357e-02	3.065808e-01	
1  344.013	2.565808e-01	1.429938e-01	3.276859e+00	-1.911988e+01	-7.421508e-02	3.065808e-01	
1  344.704	2.565808e-01	1.463896e-01	3.288910e+00	-1.911968e+01	-7.661467e-02	3.065808e-01	
1  344.124	2.565808e-01	1.473177e-01	3.264721e+00	-1.911238e+01	-8.015188e-02	3.065808e-01	
1  344.902	2.789095e-01	1.473177e-01	3.264721e+00	-1.911238e+01	-8.015188e-02	3.289095e-01	
2  344.909	2.789095e-01	1.463562e-01	3.252998e+00	-1.911951e+01	-8.233185e-02	3.289095e-01	
1  344.724	2.789095e-01	1.474533e-01	3.240287e+00	-1.911738e+01	-8.544538e-02	3.289095e-01	
1  343.685	2.789095e-01	1.477666e-01	3.185252e+00	-1.911709e+01	-8.564408e-02	3.289095e-01	
1  343.077	2.665695e-01	1.477666e-01	3.185252e+00	-1.911709e+01	-8.564408e-02	3.165695e-01	
1  343.018	2.665695e-01	1.458665e-01	3.209088e+00	-1.910519e+01	-8.267699e-02	3.165695e-01	
1  342.476	2.665695e-01	1.438768e-01	3.191043e+00	-1.910931e+01	-7.593549e-02	3.165695e-01	
1  342.471	2.665695e-01	1.434024e-01	3.192605e+00	-1.910917e+01	-7.745102e-02	3.165695e-01	
2  342.694	2.665695e-01	1.422259e-01	3.203041e+00	-1.910375e+01	-8.087992e-02	3.165695e-01	
1  343.394	2.665695e-01	1.428431e-01	3.244050e+00	-1.910975e+01	-7.925386e-02	3.165695e-01	
1  343.339	2.665695e-01	1.435793e-01	3.236857e+00	-1.911099e+01	-8.281813e-02	3.165695e-01	
1  343.037	2.665695e-01	1.438513e-01	3.215666e+00	-1.910487e+01	-8.745579e-02	3.165695e-01	
1  343.123	2.665695e-01	1.437662e-01	3.216444e+00	-1.910684e+01	-9.058219e-02	3.165695e-01	
2  343.907	2.866253e-01	1.437662e-01	3.216444e+00	-1.910684e+01	-9.058219e-02	3.366253e-01	
1  343.576	2.866253e-01	1.443665e-01	3.203022e+00	-1.910669e+01	-8.760628e-02	3.366253e-01	
1  343.029	2.866253e-01	1.449272e-01	3.164049e+00	-1.910944e+01	-8.402574e-02	3.366253e-01	
1  343.143	2.866253e-01	1.458431e-01	3.174910e+00	-1.910462e+01	-8.472355e-02	3.366253e-01	
1  343.74	2.978112e-01	1.458431e-01	3.174910e+00	-1.910462e+01	-8.472355e-02	3.478112e-01	
1  344.077	2.978112e-01	1.427462e-01	3.216099e+00	-1.910276e+01	-8.376933e-02	3.478112e-01	
1  343.805	2.978112e-01	1.431796e-01	3.193483e+00	-1.910565e+01	-8.388894e-02	3.478112e-01	
1  343.383	2.978112e-01	1.422129e-01	3.166316e+00	-1.910900e+01	-7.970600e-02	3.478112e-01	
2  343.516	2.978112e-01	1.420172e-01	3.190268e+00	-1.910455e+01	-7.864119e-02	3.478112e-01	
1  343.49	2.978112e-01	1.410489e-01	3.191169e+00	-1.909166e+01	-7.975919e-02	3.478112e-01	
1  342.913	2.978112e-01	1.420938e-01	3.124806e+00	-1.908975e+01	-8.031482e-02	3.478112e-01	
1  342.992	2.978112e-01	1.432101e-01	3.080176e+00	-1.908837e+01	-7.583775e-02	3.478112e-01	
1  343.198	2.978112e-01	1.441873e-01	3.086865e+00	-1.908451e+01	-8.142878e-02	3.478112e-01	
1  343.13	2.847736e-01	1.441873e-01	3.086865e+00	-1.908451e+01	-8.142878e-02	3.347736e-01	
1  343.829	2.847736e-01	1.451554e-01	3.038298e+00	-1.908326e+01	-7.405879e-02	3.347736e-01	
1  343.605	2.847736e-01	1.460729e-01	3.049648e+00	-1.909051e+01	-6.370470e-02	3.347736e-01	
2  343.27	2.847736e-01	1.441206e-01	3.007881e+00	-1.909801e+01	-6.384144e-02	3.347736e-01	
