1  370.352	2.631773e-01	1.500000e-01	3.559000e+00	-1.902000e+01	-1.000000e-01	3.131773e-01	
1  368.607	2.631773e-01	1.494162e-01	3.530273e+00	-1.901872e+01	-1.073389e-01	3.131773e-01	
3  367.666	2.631773e-01	1.470571e-01	3.520288e+00	-1.901797e+01	-1.142474e-01	3.131773e-01	
1  366.856	2.717045e-01	1.470571e-01	3.520288e+00	-1.901797e+01	-1.142474e-01	3.217045e-01	
1  368.303	2.717045e-01	1.450805e-01	3.521662e+00	-1.901228e+01	-1.206520e-01	3.217045e-01	
1  368.512	2.717045e-01	1.464297e-01	3.546181e+00	-1.901599e+01	-1.187898e-01	3.217045e-01	
1  365.697	2.717045e-01	1.459026e-01	3.514256e+00	-1.901932e+01	-1.262020e-01	3.217045e-01	
1  365.98	2.717045e-01	1.483484e-01	3.542377e+00	-1.902408e+01	-1.363574e-01	3.217045e-01	
1  366.732	2.610579e-01	1.483484e-01	3.542377e+00	-1.902408e+01	-1.363574e-01	3.110579e-01	
1  364.278	2.610579e-01	1.488833e-01	3.555203e+00	-1.903741e+01	-1.265150e-01	3.110579e-01	
1  365.232	2.610579e-01	1.486292e-01	3.533319e+00	-1.902823e+01	-1.323360e-01	3.110579e-01	
2  365.327	2.610579e-01	1.481402e-01	3.554674e+00	-1.903238e+01	-1.333406e-01	3.110579e-01	
1  364.762	2.709078e-01	1.481402e-01	3.554674e+00	-1.903238e+01	-1.333406e-01	3.209078e-01	
1  362.996	2.709078e-01	1.453298e-01	3.517383e+00	-1.903091e+01	-1.338803e-01	3.209078e-01	
1  361.321	2.709078e-01	1.460010e-01	3.476728e+00	-1.902959e+01	-1.271979e-01	3.209078e-01	
1  362.262	2.709078e-01	1.468652e-01	3.492628e+00	-1.902898e+01	-1.237667e-01	3.209078e-01	
1  360.046	2.709078e-01	1.450701e-01	3.474857e+00	-1.903458e+01	-1.231576e-01	3.209078e-01	
1  359.438	2.826603e-01	1.450701e-01	3.474857e+00	-1.903458e+01	-1.231576e-01	3.326603e-01	
3  359.163	2.826603e-01	1.464038e-01	3.462232e+00	-1.903341e+01	-1.230363e-01	3.326603e-01	
1  359.499	2.826603e-01	1.471427e-01	3.460832e+00	-1.903181e+01	-1.254209e-01	3.326603e-01	
1  359.051	2.943508e-01	1.471427e-01	3.460832e+00	-1.903181e+01	-1.254209e-01	3.443508e-01	
2  357.494	2.943508e-01	1.478018e-01	3.445472e+00	-1.903676e+01	-1.242606e-01	3.443508e-01	
1  358.068	2.943508e-01	1.480092e-01	3.463185e+00	-1.903884e+01	-1.286294e-01	3.443508e-01	
1  357.778	2.943508e-01	1.493588e-01	3.471965e+00	-1.904557e+01	-1.309949e-01	3.443508e-01	
4  357.788	2.911576e-01	1.493588e-01	3.471965e+00	-1.904557e+01	-1.309949e-01	3.411576e-01	
1  355.354	2.911576e-01	1.494564e-01	3.440574e+00	-1.905265e+01	-1.273192e-01	3.411576e-01	
1  355.563	3.068034e-01	1.494564e-01	3.440574e+00	-1.905265e+01	-1.273192e-01	3.568034e-01	
2  355.285	3.068034e-01	1.516634e-01	3.420464e+00	-1.904999e+01	-1.279365e-01	3.568034e-01	
1  355.895	3.068034e-01	1.514734e-01	3.434241e+00	-1.905131e+01	-1.308613e-01	3.568034e-01	
1  355.78	3.068034e-01	1.516517e-01	3.423059e+00	-1.904782e+01	-1.317189e-01	3.568034e-01	
2  355.676	2.982433e-01	1.516517e-01	3.423059e+00	-1.904782e+01	-1.317189e-01	3.482433e-01	
1  354.092	2.982433e-01	1.520918e-01	3.387174e+00	-1.904711e+01	-1.238658e-01	3.482433e-01	
1  353.728	2.982433e-01	1.540205e-01	3.379094e+00	-1.905049e+01	-1.208473e-01	3.482433e-01	
1  354.624	2.982433e-01	1.544844e-01	3.366766e+00	-1.904172e+01	-1.240963e-01	3.482433e-01	
2  354.956	3.299349e-01	1.544844e-01	3.366766e+00	-1.904172e+01	-1.240963e-01	3.799349e-01	
1  355.628	3.299349e-01	1.537012e-01	3.388757e+00	-1.904159e+01	-1.241280e-01	3.799349e-01	
1  353.936	3.299349e-01	1.550221e-01	3.346905e+00	-1.904825e+01	-1.263835e-01	3.799349e-01	
2  353.232	3.299349e-01	1.552225e-01	3.304336e+00	-1.904315e+01	-1.314726e-01	3.799349e-01	
2  354.429	3.299349e-01	1.565780e-01	3.300515e+00	-1.903673e+01	-1.378834e-01	3.799349e-01	
1  354.379	3.299349e-01	1.558391e-01	3.300924e+00	-1.903367e+01	-1.339603e-01	3.799349e-01	
1  353.836	3.299349e-01	1.557341e-01	3.269879e+00	-1.903044e+01	-1.305753e-01	3.799349e-01	
3  353.804	3.189572e-01	1.557341e-01	3.269879e+00	-1.903044e+01	-1.305753e-01	3.689572e-01	
2  353.59	3.189572e-01	1.573503e-01	3.229300e+00	-1.902917e+01	-1.270662e-01	3.689572e-01	
2  353.589	3.190790e-01	1.573503e-01	3.229300e+00	-1.902917e+01	-1.270662e-01	3.690790e-01	
1  352.603	3.190790e-01	1.568084e-01	3.231471e+00	-1.903457e+01	-1.279651e-01	3.690790e-01	
2  351.644	3.190790e-01	1.573939e-01	3.239942e+00	-1.904454e+01	-1.270963e-01	3.690790e-01	
1  351.872	3.286361e-01	1.573939e-01	3.239942e+00	-1.904454e+01	-1.270963e-01	3.786361e-01	
1  352.116	3.286361e-01	1.595332e-01	3.231407e+00	-1.905065e+01	-1.301092e-01	3.786361e-01	
1  352.573	3.286361e-01	1.599547e-01	3.207041e+00	-1.903943e+01	-1.223216e-01	3.786361e-01	
1  351.791	3.286361e-01	1.584728e-01	3.187618e+00	-1.903956e+01	-1.253199e-01	3.786361e-01	
1  352.755	3.286361e-01	1.564506e-01	3.205224e+00	-1.903009e+01	-1.280888e-01	3.786361e-01	
1  352.767	3.311322e-01	1.564506e-01	3.205224e+00	-1.903009e+01	-1.280888e-01	3.811322e-01	
1  352.429	3.311322e-01	1.566868e-01	3.197632e+00	-1.903153e+01	-1.237926e-01	3.811322e-01	
2  351.689	3.311322e-01	1.566371e-01	3.170066e+00	-1.903589e+01	-1.314872e-01	3.811322e-01	
1  351.364	3.311322e-01	1.547443e-01	3.164051e+00	-1.903634e+01	-1.372288e-01	3.811322e-01	
1  351.248	3.220627e-01	1.547443e-01	3.164051e+00	-1.903634e+01	-1.372288e-01	3.720627e-01	
1  350.819	3.220627e-01	1.550408e-01	3.170669e+00	-1.904024e+01	-1.356114e-01	3.720627e-01	
1  350.225	3.220627e-01	1.551928e-01	3.171779e+00	-1.904807e+01	-1.372509e-01	3.720627e-01	
1  350.314	3.220627e-01	1.535704e-01	3.164156e+00	-1.904579e+01	-1.418066e-01	3.720627e-01	
1  350.171	3.220627e-01	1.534782e-01	3.160805e+00	-1.904401e+01	-1.385417e-01	3.720627e-01	
1  351.176	3.484350e-01	1.534782e-01	3.160805e+00	-1.904401e+01	-1.385417e-01	3.984350e-01	
2  351.493	3.484350e-01	1.535199e-01	3.173204e+00	-1.904578e+01	-1.411840e-01	3.984350e-01	
1  351.265	3.484350e-01	1.525536e-01	3.196035e+00	-1.905054e+01	-1.388164e-01	3.984350e-01	
1  350.886	3.484350e-01	1.529857e-01	3.153622e+00	-1.905424e+01	-1.399570e-01	3.984350e-01	
1  351.688	3.584372e-01	1.529857e-01	3.153622e+00	-1.905424e+01	-1.399570e-01	4.084372e-01	
1  352.419	3.584372e-01	1.536344e-01	3.193276e+00	-1.906245e+01	-1.379767e-01	4.084372e-01	
1  352.74	3.584372e-01	1.534941e-01	3.206018e+00	-1.906660e+01	-1.369636e-01	4.084372e-01	
1  352.814	3.584372e-01	1.525539e-01	3.211569e+00	-1.907271e+01	-1.344645e-01	4.084372e-01	
3  352.749	3.584372e-01	1.521952e-01	3.189930e+00	-1.907406e+01	-1.366221e-01	4.084372e-01	
2  352.94	3.584372e-01	1.508673e-01	3.179625e+00	-1.908166e+01	-1.348341e-01	4.084372e-01	
1  353.453	3.584372e-01	1.507156e-01	3.182431e+00	-1.908122e+01	-1.385069e-01	4.084372e-01	
1  351.819	3.453474e-01	1.507156e-01	3.182431e+00	-1.908122e+01	-1.385069e-01	3.953474e-01	
1  353.777	3.453474e-01	1.490058e-01	3.186631e+00	-1.908659e+01	-1.472596e-01	3.953474e-01	
1  353.001	3.453474e-01	1.498045e-01	3.189789e+00	-1.907781e+01	-1.484552e-01	3.953474e-01	
1  353.397	3.453474e-01	1.500455e-01	3.144508e+00	-1.908192e+01	-1.511081e-01	3.953474e-01	
1  354.009	3.453474e-01	1.495304e-01	3.114405e+00	-1.907699e+01	-1.589964e-01	3.953474e-01	
1  353.024	3.365566e-01	1.495304e-01	3.114405e+00	-1.907699e+01	-1.589964e-01	3.865566e-01	
1  352.972	3.365566e-01	1.496469e-01	3.102319e+00	-1.907558e+01	-1.596112e-01	3.865566e-01	
2  352.295	3.365566e-01	1.488596e-01	3.090156e+00	-1.906958e+01	-1.590156e-01	3.865566e-01	
2  353.154	3.365566e-01	1.489592e-01	3.093341e+00	-1.907578e+01	-1.607873e-01	3.865566e-01	
1  352.902	3.365566e-01	1.499485e-01	3.085832e+00	-1.907245e+01	-1.606761e-01	3.865566e-01	
1  352.93	3.365566e-01	1.495595e-01	3.080407e+00	-1.907120e+01	-1.614948e-01	3.865566e-01	
2  353.878	3.365566e-01	1.491835e-01	3.091683e+00	-1.907199e+01	-1.661501e-01	3.865566e-01	
1  353.606	3.337875e-01	1.491835e-01	3.091683e+00	-1.907199e+01	-1.661501e-01	3.837875e-01	
4  353.106	3.337875e-01	1.491638e-01	3.118575e+00	-1.906976e+01	-1.642539e-01	3.837875e-01	
1  350.501	2.935148e-01	1.491638e-01	3.118575e+00	-1.906976e+01	-1.642539e-01	3.435148e-01	
1  349.343	2.935148e-01	1.486671e-01	3.134667e+00	-1.907292e+01	-1.568959e-01	3.435148e-01	
1  349.041	2.935148e-01	1.473639e-01	3.110236e+00	-1.908232e+01	-1.544877e-01	3.435148e-01	
2  349.159	2.935148e-01	1.466146e-01	3.105677e+00	-1.907455e+01	-1.563531e-01	3.435148e-01	
4  349.395	2.991631e-01	1.466146e-01	3.105677e+00	-1.907455e+01	-1.563531e-01	3.491631e-01	
1  349.402	2.991631e-01	1.475325e-01	3.074110e+00	-1.906768e+01	-1.559473e-01	3.491631e-01	
1  349.132	2.865889e-01	1.475325e-01	3.074110e+00	-1.906768e+01	-1.559473e-01	3.365889e-01	
1  348.806	2.865889e-01	1.486024e-01	3.105375e+00	-1.906448e+01	-1.531024e-01	3.365889e-01	
2  349.154	2.865889e-01	1.495150e-01	3.097785e+00	-1.906275e+01	-1.545659e-01	3.365889e-01	
1  347.905	2.865889e-01	1.497034e-01	3.128388e+00	-1.906618e+01	-1.456128e-01	3.365889e-01	
1  347.923	2.884800e-01	1.497034e-01	3.128388e+00	-1.906618e+01	-1.456128e-01	3.384800e-01	
2  347.206	2.884800e-01	1.518612e-01	3.111122e+00	-1.906831e+01	-1.374683e-01	3.384800e-01	
2  347.377	2.884800e-01	1.517518e-01	3.068409e+00	-1.906402e+01	-1.348067e-01	3.384800e-01	
2  347.374	2.902123e-01	1.517518e-01	3.068409e+00	-1.906402e+01	-1.348067e-01	3.402123e-01	
1  347.445	2.902123e-01	1.537767e-01	3.101886e+00	-1.906268e+01	-1.306568e-01	3.402123e-01	
2  347.472	2.902123e-01	1.550728e-01	3.108490e+00	-1.907008e+01	-1.341676e-01	3.402123e-01	
3  347.412	2.849575e-01	1.550728e-01	3.108490e+00	-1.907008e+01	-1.341676e-01	3.349575e-01	
2  347.877	2.849575e-01	1.556389e-01	3.118610e+00	-1.907646e+01	-1.405128e-01	3.349575e-01	
1  347.732	2.767987e-01	1.556389e-01	3.118610e+00	-1.907646e+01	-1.405128e-01	3.267987e-01	
2  347.47	2.767987e-01	1.563994e-01	3.145848e+00	-1.907588e+01	-1.337081e-01	3.267987e-01	
1  347.548	2.767987e-01	1.555541e-01	3.187137e+00	-1.907753e+01	-1.333354e-01	3.267987e-01	
2  348.342	2.767987e-01	1.544664e-01	3.155362e+00	-1.907631e+01	-1.469023e-01	3.267987e-01	
1  348.876	2.767987e-01	1.529970e-01	3.167253e+00	-1.907401e+01	-1.521938e-01	3.267987e-01	
1  347.941	2.767987e-01	1.524809e-01	3.152634e+00	-1.907663e+01	-1.466897e-01	3.267987e-01	
1  347.836	2.767987e-01	1.519488e-01	3.181663e+00	-1.907900e+01	-1.445642e-01	3.267987e-01	
1  347.56	2.767987e-01	1.526416e-01	3.166032e+00	-1.908347e+01	-1.429835e-01	3.267987e-01	
1  347.639	2.794125e-01	1.526416e-01	3.166032e+00	-1.908347e+01	-1.429835e-01	3.294125e-01	
1  348.598	2.794125e-01	1.534471e-01	3.194330e+00	-1.908069e+01	-1.470160e-01	3.294125e-01	
1  348.276	2.794125e-01	1.517133e-01	3.180149e+00	-1.908684e+01	-1.473524e-01	3.294125e-01	
1  348.003	2.794125e-01	1.504925e-01	3.144574e+00	-1.909312e+01	-1.471586e-01	3.294125e-01	
2  346.888	2.794125e-01	1.514215e-01	3.134292e+00	-1.909194e+01	-1.391229e-01	3.294125e-01	
1  346.173	2.794125e-01	1.506660e-01	3.104490e+00	-1.909174e+01	-1.350321e-01	3.294125e-01	
1  346.036	2.794125e-01	1.493374e-01	3.097432e+00	-1.909291e+01	-1.349301e-01	3.294125e-01	
1  346.599	2.794125e-01	1.523524e-01	3.084238e+00	-1.909801e+01	-1.345769e-01	3.294125e-01	
1  346.155	2.794125e-01	1.528827e-01	3.072352e+00	-1.909712e+01	-1.300704e-01	3.294125e-01	
1  345.589	2.563933e-01	1.528827e-01	3.072352e+00	-1.909712e+01	-1.300704e-01	3.063933e-01	
1  346.551	2.563933e-01	1.528778e-01	3.069534e+00	-1.909118e+01	-1.385224e-01	3.063933e-01	
2  346.528	2.563933e-01	1.529616e-01	3.096756e+00	-1.909085e+01	-1.391029e-01	3.063933e-01	
2  346.647	2.563933e-01	1.548772e-01	3.095182e+00	-1.908912e+01	-1.362903e-01	3.063933e-01	
1  346.369	2.563933e-01	1.536229e-01	3.067590e+00	-1.909500e+01	-1.360205e-01	3.063933e-01	
2  347.452	2.563933e-01	1.540388e-01	3.035957e+00	-1.910137e+01	-1.417969e-01	3.063933e-01	
4  348.097	2.563933e-01	1.534956e-01	3.008012e+00	-1.909943e+01	-1.449417e-01	3.063933e-01	
1  348.068	2.563933e-01	1.550598e-01	3.020820e+00	-1.909602e+01	-1.443276e-01	3.063933e-01	
1  348.602	2.563933e-01	1.571419e-01	3.040211e+00	-1.909597e+01	-1.466142e-01	3.063933e-01	
2  348.556	2.506806e-01	1.571419e-01	3.040211e+00	-1.909597e+01	-1.466142e-01	3.006806e-01	
2  349.831	2.506806e-01	1.578715e-01	3.015943e+00	-1.909264e+01	-1.525728e-01	3.006806e-01	
1  351.077	2.506806e-01	1.578516e-01	2.994549e+00	-1.910641e+01	-1.562732e-01	3.006806e-01	
1  351.266	2.567276e-01	1.578516e-01	2.994549e+00	-1.910641e+01	-1.562732e-01	3.067276e-01	
1  351.076	2.567276e-01	1.569558e-01	2.988713e+00	-1.909667e+01	-1.586498e-01	3.067276e-01	
1  351.136	2.567276e-01	1.583542e-01	2.998831e+00	-1.909295e+01	-1.586298e-01	3.067276e-01	
1  351.624	2.567276e-01	1.601355e-01	3.027053e+00	-1.909330e+01	-1.612685e-01	3.067276e-01	
1  352.425	2.567276e-01	1.627028e-01	3.014748e+00	-1.907815e+01	-1.586193e-01	3.067276e-01	
1  353.014	2.372123e-01	1.627028e-01	3.014748e+00	-1.907815e+01	-1.586193e-01	2.872123e-01	
1  353.91	2.372123e-01	1.631265e-01	3.020385e+00	-1.906732e+01	-1.549694e-01	2.872123e-01	
2  353.955	2.372123e-01	1.632871e-01	3.028882e+00	-1.906639e+01	-1.550212e-01	2.872123e-01	
3  354.634	2.372123e-01	1.651567e-01	3.057773e+00	-1.906403e+01	-1.554921e-01	2.872123e-01	
1  354.985	2.372123e-01	1.657537e-01	3.042119e+00	-1.906528e+01	-1.565641e-01	2.872123e-01	
3  355.054	2.372123e-01	1.646958e-01	3.007418e+00	-1.906775e+01	-1.593099e-01	2.872123e-01	
3  354.739	2.372123e-01	1.648566e-01	3.011626e+00	-1.907398e+01	-1.632254e-01	2.872123e-01	
4  355.551	2.372123e-01	1.659639e-01	3.006812e+00	-1.907166e+01	-1.637071e-01	2.872123e-01	
3  356.31	2.372123e-01	1.657088e-01	2.986905e+00	-1.906772e+01	-1.636038e-01	2.872123e-01	
1  356.346	2.372123e-01	1.629912e-01	2.961574e+00	-1.907047e+01	-1.695909e-01	2.872123e-01	
2  353.878	2.372123e-01	1.614560e-01	3.014669e+00	-1.907935e+01	-1.692460e-01	2.872123e-01	
1  354.292	2.372123e-01	1.610165e-01	2.991670e+00	-1.908074e+01	-1.704440e-01	2.872123e-01	
1  353.942	2.672775e-01	1.610165e-01	2.991670e+00	-1.908074e+01	-1.704440e-01	3.172775e-01	
2  353.217	2.672775e-01	1.606848e-01	2.992492e+00	-1.907709e+01	-1.663827e-01	3.172775e-01	
1  352.958	2.672775e-01	1.630481e-01	2.982005e+00	-1.907475e+01	-1.566187e-01	3.172775e-01	
1  352.997	2.672775e-01	1.619180e-01	2.984475e+00	-1.907874e+01	-1.614186e-01	3.172775e-01	
1  352.998	2.610028e-01	1.619180e-01	2.984475e+00	-1.907874e+01	-1.614186e-01	3.110028e-01	
1  352.58	2.610028e-01	1.615391e-01	2.976540e+00	-1.907995e+01	-1.582904e-01	3.110028e-01	
1  352.315	2.610028e-01	1.617099e-01	3.003953e+00	-1.907303e+01	-1.572244e-01	3.110028e-01	
1  352.024	2.610028e-01	1.621265e-01	3.002435e+00	-1.907328e+01	-1.532397e-01	3.110028e-01	
3  351.41	2.610028e-01	1.623771e-01	3.032366e+00	-1.907013e+01	-1.480919e-01	3.110028e-01	
1  352.052	2.610028e-01	1.621804e-01	2.985071e+00	-1.907129e+01	-1.483406e-01	3.110028e-01	
1  351.726	2.610028e-01	1.622837e-01	2.974867e+00	-1.907639e+01	-1.463654e-01	3.110028e-01	
2  351.052	2.610028e-01	1.624607e-01	3.007840e+00	-1.907423e+01	-1.432535e-01	3.110028e-01	
1  351.1	2.610028e-01	1.602647e-01	3.015105e+00	-1.906571e+01	-1.444808e-01	3.110028e-01	
2  350.486	2.610028e-01	1.601961e-01	3.039439e+00	-1.906953e+01	-1.463721e-01	3.110028e-01	
1  350.155	2.610028e-01	1.616479e-01	3.079472e+00	-1.907135e+01	-1.424424e-01	3.110028e-01	
1  350.298	2.558190e-01	1.616479e-01	3.079472e+00	-1.907135e+01	-1.424424e-01	3.058190e-01	
1  351.148	2.558190e-01	1.616322e-01	3.064323e+00	-1.906600e+01	-1.448663e-01	3.058190e-01	
3  350.424	2.558190e-01	1.631669e-01	3.057417e+00	-1.907549e+01	-1.391326e-01	3.058190e-01	
1  350.508	2.530043e-01	1.631669e-01	3.057417e+00	-1.907549e+01	-1.391326e-01	3.030043e-01	
1  350.297	2.530043e-01	1.614600e-01	3.049521e+00	-1.907036e+01	-1.360522e-01	3.030043e-01	
1  350.405	2.530043e-01	1.620760e-01	3.063785e+00	-1.907261e+01	-1.405561e-01	3.030043e-01	
1  349.533	2.530043e-01	1.607003e-01	3.087913e+00	-1.907359e+01	-1.385635e-01	3.030043e-01	
1  349.602	2.530043e-01	1.603937e-01	3.063654e+00	-1.907317e+01	-1.381686e-01	3.030043e-01	
1  349.174	2.761860e-01	1.603937e-01	3.063654e+00	-1.907317e+01	-1.381686e-01	3.261860e-01	
1  348.679	2.761860e-01	1.595675e-01	3.089820e+00	-1.907065e+01	-1.345102e-01	3.261860e-01	
2  348.341	2.761860e-01	1.579000e-01	3.130756e+00	-1.906977e+01	-1.359427e-01	3.261860e-01	
1  349.144	2.761860e-01	1.574711e-01	3.145541e+00	-1.906846e+01	-1.452843e-01	3.261860e-01	
1  349.151	2.721679e-01	1.574711e-01	3.145541e+00	-1.906846e+01	-1.452843e-01	3.221679e-01	
3  349.421	2.721679e-01	1.588364e-01	3.139995e+00	-1.907024e+01	-1.455702e-01	3.221679e-01	
1  348.979	2.721679e-01	1.573944e-01	3.130123e+00	-1.907184e+01	-1.465652e-01	3.221679e-01	
1  349.213	2.889151e-01	1.573944e-01	3.130123e+00	-1.907184e+01	-1.465652e-01	3.389151e-01	
1  349.705	2.889151e-01	1.581580e-01	3.147764e+00	-1.907788e+01	-1.483985e-01	3.389151e-01	
1  349.066	2.889151e-01	1.589482e-01	3.142974e+00	-1.907600e+01	-1.406881e-01	3.389151e-01	
1  350.161	2.889151e-01	1.571997e-01	3.191353e+00	-1.907775e+01	-1.503949e-01	3.389151e-01	
1  349.606	2.889151e-01	1.569903e-01	3.174672e+00	-1.907576e+01	-1.482051e-01	3.389151e-01	
1  350.688	3.093323e-01	1.569903e-01	3.174672e+00	-1.907576e+01	-1.482051e-01	3.593323e-01	
1  350.104	3.093323e-01	1.550177e-01	3.151803e+00	-1.907981e+01	-1.480798e-01	3.593323e-01	
1  350.157	3.093323e-01	1.553574e-01	3.167754e+00	-1.907682e+01	-1.476782e-01	3.593323e-01	
3  349.913	3.093323e-01	1.548762e-01	3.168856e+00	-1.907960e+01	-1.456729e-01	3.593323e-01	
2  350.393	3.093323e-01	1.556812e-01	3.202038e+00	-1.907794e+01	-1.447817e-01	3.593323e-01	
1  350.154	3.093323e-01	1.555980e-01	3.199241e+00	-1.907809e+01	-1.433800e-01	3.593323e-01	
1  348.812	3.093323e-01	1.541556e-01	3.207501e+00	-1.907921e+01	-1.331312e-01	3.593323e-01	
1  348.897	3.106068e-01	1.541556e-01	3.207501e+00	-1.907921e+01	-1.331312e-01	3.606068e-01	
1  348.745	3.106068e-01	1.542460e-01	3.202603e+00	-1.908535e+01	-1.297526e-01	3.606068e-01	
3  348.392	3.106068e-01	1.538836e-01	3.184468e+00	-1.907977e+01	-1.323214e-01	3.606068e-01	
1  348.225	3.080213e-01	1.538836e-01	3.184468e+00	-1.907977e+01	-1.323214e-01	3.580213e-01	
2  348.09	3.080213e-01	1.556598e-01	3.164331e+00	-1.908286e+01	-1.280960e-01	3.580213e-01	
1  348.883	3.080213e-01	1.565925e-01	3.181154e+00	-1.907429e+01	-1.332846e-01	3.580213e-01	
1  348.914	3.080213e-01	1.549475e-01	3.215395e+00	-1.908036e+01	-1.312481e-01	3.580213e-01	
1  347.594	2.782584e-01	1.549475e-01	3.215395e+00	-1.908036e+01	-1.312481e-01	3.282584e-01	
2  348.068	2.782584e-01	1.569950e-01	3.192454e+00	-1.908698e+01	-1.349905e-01	3.282584e-01	
1  348.512	2.782584e-01	1.558789e-01	3.203552e+00	-1.908372e+01	-1.408283e-01	3.282584e-01	
1  348.636	2.782584e-01	1.562114e-01	3.205770e+00	-1.907996e+01	-1.408001e-01	3.282584e-01	
1  349.121	2.913502e-01	1.562114e-01	3.205770e+00	-1.907996e+01	-1.408001e-01	3.413502e-01	
1  348.958	2.913502e-01	1.562784e-01	3.180913e+00	-1.907649e+01	-1.426938e-01	3.413502e-01	
1  349.281	2.913502e-01	1.567231e-01	3.196335e+00	-1.907155e+01	-1.421574e-01	3.413502e-01	
1  349.992	2.913502e-01	1.563340e-01	3.189639e+00	-1.907587e+01	-1.503433e-01	3.413502e-01	
1  349.923	2.913502e-01	1.551296e-01	3.201308e+00	-1.907328e+01	-1.507815e-01	3.413502e-01	
1  349.757	2.867728e-01	1.551296e-01	3.201308e+00	-1.907328e+01	-1.507815e-01	3.367728e-01	
1  349.921	2.867728e-01	1.542671e-01	3.205776e+00	-1.907761e+01	-1.527877e-01	3.367728e-01	
1  349.813	2.867728e-01	1.531793e-01	3.207121e+00	-1.908411e+01	-1.520415e-01	3.367728e-01	
4  349.872	2.867728e-01	1.529830e-01	3.182881e+00	-1.908875e+01	-1.534651e-01	3.367728e-01	
1  349.55	2.867728e-01	1.523975e-01	3.153356e+00	-1.908343e+01	-1.556607e-01	3.367728e-01	
1  350.184	2.867728e-01	1.536089e-01	3.158183e+00	-1.908541e+01	-1.576340e-01	3.367728e-01	
1  349.296	2.867728e-01	1.536888e-01	3.160885e+00	-1.909529e+01	-1.477522e-01	3.367728e-01	
1  351.022	3.075295e-01	1.536888e-01	3.160885e+00	-1.909529e+01	-1.477522e-01	3.575295e-01	
2  350.981	3.075295e-01	1.538487e-01	3.134643e+00	-1.909022e+01	-1.520985e-01	3.575295e-01	
1  350.938	3.075295e-01	1.536111e-01	3.114895e+00	-1.909157e+01	-1.520016e-01	3.575295e-01	
1  350.092	3.075295e-01	1.531666e-01	3.088888e+00	-1.908902e+01	-1.492533e-01	3.575295e-01	
1  349.678	3.023169e-01	1.531666e-01	3.088888e+00	-1.908902e+01	-1.492533e-01	3.523169e-01	
1  349.269	3.023169e-01	1.516451e-01	3.071422e+00	-1.909453e+01	-1.451863e-01	3.523169e-01	
1  348.631	3.023169e-01	1.521762e-01	3.072702e+00	-1.909283e+01	-1.414844e-01	3.523169e-01	
1  347.988	3.023169e-01	1.525134e-01	3.079437e+00	-1.909118e+01	-1.374373e-01	3.523169e-01	
2  348.02	3.023169e-01	1.510755e-01	3.043132e+00	-1.908325e+01	-1.411213e-01	3.523169e-01	
1  347.976	3.023169e-01	1.502503e-01	3.063404e+00	-1.908671e+01	-1.413483e-01	3.523169e-01	
1  348.152	3.023169e-01	1.503509e-01	3.082067e+00	-1.908232e+01	-1.442933e-01	3.523169e-01	
1  347.987	3.023169e-01	1.500199e-01	3.054995e+00	-1.907537e+01	-1.435782e-01	3.523169e-01	
1  347.631	3.023169e-01	1.494724e-01	3.068683e+00	-1.907295e+01	-1.417417e-01	3.523169e-01	
2  347.169	2.805045e-01	1.494724e-01	3.068683e+00	-1.907295e+01	-1.417417e-01	3.305045e-01	
1  347.333	2.805045e-01	1.494253e-01	3.065332e+00	-1.907619e+01	-1.441631e-01	3.305045e-01	
1  347.029	2.805045e-01	1.474299e-01	3.042232e+00	-1.907733e+01	-1.411274e-01	3.305045e-01	
1  347.153	2.805045e-01	1.485109e-01	3.027725e+00	-1.908263e+01	-1.414391e-01	3.305045e-01	
2  347.839	3.004502e-01	1.485109e-01	3.027725e+00	-1.908263e+01	-1.414391e-01	3.504502e-01	
1  347.757	3.004502e-01	1.470777e-01	3.048206e+00	-1.907729e+01	-1.433712e-01	3.504502e-01	
1  348.196	3.004502e-01	1.472189e-01	3.064394e+00	-1.908087e+01	-1.467014e-01	3.504502e-01	
2  349.33	3.004502e-01	1.486044e-01	3.101610e+00	-1.908931e+01	-1.510338e-01	3.504502e-01	
1  349.272	3.004502e-01	1.481677e-01	3.132203e+00	-1.908464e+01	-1.520869e-01	3.504502e-01	
1  348.899	3.004502e-01	1.499854e-01	3.130989e+00	-1.908126e+01	-1.500446e-01	3.504502e-01	
1  350.055	3.004502e-01	1.494120e-01	3.114397e+00	-1.908147e+01	-1.577454e-01	3.504502e-01	
2  349.269	3.004502e-01	1.479447e-01	3.077157e+00	-1.908308e+01	-1.530672e-01	3.504502e-01	
1  349.804	3.004502e-01	1.469555e-01	3.106505e+00	-1.907787e+01	-1.578407e-01	3.504502e-01	
2  349.741	3.004502e-01	1.469763e-01	3.105163e+00	-1.908659e+01	-1.548323e-01	3.504502e-01	
2  349.565	3.004502e-01	1.472031e-01	3.130698e+00	-1.908429e+01	-1.541921e-01	3.504502e-01	
2  349.082	3.004502e-01	1.462357e-01	3.145731e+00	-1.908730e+01	-1.497321e-01	3.504502e-01	
1  349.413	3.004502e-01	1.461665e-01	3.158060e+00	-1.908912e+01	-1.502663e-01	3.504502e-01	
1  349.675	3.004502e-01	1.441475e-01	3.177472e+00	-1.909569e+01	-1.469722e-01	3.504502e-01	
1  348.865	2.899631e-01	1.441475e-01	3.177472e+00	-1.909569e+01	-1.469722e-01	3.399631e-01	
1  347.685	2.899631e-01	1.450890e-01	3.177155e+00	-1.908910e+01	-1.424193e-01	3.399631e-01	
1  346.722	2.899631e-01	1.450367e-01	3.169778e+00	-1.909425e+01	-1.343038e-01	3.399631e-01	
1  346.874	2.899631e-01	1.451051e-01	3.220427e+00	-1.909053e+01	-1.309038e-01	3.399631e-01	
1  346.159	2.899631e-01	1.468615e-01	3.161570e+00	-1.908976e+01	-1.317086e-01	3.399631e-01	
1  345.409	2.660903e-01	1.468615e-01	3.161570e+00	-1.908976e+01	-1.317086e-01	3.160903e-01	
1  346.536	2.660903e-01	1.462358e-01	3.186883e+00	-1.908803e+01	-1.394555e-01	3.160903e-01	
1  346.365	2.660903e-01	1.457359e-01	3.220705e+00	-1.908385e+01	-1.330129e-01	3.160903e-01	
1  345.945	2.660903e-01	1.442495e-01	3.223377e+00	-1.908393e+01	-1.281984e-01	3.160903e-01	
1  346.428	2.660903e-01	1.433774e-01	3.205176e+00	-1.908192e+01	-1.349394e-01	3.160903e-01	
1  346.445	2.606675e-01	1.433774e-01	3.205176e+00	-1.908192e+01	-1.349394e-01	3.106675e-01	
1  347.396	2.606675e-01	1.440724e-01	3.225631e+00	-1.907372e+01	-1.366575e-01	3.106675e-01	
1  347.375	2.606675e-01	1.456681e-01	3.237670e+00	-1.907813e+01	-1.377115e-01	3.106675e-01	
2  347.647	2.606675e-01	1.465208e-01	3.263154e+00	-1.908160e+01	-1.369024e-01	3.106675e-01	
1  347.834	2.457261e-01	1.465208e-01	3.263154e+00	-1.908160e+01	-1.369024e-01	2.957261e-01	
3  347.804	2.457261e-01	1.478087e-01	3.278291e+00	-1.908156e+01	-1.319512e-01	2.957261e-01	
1  348.019	2.457261e-01	1.464384e-01	3.270141e+00	-1.907354e+01	-1.273157e-01	2.957261e-01	
1  347.646	2.558400e-01	1.464384e-01	3.270141e+00	-1.907354e+01	-1.273157e-01	3.058400e-01	
1  348.487	2.558400e-01	1.466816e-01	3.306853e+00	-1.907232e+01	-1.240349e-01	3.058400e-01	
1  348.481	2.558400e-01	1.459131e-01	3.304705e+00	-1.907374e+01	-1.279586e-01	3.058400e-01	
1  348.763	2.558400e-01	1.461884e-01	3.320337e+00	-1.907795e+01	-1.305350e-01	3.058400e-01	
1  348.846	2.558400e-01	1.453826e-01	3.292946e+00	-1.907514e+01	-1.381151e-01	3.058400e-01	
1  348.785	2.734995e-01	1.453826e-01	3.292946e+00	-1.907514e+01	-1.381151e-01	3.234995e-01	
1  348.872	2.734995e-01	1.466534e-01	3.302526e+00	-1.907592e+01	-1.363560e-01	3.234995e-01	
1  347.399	2.734995e-01	1.473740e-01	3.265787e+00	-1.907904e+01	-1.313682e-01	3.234995e-01	
1  347.913	2.734995e-01	1.482418e-01	3.256567e+00	-1.908278e+01	-1.387644e-01	3.234995e-01	
1  348.071	2.734995e-01	1.492738e-01	3.263305e+00	-1.907580e+01	-1.362709e-01	3.234995e-01	
1  348.04	2.650986e-01	1.492738e-01	3.263305e+00	-1.907580e+01	-1.362709e-01	3.150986e-01	
2  348.504	2.650986e-01	1.497454e-01	3.260133e+00	-1.907397e+01	-1.404500e-01	3.150986e-01	
2  347.031	2.650986e-01	1.479942e-01	3.209236e+00	-1.907770e+01	-1.381396e-01	3.150986e-01	
1  347.049	2.620393e-01	1.479942e-01	3.209236e+00	-1.907770e+01	-1.381396e-01	3.120393e-01	
1  347.285	2.620393e-01	1.475072e-01	3.249798e+00	-1.908247e+01	-1.359791e-01	3.120393e-01	
1  347.585	2.620393e-01	1.465850e-01	3.265283e+00	-1.907348e+01	-1.299418e-01	3.120393e-01	
1  348.008	2.620393e-01	1.453999e-01	3.266296e+00	-1.907257e+01	-1.345431e-01	3.120393e-01	
1  347.816	2.620393e-01	1.440909e-01	3.302155e+00	-1.907769e+01	-1.257754e-01	3.120393e-01	
2  347.919	2.553461e-01	1.440909e-01	3.302155e+00	-1.907769e+01	-1.257754e-01	3.053461e-01	
1  347.924	2.553461e-01	1.439246e-01	3.290931e+00	-1.908230e+01	-1.331957e-01	3.053461e-01	
1  347.06	2.553461e-01	1.436024e-01	3.263450e+00	-1.907754e+01	-1.262297e-01	3.053461e-01	
1  346.352	2.553461e-01	1.449715e-01	3.251400e+00	-1.908804e+01	-1.286320e-01	3.053461e-01	
1  346.406	2.491571e-01	1.449715e-01	3.251400e+00	-1.908804e+01	-1.286320e-01	2.991571e-01	
1  346.667	2.491571e-01	1.442432e-01	3.264261e+00	-1.908911e+01	-1.290744e-01	2.991571e-01	
2  346.2	2.491571e-01	1.463342e-01	3.245646e+00	-1.909187e+01	-1.290018e-01	2.991571e-01	
1  347.062	2.491571e-01	1.429592e-01	3.266196e+00	-1.909390e+01	-1.335380e-01	2.991571e-01	
1  347.101	2.558675e-01	1.429592e-01	3.266196e+00	-1.909390e+01	-1.335380e-01	3.058675e-01	
1  346.755	2.558675e-01	1.414372e-01	3.240075e+00	-1.910042e+01	-1.337757e-01	3.058675e-01	
1  346.889	2.558675e-01	1.414909e-01	3.249957e+00	-1.910516e+01	-1.320676e-01	3.058675e-01	
1  347.136	2.558675e-01	1.400876e-01	3.225728e+00	-1.910720e+01	-1.355372e-01	3.058675e-01	
1  347.159	2.558675e-01	1.380221e-01	3.195321e+00	-1.910931e+01	-1.359467e-01	3.058675e-01	
1  346.856	2.422226e-01	1.380221e-01	3.195321e+00	-1.910931e+01	-1.359467e-01	2.922226e-01	
1  345.588	2.422226e-01	1.402881e-01	3.161273e+00	-1.911021e+01	-1.314976e-01	2.922226e-01	
1  345.707	2.422226e-01	1.399468e-01	3.152801e+00	-1.911251e+01	-1.318899e-01	2.922226e-01	
1  345.504	2.422226e-01	1.398940e-01	3.130216e+00	-1.911095e+01	-1.314485e-01	2.922226e-01	
1  345.128	2.422226e-01	1.397148e-01	3.126957e+00	-1.910623e+01	-1.289816e-01	2.922226e-01	
1  345.134	2.490169e-01	1.397148e-01	3.126957e+00	-1.910623e+01	-1.289816e-01	2.990169e-01	
1  345.368	2.490169e-01	1.387980e-01	3.159563e+00	-1.910144e+01	-1.289485e-01	2.990169e-01	
1  345.257	2.490169e-01	1.376332e-01	3.129669e+00	-1.909725e+01	-1.267562e-01	2.990169e-01	
1  345.281	2.490169e-01	1.344170e-01	3.134477e+00	-1.909522e+01	-1.190608e-01	2.990169e-01	
1  345.787	2.490169e-01	1.336222e-01	3.132609e+00	-1.908919e+01	-1.181607e-01	2.990169e-01	
1  345.811	2.483808e-01	1.336222e-01	3.132609e+00	-1.908919e+01	-1.181607e-01	2.983808e-01	
3  345.876	2.483808e-01	1.350023e-01	3.191496e+00	-1.909427e+01	-1.228270e-01	2.983808e-01	
2  344.894	2.483808e-01	1.360349e-01	3.179107e+00	-1.909364e+01	-1.150930e-01	2.983808e-01	
2  344.218	2.483808e-01	1.360616e-01	3.176745e+00	-1.910603e+01	-1.120647e-01	2.983808e-01	
1  344.881	2.483808e-01	1.365928e-01	3.181456e+00	-1.909418e+01	-1.164505e-01	2.983808e-01	
1  344.91	2.483808e-01	1.373240e-01	3.163334e+00	-1.908821e+01	-1.149671e-01	2.983808e-01	
1  344.59	2.611909e-01	1.373240e-01	3.163334e+00	-1.908821e+01	-1.149671e-01	3.111909e-01	
1  344.077	2.611909e-01	1.389105e-01	3.161013e+00	-1.908812e+01	-1.107974e-01	3.111909e-01	
1  343.617	2.611909e-01	1.395425e-01	3.174126e+00	-1.908991e+01	-1.032605e-01	3.111909e-01	
1  344.428	2.611909e-01	1.397992e-01	3.177655e+00	-1.908092e+01	-1.042817e-01	3.111909e-01	
2  344.804	2.611909e-01	1.405200e-01	3.190935e+00	-1.907758e+01	-1.009185e-01	3.111909e-01	
1  344.098	2.611909e-01	1.420048e-01	3.178028e+00	-1.908196e+01	-1.001201e-01	3.111909e-01	
1  343.827	2.611909e-01	1.409259e-01	3.167269e+00	-1.908867e+01	-1.095435e-01	3.111909e-01	
2  344.2	2.611909e-01	1.407312e-01	3.149679e+00	-1.908936e+01	-1.175282e-01	3.111909e-01	
1  344.176	2.690371e-01	1.407312e-01	3.149679e+00	-1.908936e+01	-1.175282e-01	3.190371e-01	
1  343.976	2.690371e-01	1.396197e-01	3.145381e+00	-1.908993e+01	-1.141422e-01	3.190371e-01	
1  343.588	2.690371e-01	1.392426e-01	3.166025e+00	-1.909173e+01	-1.065550e-01	3.190371e-01	
1  343.511	2.690371e-01	1.407102e-01	3.164883e+00	-1.908707e+01	-1.024671e-01	3.190371e-01	
1  343.947	2.690371e-01	1.411181e-01	3.180632e+00	-1.908407e+01	-1.051240e-01	3.190371e-01	
5  343.975	2.668782e-01	1.411181e-01	3.180632e+00	-1.908407e+01	-1.051240e-01	3.168782e-01	
1  344.188	2.574558e-01	1.411181e-01	3.180632e+00	-1.908407e+01	-1.051240e-01	3.074558e-01	
1  343.985	2.574558e-01	1.417005e-01	3.168117e+00	-1.908432e+01	-1.037128e-01	3.074558e-01	
1  344.002	2.574558e-01	1.413543e-01	3.161414e+00	-1.908407e+01	-1.044946e-01	3.074558e-01	
1  343.714	2.574558e-01	1.413572e-01	3.148057e+00	-1.908799e+01	-1.079307e-01	3.074558e-01	
1  343.572	2.574558e-01	1.410465e-01	3.134693e+00	-1.908745e+01	-1.040780e-01	3.074558e-01	
1  343.458	2.620120e-01	1.410465e-01	3.134693e+00	-1.908745e+01	-1.040780e-01	3.120120e-01	
2  343.909	2.620120e-01	1.388361e-01	3.134548e+00	-1.908759e+01	-1.095595e-01	3.120120e-01	
1  344.731	2.620120e-01	1.375168e-01	3.135640e+00	-1.907780e+01	-1.015537e-01	3.120120e-01	
1  344.76	2.620120e-01	1.354514e-01	3.163207e+00	-1.908121e+01	-1.005231e-01	3.120120e-01	
1  344.382	2.800499e-01	1.354514e-01	3.163207e+00	-1.908121e+01	-1.005231e-01	3.300499e-01	
1  344.53	2.800499e-01	1.344749e-01	3.149006e+00	-1.908326e+01	-1.045494e-01	3.300499e-01	
1  345.566	2.800499e-01	1.321219e-01	3.153487e+00	-1.907901e+01	-1.069904e-01	3.300499e-01	
1  345.264	2.800499e-01	1.315909e-01	3.145787e+00	-1.908230e+01	-1.039424e-01	3.300499e-01	
1  346.202	2.800499e-01	1.296987e-01	3.124345e+00	-1.908432e+01	-1.113021e-01	3.300499e-01	
1  346.209	2.831048e-01	1.296987e-01	3.124345e+00	-1.908432e+01	-1.113021e-01	3.331048e-01	
2  345.807	2.831048e-01	1.298058e-01	3.100844e+00	-1.908417e+01	-1.062023e-01	3.331048e-01	
1  345.522	2.831048e-01	1.297511e-01	3.081587e+00	-1.908690e+01	-1.027152e-01	3.331048e-01	
1  345.246	2.831048e-01	1.306021e-01	3.080204e+00	-1.908328e+01	-9.870554e-02	3.331048e-01	
1  345.229	2.861829e-01	1.306021e-01	3.080204e+00	-1.908328e+01	-9.870554e-02	3.361829e-01	
1  345.395	2.861829e-01	1.298978e-01	3.088070e+00	-1.908363e+01	-9.878931e-02	3.361829e-01	
2  346.037	2.861829e-01	1.288707e-01	3.072835e+00	-1.908455e+01	-1.030218e-01	3.361829e-01	
1  345.764	2.861829e-01	1.300012e-01	3.062590e+00	-1.908007e+01	-9.807771e-02	3.361829e-01	
1  345.724	2.927732e-01	1.300012e-01	3.062590e+00	-1.908007e+01	-9.807771e-02	3.427732e-01	
1  345.08	2.927732e-01	1.318762e-01	3.062047e+00	-1.908244e+01	-9.956047e-02	3.427732e-01	
1  345.352	2.927732e-01	1.309179e-01	3.083477e+00	-1.908080e+01	-1.001036e-01	3.427732e-01	
1  344.413	2.927732e-01	1.333316e-01	3.117918e+00	-1.908651e+01	-1.006898e-01	3.427732e-01	
1  344.177	2.927732e-01	1.336778e-01	3.093750e+00	-1.908573e+01	-9.716059e-02	3.427732e-01	
1  344.361	3.015749e-01	1.336778e-01	3.093750e+00	-1.908573e+01	-9.716059e-02	3.515749e-01	
1  344.214	3.015749e-01	1.329106e-01	3.120253e+00	-1.909179e+01	-9.272563e-02	3.515749e-01	
2  344.37	3.015749e-01	1.331338e-01	3.120929e+00	-1.909214e+01	-9.623510e-02	3.515749e-01	
2  344.555	3.015749e-01	1.308452e-01	3.081208e+00	-1.908779e+01	-8.666182e-02	3.515749e-01	
1  344.557	3.015749e-01	1.296262e-01	3.084710e+00	-1.909055e+01	-7.859155e-02	3.515749e-01	
1  344.884	3.015749e-01	1.281639e-01	3.107192e+00	-1.909052e+01	-7.312173e-02	3.515749e-01	
1  344.996	3.015749e-01	1.276063e-01	3.124711e+00	-1.909325e+01	-7.392390e-02	3.515749e-01	
1  344.952	3.015749e-01	1.274673e-01	3.107732e+00	-1.909714e+01	-7.510580e-02	3.515749e-01	
2  344.599	2.767769e-01	1.274673e-01	3.107732e+00	-1.909714e+01	-7.510580e-02	3.267769e-01	
1  344.051	2.767769e-01	1.293558e-01	3.126487e+00	-1.909619e+01	-7.280565e-02	3.267769e-01	
2  344.153	2.767769e-01	1.304254e-01	3.129176e+00	-1.909211e+01	-6.701977e-02	3.267769e-01	
3  344.557	3.122696e-01	1.304254e-01	3.129176e+00	-1.909211e+01	-6.701977e-02	3.622696e-01	
1  344.442	3.122696e-01	1.306006e-01	3.126809e+00	-1.909624e+01	-6.763318e-02	3.622696e-01	
1  344.43	3.122696e-01	1.311049e-01	3.143458e+00	-1.909610e+01	-6.701587e-02	3.622696e-01	
1  345.124	3.246442e-01	1.311049e-01	3.143458e+00	-1.909610e+01	-6.701587e-02	3.746442e-01	
1  345.329	3.246442e-01	1.293036e-01	3.094440e+00	-1.909640e+01	-6.599006e-02	3.746442e-01	
2  345.518	3.246442e-01	1.288130e-01	3.063925e+00	-1.909619e+01	-5.755244e-02	3.746442e-01	
2  345.653	3.246442e-01	1.281794e-01	3.076417e+00	-1.909876e+01	-6.202629e-02	3.746442e-01	
2  346.192	3.246442e-01	1.271026e-01	3.048961e+00	-1.909458e+01	-6.959336e-02	3.746442e-01	
1  346.068	3.246442e-01	1.269527e-01	3.067603e+00	-1.909504e+01	-6.613169e-02	3.746442e-01	
1  346.738	3.246442e-01	1.249633e-01	3.061922e+00	-1.909746e+01	-5.936536e-02	3.746442e-01	
1  347.959	3.426347e-01	1.249633e-01	3.061922e+00	-1.909746e+01	-5.936536e-02	3.926347e-01	
1  348.559	3.426347e-01	1.243283e-01	3.047491e+00	-1.910427e+01	-5.652966e-02	3.926347e-01	
1  347.96	3.426347e-01	1.249004e-01	3.077420e+00	-1.909948e+01	-5.473182e-02	3.926347e-01	
1  347.977	3.426347e-01	1.248493e-01	3.066399e+00	-1.909831e+01	-5.619245e-02	3.926347e-01	
1  347.765	3.426347e-01	1.251729e-01	3.063628e+00	-1.909300e+01	-6.015907e-02	3.926347e-01	
2  347.058	3.318085e-01	1.251729e-01	3.063628e+00	-1.909300e+01	-6.015907e-02	3.818085e-01	
1  346.037	3.318085e-01	1.285521e-01	3.060003e+00	-1.908896e+01	-6.136609e-02	3.818085e-01	
1  346.135	3.318085e-01	1.277992e-01	3.094366e+00	-1.909023e+01	-6.297074e-02	3.818085e-01	
2  345.926	3.318085e-01	1.290981e-01	3.050492e+00	-1.909013e+01	-6.208727e-02	3.818085e-01	
2  345.64	3.318085e-01	1.304526e-01	3.046163e+00	-1.908774e+01	-6.565720e-02	3.818085e-01	
2  345.695	3.318085e-01	1.307724e-01	3.028283e+00	-1.909023e+01	-6.596451e-02	3.818085e-01	
1  346.757	3.474731e-01	1.307724e-01	3.028283e+00	-1.909023e+01	-6.596451e-02	3.974731e-01	
1  346.51	3.474731e-01	1.308949e-01	3.049318e+00	-1.908726e+01	-6.483472e-02	3.974731e-01	
1  346.485	3.474731e-01	1.310491e-01	3.049618e+00	-1.908788e+01	-6.543445e-02	3.974731e-01	
1  346.786	3.474731e-01	1.310676e-01	3.060062e+00	-1.909417e+01	-7.247137e-02	3.974731e-01	
1  347.307	3.474731e-01	1.297088e-01	3.080510e+00	-1.909578e+01	-7.590050e-02	3.974731e-01	
1  344.41	3.036818e-01	1.297088e-01	3.080510e+00	-1.909578e+01	-7.590050e-02	3.536818e-01	
1  344.524	3.036818e-01	1.302751e-01	3.072767e+00	-1.908795e+01	-7.271957e-02	3.536818e-01	
1  344.113	3.036818e-01	1.309452e-01	3.117663e+00	-1.909205e+01	-7.144086e-02	3.536818e-01	
1  343.813	3.036818e-01	1.326742e-01	3.131331e+00	-1.909678e+01	-7.861119e-02	3.536818e-01	
1  344.386	3.036818e-01	1.337666e-01	3.161973e+00	-1.910574e+01	-8.572542e-02	3.536818e-01	
1  344.904	3.109421e-01	1.337666e-01	3.161973e+00	-1.910574e+01	-8.572542e-02	3.609421e-01	
3  344.938	3.109421e-01	1.346828e-01	3.204211e+00	-1.909986e+01	-8.346637e-02	3.609421e-01	
2  344.914	3.109421e-01	1.353524e-01	3.197696e+00	-1.910424e+01	-8.269001e-02	3.609421e-01	
1  344.304	3.109421e-01	1.351950e-01	3.170105e+00	-1.910132e+01	-8.080404e-02	3.609421e-01	
1  344.31	3.109421e-01	1.351603e-01	3.171061e+00	-1.909822e+01	-8.323628e-02	3.609421e-01	
1  344.123	3.109421e-01	1.349695e-01	3.165783e+00	-1.908752e+01	-7.847708e-02	3.609421e-01	
1  344.206	3.109421e-01	1.355009e-01	3.174939e+00	-1.908648e+01	-8.006179e-02	3.609421e-01	
2  343.769	2.744501e-01	1.355009e-01	3.174939e+00	-1.908648e+01	-8.006179e-02	3.244501e-01	
1  343.629	2.744501e-01	1.329123e-01	3.140437e+00	-1.909071e+01	-7.813884e-02	3.244501e-01	
1  343.515	2.744501e-01	1.321423e-01	3.129211e+00	-1.909388e+01	-7.642749e-02	3.244501e-01	
1  342.612	2.744501e-01	1.336177e-01	3.126141e+00	-1.910651e+01	-7.533989e-02	3.244501e-01	
1  342.676	2.782459e-01	1.336177e-01	3.126141e+00	-1.910651e+01	-7.533989e-02	3.282459e-01	
1  343.143	2.782459e-01	1.316293e-01	3.130128e+00	-1.910656e+01	-7.714193e-02	3.282459e-01	
1  342.959	2.782459e-01	1.327583e-01	3.110260e+00	-1.910091e+01	-6.719717e-02	3.282459e-01	
1  343.324	2.782459e-01	1.338111e-01	3.137894e+00	-1.909278e+01	-6.986145e-02	3.282459e-01	
1  343.348	2.782459e-01	1.352794e-01	3.090963e+00	-1.908883e+01	-7.281202e-02	3.282459e-01	
1  343.3	2.814493e-01	1.352794e-01	3.090963e+00	-1.908883e+01	-7.281202e-02	3.314493e-01	
1  342.788	2.814493e-01	1.362663e-01	3.103534e+00	-1.909298e+01	-8.061273e-02	3.314493e-01	
1  342.992	2.814493e-01	1.354877e-01	3.082290e+00	-1.909810e+01	-9.090158e-02	3.314493e-01	
1  343.157	2.814493e-01	1.348201e-01	3.063812e+00	-1.909310e+01	-8.177513e-02	3.314493e-01	
1  342.868	2.814493e-01	1.349413e-01	3.100933e+00	-1.909604e+01	-8.305847e-02	3.314493e-01	
1  342.971	2.641331e-01	1.349413e-01	3.100933e+00	-1.909604e+01	-8.305847e-02	3.141331e-01	
1  343.013	2.641331e-01	1.341522e-01	3.059574e+00	-1.910017e+01	-7.469488e-02	3.141331e-01	
1  343.34	2.641331e-01	1.311299e-01	3.065449e+00	-1.910712e+01	-8.004009e-02	3.141331e-01	
1  343.192	2.641331e-01	1.317201e-01	3.047285e+00	-1.910979e+01	-7.720017e-02	3.141331e-01	
2  343.103	2.641331e-01	1.310641e-01	3.039976e+00	-1.911825e+01	-6.427934e-02	3.141331e-01	
1  343.141	2.641331e-01	1.305438e-01	3.060725e+00	-1.911497e+01	-7.030364e-02	3.141331e-01	
1  342.798	2.641331e-01	1.311972e-01	3.090789e+00	-1.911441e+01	-6.584236e-02	3.141331e-01	
2  342.755	2.641331e-01	1.313462e-01	3.088975e+00	-1.911503e+01	-6.637515e-02	3.141331e-01	
1  342.782	2.566085e-01	1.313462e-01	3.088975e+00	-1.911503e+01	-6.637515e-02	3.066085e-01	
1  342.815	2.566085e-01	1.305468e-01	3.097140e+00	-1.912131e+01	-6.327534e-02	3.066085e-01	
1  342.548	2.566085e-01	1.321569e-01	3.129804e+00	-1.911641e+01	-6.816906e-02	3.066085e-01	
2  342.511	2.566085e-01	1.324986e-01	3.135011e+00	-1.912672e+01	-6.800633e-02	3.066085e-01	
1  342.425	2.499317e-01	1.324986e-01	3.135011e+00	-1.912672e+01	-6.800633e-02	2.999317e-01	
1  342.496	2.499317e-01	1.321461e-01	3.142242e+00	-1.912750e+01	-6.320520e-02	2.999317e-01	
1  342.221	2.499317e-01	1.335162e-01	3.123975e+00	-1.912247e+01	-5.977058e-02	2.999317e-01	
1  342.403	2.499317e-01	1.331479e-01	3.089292e+00	-1.912000e+01	-5.847200e-02	2.999317e-01	
1  342.504	2.499317e-01	1.329154e-01	3.109922e+00	-1.911641e+01	-6.095983e-02	2.999317e-01	
1  342.458	2.525643e-01	1.329154e-01	3.109922e+00	-1.911641e+01	-6.095983e-02	3.025643e-01	
1  342.73	2.525643e-01	1.322084e-01	3.127972e+00	-1.911857e+01	-5.321280e-02	3.025643e-01	
1  342.518	2.525643e-01	1.332524e-01	3.134240e+00	-1.911963e+01	-5.329542e-02	3.025643e-01	
1  342.579	2.525643e-01	1.331945e-01	3.111658e+00	-1.911637e+01	-5.481643e-02	3.025643e-01	
4  343.242	2.525643e-01	1.317141e-01	3.115379e+00	-1.910794e+01	-6.035333e-02	3.025643e-01	
1  342.589	2.525643e-01	1.324725e-01	3.106926e+00	-1.911906e+01	-5.474370e-02	3.025643e-01	
1  342.838	2.525643e-01	1.324697e-01	3.098468e+00	-1.911289e+01	-5.764210e-02	3.025643e-01	
1  343.189	2.424091e-01	1.324697e-01	3.098468e+00	-1.911289e+01	-5.764210e-02	2.924091e-01	
2  343.839	2.424091e-01	1.322153e-01	3.130961e+00	-1.910880e+01	-5.254160e-02	2.924091e-01	
2  343.77	2.424091e-01	1.314627e-01	3.134913e+00	-1.911177e+01	-5.128282e-02	2.924091e-01	
1  343.26	2.578325e-01	1.314627e-01	3.134913e+00	-1.911177e+01	-5.128282e-02	3.078325e-01	
2  342.731	2.578325e-01	1.317964e-01	3.152052e+00	-1.912203e+01	-5.611826e-02	3.078325e-01	
1  342.847	2.578325e-01	1.315436e-01	3.160957e+00	-1.912667e+01	-6.326384e-02	3.078325e-01	
2  342.765	2.578325e-01	1.308578e-01	3.112467e+00	-1.912031e+01	-6.773736e-02	3.078325e-01	
1  342.951	2.578325e-01	1.303613e-01	3.102607e+00	-1.911719e+01	-6.965071e-02	3.078325e-01	
1  342.511	2.578325e-01	1.323591e-01	3.069767e+00	-1.912356e+01	-6.671266e-02	3.078325e-01	
1  342.429	2.578325e-01	1.324203e-01	3.079540e+00	-1.912415e+01	-6.224856e-02	3.078325e-01	
1  342.466	2.578325e-01	1.335049e-01	3.067132e+00	-1.911455e+01	-6.335408e-02	3.078325e-01	
1  342.582	2.511424e-01	1.335049e-01	3.067132e+00	-1.911455e+01	-6.335408e-02	3.011424e-01	
4  342.222	2.511424e-01	1.349126e-01	3.095810e+00	-1.911243e+01	-6.950951e-02	3.011424e-01	
2  342.322	2.469304e-01	1.349126e-01	3.095810e+00	-1.911243e+01	-6.950951e-02	2.969304e-01	
1  342.149	2.469304e-01	1.347185e-01	3.083649e+00	-1.911777e+01	-7.104965e-02	2.969304e-01	
3  341.878	2.469304e-01	1.359486e-01	3.096027e+00	-1.912127e+01	-7.508237e-02	2.969304e-01	
1  341.954	2.469304e-01	1.364112e-01	3.073775e+00	-1.912032e+01	-7.771381e-02	2.969304e-01	
1  342.688	2.469304e-01	1.364747e-01	3.047099e+00	-1.910808e+01	-8.181018e-02	2.969304e-01	
1  342.044	2.469304e-01	1.378507e-01	3.075421e+00	-1.911710e+01	-8.644387e-02	2.969304e-01	
2  342.3	2.469304e-01	1.367913e-01	3.066416e+00	-1.911366e+01	-8.612975e-02	2.969304e-01	
1  342.749	2.469304e-01	1.370801e-01	3.070018e+00	-1.911785e+01	-9.756800e-02	2.969304e-01	
1  342.623	2.469304e-01	1.384937e-01	3.045253e+00	-1.911481e+01	-9.529458e-02	2.969304e-01	
1  342.689	2.469304e-01	1.392344e-01	3.054202e+00	-1.911742e+01	-9.925891e-02	2.969304e-01	
1  342.676	2.469304e-01	1.384454e-01	3.045773e+00	-1.912740e+01	-9.300252e-02	2.969304e-01	
1  342.634	2.351038e-01	1.384454e-01	3.045773e+00	-1.912740e+01	-9.300252e-02	2.851038e-01	
1  342.811	2.351038e-01	1.383753e-01	3.036845e+00	-1.911756e+01	-9.344396e-02	2.851038e-01	
1  342.531	2.351038e-01	1.382171e-01	3.058499e+00	-1.913118e+01	-9.118597e-02	2.851038e-01	
2  342.742	2.351038e-01	1.388377e-01	3.076235e+00	-1.913537e+01	-9.409560e-02	2.851038e-01	
1  342.769	2.197552e-01	1.388377e-01	3.076235e+00	-1.913537e+01	-9.409560e-02	2.697552e-01	
1  342.704	2.197552e-01	1.398771e-01	3.086980e+00	-1.913774e+01	-9.431810e-02	2.697552e-01	
1  342.389	2.197552e-01	1.407348e-01	3.105111e+00	-1.913449e+01	-9.258553e-02	2.697552e-01	
1  342.852	2.197552e-01	1.413635e-01	3.081084e+00	-1.913927e+01	-9.664931e-02	2.697552e-01	
1  342.931	2.197552e-01	1.424190e-01	3.117155e+00	-1.914352e+01	-9.532727e-02	2.697552e-01	
1  342.923	2.134120e-01	1.424190e-01	3.117155e+00	-1.914352e+01	-9.532727e-02	2.634120e-01	
1  342.828	2.134120e-01	1.393744e-01	3.127987e+00	-1.914265e+01	-9.168377e-02	2.634120e-01	
1  342.721	2.134120e-01	1.396153e-01	3.122356e+00	-1.914384e+01	-8.964933e-02	2.634120e-01	
1  342.152	2.134120e-01	1.403757e-01	3.113165e+00	-1.913495e+01	-8.321746e-02	2.634120e-01	
2  342.42	2.134120e-01	1.401123e-01	3.128165e+00	-1.912369e+01	-7.780009e-02	2.634120e-01	
1  342.605	2.134120e-01	1.406455e-01	3.114521e+00	-1.912087e+01	-7.525229e-02	2.634120e-01	
1  342.703	2.134120e-01	1.383945e-01	3.152767e+00	-1.912216e+01	-7.902897e-02	2.634120e-01	
1  343.152	2.134120e-01	1.374121e-01	3.136581e+00	-1.911695e+01	-8.188856e-02	2.634120e-01	
2  343.032	2.134120e-01	1.364111e-01	3.154377e+00	-1.912222e+01	-8.500303e-02	2.634120e-01	
1  342.828	2.134120e-01	1.377503e-01	3.136371e+00	-1.912094e+01	-8.250339e-02	2.634120e-01	
1  342.773	2.134120e-01	1.377452e-01	3.153036e+00	-1.912275e+01	-8.269361e-02	2.634120e-01	
1  342.856	2.134120e-01	1.380833e-01	3.158255e+00	-1.912323e+01	-8.836459e-02	2.634120e-01	
1  343.268	2.134120e-01	1.360091e-01	3.145883e+00	-1.912985e+01	-9.499866e-02	2.634120e-01	
1  343.006	2.373699e-01	1.360091e-01	3.145883e+00	-1.912985e+01	-9.499866e-02	2.873699e-01	
1  343.663	2.373699e-01	1.371234e-01	3.161389e+00	-1.914003e+01	-9.508897e-02	2.873699e-01	
2  342.941	2.373699e-01	1.369918e-01	3.162024e+00	-1.914111e+01	-8.411328e-02	2.873699e-01	
1  343.482	2.373699e-01	1.365088e-01	3.210148e+00	-1.914152e+01	-8.089198e-02	2.873699e-01	
1  343.297	2.299128e-01	1.365088e-01	3.210148e+00	-1.914152e+01	-8.089198e-02	2.799128e-01	
1  343.146	2.299128e-01	1.376302e-01	3.192596e+00	-1.914194e+01	-8.465600e-02	2.799128e-01	
1  343.862	2.299128e-01	1.349062e-01	3.183666e+00	-1.914453e+01	-8.819640e-02	2.799128e-01	
1  343.487	2.299128e-01	1.364074e-01	3.200232e+00	-1.914636e+01	-8.031173e-02	2.799128e-01	
1  344.211	2.299128e-01	1.352213e-01	3.223882e+00	-1.914794e+01	-8.061110e-02	2.799128e-01	
1  343.955	2.090144e-01	1.352213e-01	3.223882e+00	-1.914794e+01	-8.061110e-02	2.590144e-01	
2  344.386	2.090144e-01	1.336317e-01	3.224030e+00	-1.914870e+01	-8.238351e-02	2.590144e-01	
2  344.545	2.090144e-01	1.326438e-01	3.243956e+00	-1.915172e+01	-7.003818e-02	2.590144e-01	
1  344.681	2.246392e-01	1.326438e-01	3.243956e+00	-1.915172e+01	-7.003818e-02	2.746392e-01	
1  344.154	2.246392e-01	1.331420e-01	3.241101e+00	-1.914976e+01	-6.320836e-02	2.746392e-01	
1  343.488	2.246392e-01	1.326872e-01	3.222189e+00	-1.914130e+01	-6.275936e-02	2.746392e-01	
1  343.008	2.246392e-01	1.343776e-01	3.214377e+00	-1.913653e+01	-6.527764e-02	2.746392e-01	
1  343.752	2.246392e-01	1.337812e-01	3.251212e+00	-1.913502e+01	-6.493174e-02	2.746392e-01	
1  344.006	2.132165e-01	1.337812e-01	3.251212e+00	-1.913502e+01	-6.493174e-02	2.632165e-01	
1  344.1	2.132165e-01	1.336696e-01	3.251082e+00	-1.913439e+01	-5.938940e-02	2.632165e-01	
1  344.015	2.132165e-01	1.337418e-01	3.236252e+00	-1.913262e+01	-5.461142e-02	2.632165e-01	
1  344.144	2.132165e-01	1.329652e-01	3.249909e+00	-1.913735e+01	-5.854092e-02	2.632165e-01	
1  343.725	2.132165e-01	1.338788e-01	3.236033e+00	-1.914458e+01	-5.743059e-02	2.632165e-01	
1  343.676	2.323725e-01	1.338788e-01	3.236033e+00	-1.914458e+01	-5.743059e-02	2.823725e-01	
1  342.739	2.323725e-01	1.346661e-01	3.196328e+00	-1.914036e+01	-6.109389e-02	2.823725e-01	
1  343.094	2.323725e-01	1.329249e-01	3.182097e+00	-1.914564e+01	-6.307499e-02	2.823725e-01	
2  343.364	2.323725e-01	1.332674e-01	3.207763e+00	-1.914431e+01	-6.539581e-02	2.823725e-01	
1  343.292	2.248598e-01	1.332674e-01	3.207763e+00	-1.914431e+01	-6.539581e-02	2.748598e-01	
1  343.313	2.248598e-01	1.316018e-01	3.188019e+00	-1.914205e+01	-6.691792e-02	2.748598e-01	
1  343.023	2.248598e-01	1.310369e-01	3.143308e+00	-1.914004e+01	-6.603215e-02	2.748598e-01	
1  343.289	2.248598e-01	1.302626e-01	3.124586e+00	-1.913992e+01	-7.093218e-02	2.748598e-01	
1  343.347	2.248598e-01	1.303291e-01	3.119002e+00	-1.914177e+01	-7.186432e-02	2.748598e-01	
1  343.537	2.447151e-01	1.303291e-01	3.119002e+00	-1.914177e+01	-7.186432e-02	2.947151e-01	
1  342.96	2.447151e-01	1.309830e-01	3.153984e+00	-1.913196e+01	-6.937466e-02	2.947151e-01	
1  342.844	2.447151e-01	1.313857e-01	3.140181e+00	-1.913344e+01	-7.012599e-02	2.947151e-01	
1  342.698	2.447151e-01	1.332296e-01	3.161534e+00	-1.913332e+01	-7.342719e-02	2.947151e-01	
1  342.602	2.447151e-01	1.331985e-01	3.163776e+00	-1.913472e+01	-6.688988e-02	2.947151e-01	
1  342.555	2.410651e-01	1.331985e-01	3.163776e+00	-1.913472e+01	-6.688988e-02	2.910651e-01	
1  342.152	2.410651e-01	1.359399e-01	3.161886e+00	-1.913213e+01	-7.249682e-02	2.910651e-01	
1  342.187	2.410651e-01	1.351337e-01	3.134423e+00	-1.913314e+01	-7.521717e-02	2.910651e-01	
1  342.459	2.410651e-01	1.361364e-01	3.124674e+00	-1.914220e+01	-7.452094e-02	2.910651e-01	
1  342.792	2.410651e-01	1.357232e-01	3.170701e+00	-1.913715e+01	-8.029886e-02	2.910651e-01	
1  342.763	2.398346e-01	1.357232e-01	3.170701e+00	-1.913715e+01	-8.029886e-02	2.898346e-01	
2  342.624	2.398346e-01	1.354667e-01	3.172393e+00	-1.913141e+01	-8.221047e-02	2.898346e-01	
1  342.8	2.398346e-01	1.353211e-01	3.188568e+00	-1.912963e+01	-8.292165e-02	2.898346e-01	
1  343.106	2.398346e-01	1.345672e-01	3.185304e+00	-1.912913e+01	-8.742098e-02	2.898346e-01	
2  343.067	2.348656e-01	1.345672e-01	3.185304e+00	-1.912913e+01	-8.742098e-02	2.848656e-01	
1  343.308	2.348656e-01	1.340628e-01	3.151003e+00	-1.912671e+01	-9.531315e-02	2.848656e-01	
1  342.969	2.348656e-01	1.335589e-01	3.147995e+00	-1.913051e+01	-8.705037e-02	2.848656e-01	
1  342.551	2.348656e-01	1.353200e-01	3.141639e+00	-1.913064e+01	-8.624889e-02	2.848656e-01	
1  342.653	2.232695e-01	1.353200e-01	3.141639e+00	-1.913064e+01	-8.624889e-02	2.732695e-01	
1  342.509	2.232695e-01	1.371084e-01	3.133840e+00	-1.912630e+01	-8.988221e-02	2.732695e-01	
1  342.694	2.232695e-01	1.364832e-01	3.132941e+00	-1.912600e+01	-9.175521e-02	2.732695e-01	
1  343.038	2.232695e-01	1.363797e-01	3.146865e+00	-1.911569e+01	-9.170967e-02	2.732695e-01	
1  343.297	2.232695e-01	1.388975e-01	3.170336e+00	-1.910875e+01	-9.355375e-02	2.732695e-01	
2  343.108	2.270502e-01	1.388975e-01	3.170336e+00	-1.910875e+01	-9.355375e-02	2.770502e-01	
1  343.654	2.270502e-01	1.357191e-01	3.166035e+00	-1.910983e+01	-9.833973e-02	2.770502e-01	
1  344.308	2.270502e-01	1.338679e-01	3.131126e+00	-1.911034e+01	-1.049941e-01	2.770502e-01	
2  344.245	2.270502e-01	1.340772e-01	3.169123e+00	-1.910572e+01	-9.729142e-02	2.770502e-01	
1  344.057	2.270502e-01	1.348795e-01	3.189064e+00	-1.910656e+01	-9.458785e-02	2.770502e-01	
2  343.667	2.270502e-01	1.345861e-01	3.193229e+00	-1.911391e+01	-9.304821e-02	2.770502e-01	
3  343.602	2.270502e-01	1.345070e-01	3.205402e+00	-1.911561e+01	-8.912065e-02	2.770502e-01	
1  343.155	2.270502e-01	1.360224e-01	3.194510e+00	-1.911647e+01	-8.863145e-02	2.770502e-01	
1  343.318	2.270502e-01	1.354409e-01	3.212845e+00	-1.912385e+01	-8.852372e-02	2.770502e-01	
1  343.27	2.270502e-01	1.345125e-01	3.202194e+00	-1.912787e+01	-8.691134e-02	2.770502e-01	
1  343.485	2.508098e-01	1.345125e-01	3.202194e+00	-1.912787e+01	-8.691134e-02	3.008098e-01	
2  343.305	2.508098e-01	1.354550e-01	3.205390e+00	-1.912299e+01	-8.946191e-02	3.008098e-01	
1  343.244	2.508098e-01	1.349352e-01	3.210724e+00	-1.912217e+01	-8.576693e-02	3.008098e-01	
1  342.324	2.508098e-01	1.368953e-01	3.180004e+00	-1.912122e+01	-8.076959e-02	3.008098e-01	
1  343.337	2.792210e-01	1.368953e-01	3.180004e+00	-1.912122e+01	-8.076959e-02	3.292210e-01	
1  342.645	2.792210e-01	1.379602e-01	3.145540e+00	-1.911852e+01	-7.964720e-02	3.292210e-01	
1  342.238	2.792210e-01	1.386667e-01	3.149102e+00	-1.910754e+01	-7.521657e-02	3.292210e-01	
1  342.342	2.792210e-01	1.381751e-01	3.159680e+00	-1.910812e+01	-7.323553e-02	3.292210e-01	
1  342.56	2.792210e-01	1.370128e-01	3.171564e+00	-1.910700e+01	-7.359264e-02	3.292210e-01	
1  342.763	2.856416e-01	1.370128e-01	3.171564e+00	-1.910700e+01	-7.359264e-02	3.356416e-01	
1  342.583	2.856416e-01	1.369393e-01	3.153228e+00	-1.910756e+01	-7.375164e-02	3.356416e-01	
1  342.847	2.856416e-01	1.370463e-01	3.161590e+00	-1.910990e+01	-8.010721e-02	3.356416e-01	
1  342.484	2.856416e-01	1.382677e-01	3.106873e+00	-1.910208e+01	-8.595665e-02	3.356416e-01	
2  342.802	2.856416e-01	1.384635e-01	3.101611e+00	-1.909194e+01	-9.051092e-02	3.356416e-01	
1  342.799	2.856416e-01	1.374144e-01	3.113271e+00	-1.909821e+01	-9.116809e-02	3.356416e-01	
2  342.532	2.856416e-01	1.394416e-01	3.094429e+00	-1.910184e+01	-8.982299e-02	3.356416e-01	
1  342.299	2.856416e-01	1.412987e-01	3.060185e+00	-1.910035e+01	-7.607256e-02	3.356416e-01	
1  342.196	2.778034e-01	1.412987e-01	3.060185e+00	-1.910035e+01	-7.607256e-02	3.278034e-01	
1  342.134	2.778034e-01	1.383775e-01	3.063285e+00	-1.910845e+01	-7.844557e-02	3.278034e-01	
1  341.942	2.778034e-01	1.394244e-01	3.082477e+00	-1.910802e+01	-7.200234e-02	3.278034e-01	
1  341.947	2.778034e-01	1.402639e-01	3.119889e+00	-1.910986e+01	-6.950928e-02	3.278034e-01	
1  341.933	2.778034e-01	1.425446e-01	3.088290e+00	-1.910810e+01	-7.441267e-02	3.278034e-01	
1  341.791	2.692506e-01	1.425446e-01	3.088290e+00	-1.910810e+01	-7.441267e-02	3.192506e-01	
1  342.038	2.692506e-01	1.403088e-01	3.058669e+00	-1.910608e+01	-8.313512e-02	3.192506e-01	
1  341.943	2.692506e-01	1.409376e-01	3.039256e+00	-1.911401e+01	-7.260260e-02	3.192506e-01	
1  341.897	2.692506e-01	1.413295e-01	3.052765e+00	-1.911087e+01	-7.815952e-02	3.192506e-01	
1  342.25	2.692506e-01	1.425375e-01	3.031968e+00	-1.910434e+01	-7.959829e-02	3.192506e-01	
2  342.253	2.706787e-01	1.425375e-01	3.031968e+00	-1.910434e+01	-7.959829e-02	3.206787e-01	
1  342.57	2.706787e-01	1.421464e-01	2.998830e+00	-1.911009e+01	-8.056729e-02	3.206787e-01	
1  342.278	2.706787e-01	1.427396e-01	3.024093e+00	-1.911614e+01	-8.126554e-02	3.206787e-01	
1  341.895	2.706787e-01	1.425609e-01	3.073143e+00	-1.911093e+01	-8.246729e-02	3.206787e-01	
1  341.847	2.484057e-01	1.425609e-01	3.073143e+00	-1.911093e+01	-8.246729e-02	2.984057e-01	
1  342.033	2.484057e-01	1.390859e-01	3.069380e+00	-1.911228e+01	-8.632048e-02	2.984057e-01	
1  342.381	2.484057e-01	1.379954e-01	3.053473e+00	-1.911593e+01	-9.126532e-02	2.984057e-01	
1  341.97	2.484057e-01	1.395286e-01	3.085306e+00	-1.911975e+01	-8.978508e-02	2.984057e-01	
1  341.995	2.484057e-01	1.413853e-01	3.094592e+00	-1.911903e+01	-9.306182e-02	2.984057e-01	
1  342.03	2.374721e-01	1.413853e-01	3.094592e+00	-1.911903e+01	-9.306182e-02	2.874721e-01	
1  341.906	2.374721e-01	1.410904e-01	3.067468e+00	-1.912188e+01	-8.704585e-02	2.874721e-01	
1  341.952	2.374721e-01	1.413507e-01	3.103177e+00	-1.912390e+01	-9.144718e-02	2.874721e-01	
1  342.634	2.374721e-01	1.384895e-01	3.094028e+00	-1.912132e+01	-9.942102e-02	2.874721e-01	
2  342.455	2.374721e-01	1.399556e-01	3.141307e+00	-1.911973e+01	-9.834736e-02	2.874721e-01	
1  342.671	2.374721e-01	1.415269e-01	3.157148e+00	-1.911591e+01	-1.020716e-01	2.874721e-01	
1  342.526	2.374721e-01	1.431100e-01	3.158785e+00	-1.911448e+01	-9.982616e-02	2.874721e-01	
1  342.718	2.374721e-01	1.444013e-01	3.186646e+00	-1.911409e+01	-9.762500e-02	2.874721e-01	
1  342.932	2.374721e-01	1.437377e-01	3.192091e+00	-1.911155e+01	-1.004052e-01	2.874721e-01	
1  343.068	2.302629e-01	1.437377e-01	3.192091e+00	-1.911155e+01	-1.004052e-01	2.802629e-01	
1  343.449	2.302629e-01	1.432275e-01	3.221673e+00	-1.910946e+01	-9.775967e-02	2.802629e-01	
1  343.473	2.302629e-01	1.456261e-01	3.211193e+00	-1.910658e+01	-9.598354e-02	2.802629e-01	
2  343.018	2.302629e-01	1.461324e-01	3.183162e+00	-1.911073e+01	-9.835490e-02	2.802629e-01	
1  342.836	2.397560e-01	1.461324e-01	3.183162e+00	-1.911073e+01	-9.835490e-02	2.897560e-01	
1  342.482	2.397560e-01	1.446460e-01	3.167396e+00	-1.911641e+01	-9.736789e-02	2.897560e-01	
2  342.835	2.397560e-01	1.444333e-01	3.160321e+00	-1.911447e+01	-1.050703e-01	2.897560e-01	
2  342.784	2.397560e-01	1.457952e-01	3.169355e+00	-1.911573e+01	-1.017943e-01	2.897560e-01	
1  342.829	2.397560e-01	1.463933e-01	3.183191e+00	-1.911612e+01	-9.885169e-02	2.897560e-01	
1  342.804	2.397560e-01	1.438452e-01	3.186773e+00	-1.912512e+01	-9.669802e-02	2.897560e-01	
1  343.016	2.397560e-01	1.439808e-01	3.214276e+00	-1.913409e+01	-8.356676e-02	2.897560e-01	
2  341.933	2.397560e-01	1.432011e-01	3.158941e+00	-1.913222e+01	-7.768736e-02	2.897560e-01	
1  341.782	2.397560e-01	1.437548e-01	3.154079e+00	-1.913017e+01	-7.250176e-02	2.897560e-01	
1  341.917	2.397560e-01	1.433494e-01	3.171486e+00	-1.912931e+01	-6.696988e-02	2.897560e-01	
1  341.857	2.397560e-01	1.424657e-01	3.172178e+00	-1.912744e+01	-7.247300e-02	2.897560e-01	
3  341.906	2.397560e-01	1.434967e-01	3.162433e+00	-1.913360e+01	-6.733697e-02	2.897560e-01	
2  342.586	2.397560e-01	1.432436e-01	3.195981e+00	-1.913884e+01	-7.159861e-02	2.897560e-01	
2  343.095	2.397560e-01	1.448915e-01	3.192168e+00	-1.914146e+01	-8.003976e-02	2.897560e-01	
1  343.255	2.397560e-01	1.445038e-01	3.203943e+00	-1.914480e+01	-7.174157e-02	2.897560e-01	
1  343.562	2.397560e-01	1.458468e-01	3.207573e+00	-1.914340e+01	-7.858515e-02	2.897560e-01	
1  343.563	2.397560e-01	1.464146e-01	3.198254e+00	-1.914380e+01	-7.998465e-02	2.897560e-01	
1  343.342	2.397560e-01	1.485440e-01	3.177402e+00	-1.914049e+01	-8.191337e-02	2.897560e-01	
1  343.371	2.405038e-01	1.485440e-01	3.177402e+00	-1.914049e+01	-8.191337e-02	2.905038e-01	
1  343.1	2.405038e-01	1.469678e-01	3.164882e+00	-1.914453e+01	-7.595475e-02	2.905038e-01	
1  342.273	2.405038e-01	1.455088e-01	3.150810e+00	-1.913882e+01	-7.346929e-02	2.905038e-01	
1  342.21	2.405038e-01	1.448618e-01	3.181313e+00	-1.913225e+01	-6.935478e-02	2.905038e-01	
3  341.857	2.405038e-01	1.436690e-01	3.166345e+00	-1.912778e+01	-7.133031e-02	2.905038e-01	
1  341.646	2.405038e-01	1.432515e-01	3.134736e+00	-1.912854e+01	-6.405076e-02	2.905038e-01	
1  341.638	2.405038e-01	1.434434e-01	3.137937e+00	-1.912693e+01	-6.702799e-02	2.905038e-01	
1  342.11	2.405038e-01	1.433176e-01	3.182651e+00	-1.911909e+01	-6.989237e-02	2.905038e-01	
1  342.357	2.294312e-01	1.433176e-01	3.182651e+00	-1.911909e+01	-6.989237e-02	2.794312e-01	
1  342.088	2.294312e-01	1.445795e-01	3.174907e+00	-1.912692e+01	-7.040445e-02	2.794312e-01	
1  342.175	2.294312e-01	1.441283e-01	3.142428e+00	-1.911909e+01	-6.709645e-02	2.794312e-01	
1  342.609	2.294312e-01	1.431464e-01	3.141481e+00	-1.911292e+01	-6.604438e-02	2.794312e-01	
1  342.443	2.294312e-01	1.421827e-01	3.141647e+00	-1.911251e+01	-7.084925e-02	2.794312e-01	
1  342.246	2.337544e-01	1.421827e-01	3.141647e+00	-1.911251e+01	-7.084925e-02	2.837544e-01	
1  341.953	2.337544e-01	1.411810e-01	3.163422e+00	-1.912030e+01	-6.942606e-02	2.837544e-01	
3  342.114	2.337544e-01	1.419426e-01	3.152557e+00	-1.911441e+01	-7.335484e-02	2.837544e-01	
1  342.021	2.366049e-01	1.419426e-01	3.152557e+00	-1.911441e+01	-7.335484e-02	2.866049e-01	
2  341.958	2.366049e-01	1.425419e-01	3.141608e+00	-1.911458e+01	-7.368932e-02	2.866049e-01	
1  341.995	2.366049e-01	1.409438e-01	3.101665e+00	-1.911321e+01	-7.329894e-02	2.866049e-01	
1  342.032	2.366049e-01	1.400121e-01	3.098900e+00	-1.911367e+01	-7.151109e-02	2.866049e-01	
1  342.534	2.263680e-01	1.400121e-01	3.098900e+00	-1.911367e+01	-7.151109e-02	2.763680e-01	
1  342.346	2.263680e-01	1.396926e-01	3.085777e+00	-1.911732e+01	-7.002364e-02	2.763680e-01	
1  342.92	2.263680e-01	1.395366e-01	3.114143e+00	-1.911076e+01	-6.770399e-02	2.763680e-01	
1  342.008	2.263680e-01	1.410137e-01	3.105777e+00	-1.912252e+01	-6.513337e-02	2.763680e-01	
2  342.176	2.263680e-01	1.416067e-01	3.115180e+00	-1.911979e+01	-6.502114e-02	2.763680e-01	
1  342.205	2.263680e-01	1.416132e-01	3.162166e+00	-1.912201e+01	-6.492187e-02	2.763680e-01	
2  342.15	2.263680e-01	1.418729e-01	3.168004e+00	-1.912366e+01	-6.571201e-02	2.763680e-01	
1  341.939	2.263680e-01	1.418623e-01	3.169657e+00	-1.913080e+01	-6.660708e-02	2.763680e-01	
2  342.476	2.105591e-01	1.418623e-01	3.169657e+00	-1.913080e+01	-6.660708e-02	2.605591e-01	
1  342.465	2.105591e-01	1.424452e-01	3.179513e+00	-1.913362e+01	-6.670951e-02	2.605591e-01	
1  342.289	2.105591e-01	1.419030e-01	3.166229e+00	-1.914228e+01	-6.114116e-02	2.605591e-01	
1  342.066	2.105591e-01	1.432023e-01	3.133712e+00	-1.913837e+01	-7.438661e-02	2.605591e-01	
1  342.579	1.988348e-01	1.432023e-01	3.133712e+00	-1.913837e+01	-7.438661e-02	2.488348e-01	
1  342.503	1.988348e-01	1.430491e-01	3.129813e+00	-1.914330e+01	-7.587695e-02	2.488348e-01	
1  342.577	1.988348e-01	1.429493e-01	3.139152e+00	-1.914163e+01	-7.919040e-02	2.488348e-01	
1  342.651	1.988348e-01	1.438707e-01	3.151561e+00	-1.914405e+01	-7.889774e-02	2.488348e-01	
1  342.568	1.988348e-01	1.430224e-01	3.147819e+00	-1.914726e+01	-7.418783e-02	2.488348e-01	
1  342.38	2.051674e-01	1.430224e-01	3.147819e+00	-1.914726e+01	-7.418783e-02	2.551674e-01	
1  342.528	2.051674e-01	1.444449e-01	3.122439e+00	-1.914668e+01	-8.253976e-02	2.551674e-01	
1  342.344	2.051674e-01	1.449231e-01	3.128349e+00	-1.914317e+01	-7.653032e-02	2.551674e-01	
1  342.385	2.051674e-01	1.453191e-01	3.117096e+00	-1.914285e+01	-7.898011e-02	2.551674e-01	
1  342.333	2.051674e-01	1.449342e-01	3.092344e+00	-1.914130e+01	-7.098470e-02	2.551674e-01	
1  341.992	2.159517e-01	1.449342e-01	3.092344e+00	-1.914130e+01	-7.098470e-02	2.659517e-01	
1  341.987	2.159517e-01	1.444831e-01	3.094832e+00	-1.914364e+01	-6.928218e-02	2.659517e-01	
1  342.208	2.159517e-01	1.445537e-01	3.094983e+00	-1.915037e+01	-6.780374e-02	2.659517e-01	
1  342.362	2.159517e-01	1.462248e-01	3.074592e+00	-1.914904e+01	-6.819619e-02	2.659517e-01	
1  342.213	2.159517e-01	1.468239e-01	3.078103e+00	-1.913977e+01	-7.365432e-02	2.659517e-01	
1  343.063	1.960457e-01	1.468239e-01	3.078103e+00	-1.913977e+01	-7.365432e-02	2.460457e-01	
1  343.194	1.960457e-01	1.477547e-01	3.101792e+00	-1.913694e+01	-7.168294e-02	2.460457e-01	
1  343.247	1.960457e-01	1.478152e-01	3.074841e+00	-1.914213e+01	-6.681063e-02	2.460457e-01	
1  343.057	1.960457e-01	1.457824e-01	3.084304e+00	-1.914348e+01	-6.137875e-02	2.460457e-01	
1  342.861	1.960457e-01	1.458301e-01	3.082306e+00	-1.915161e+01	-7.230701e-02	2.460457e-01	
1  342.634	2.030344e-01	1.458301e-01	3.082306e+00	-1.915161e+01	-7.230701e-02	2.530344e-01	
1  342.807	2.030344e-01	1.454778e-01	3.062300e+00	-1.915406e+01	-7.254009e-02	2.530344e-01	
1  342.464	2.030344e-01	1.454000e-01	3.108676e+00	-1.914884e+01	-7.199172e-02	2.530344e-01	
1  342.343	2.030344e-01	1.438301e-01	3.115852e+00	-1.914846e+01	-6.616258e-02	2.530344e-01	
1  342.552	2.030344e-01	1.450901e-01	3.140858e+00	-1.915090e+01	-6.578502e-02	2.530344e-01	
1  342.705	1.979467e-01	1.450901e-01	3.140858e+00	-1.915090e+01	-6.578502e-02	2.479467e-01	
1  342.942	1.979467e-01	1.452142e-01	3.145911e+00	-1.915720e+01	-6.866432e-02	2.479467e-01	
1  343.044	1.979467e-01	1.455127e-01	3.149494e+00	-1.915822e+01	-6.866720e-02	2.479467e-01	
1  342.81	1.979467e-01	1.440723e-01	3.141664e+00	-1.915649e+01	-6.926795e-02	2.479467e-01	
1  343.033	1.979467e-01	1.439130e-01	3.164543e+00	-1.915883e+01	-6.516142e-02	2.479467e-01	
1  342.989	2.128612e-01	1.439130e-01	3.164543e+00	-1.915883e+01	-6.516142e-02	2.628612e-01	
1  343.879	2.128612e-01	1.439913e-01	3.116242e+00	-1.916883e+01	-7.115176e-02	2.628612e-01	
1  343.826	2.128612e-01	1.426865e-01	3.104175e+00	-1.917231e+01	-6.047130e-02	2.628612e-01	
1  343.494	2.128612e-01	1.411830e-01	3.111518e+00	-1.916916e+01	-6.298781e-02	2.628612e-01	
1  343.892	2.128612e-01	1.414272e-01	3.109649e+00	-1.917392e+01	-5.581405e-02	2.628612e-01	
1  343.758	1.889280e-01	1.414272e-01	3.109649e+00	-1.917392e+01	-5.581405e-02	2.389280e-01	
1  343.787	1.889280e-01	1.391148e-01	3.094471e+00	-1.917332e+01	-4.981688e-02	2.389280e-01	
1  343.774	1.889280e-01	1.398718e-01	3.053676e+00	-1.916844e+01	-4.980044e-02	2.389280e-01	
1  343.694	1.889280e-01	1.389410e-01	3.109843e+00	-1.917133e+01	-4.727625e-02	2.389280e-01	
1  343.508	1.889280e-01	1.391399e-01	3.105456e+00	-1.916703e+01	-4.751203e-02	2.389280e-01	
1  343.115	2.064136e-01	1.391399e-01	3.105456e+00	-1.916703e+01	-4.751203e-02	2.564136e-01	
1  343.773	2.064136e-01	1.411621e-01	3.109960e+00	-1.917301e+01	-3.890182e-02	2.564136e-01	
2  343.889	2.064136e-01	1.400377e-01	3.116273e+00	-1.917563e+01	-4.509898e-02	2.564136e-01	
1  343.151	2.064136e-01	1.384399e-01	3.113206e+00	-1.916594e+01	-4.343578e-02	2.564136e-01	
1  343.387	1.950557e-01	1.384399e-01	3.113206e+00	-1.916594e+01	-4.343578e-02	2.450557e-01	
1  343.261	1.950557e-01	1.395083e-01	3.087245e+00	-1.916730e+01	-5.298044e-02	2.450557e-01	
3  343.251	1.950557e-01	1.392265e-01	3.136378e+00	-1.916514e+01	-4.800484e-02	2.450557e-01	
1  343.088	2.035106e-01	1.392265e-01	3.136378e+00	-1.916514e+01	-4.800484e-02	2.535106e-01	
1  343.35	2.035106e-01	1.407986e-01	3.190555e+00	-1.916133e+01	-4.892115e-02	2.535106e-01	
1  343.26	2.035106e-01	1.404892e-01	3.206183e+00	-1.915624e+01	-5.336753e-02	2.535106e-01	
1  343.004	2.035106e-01	1.375294e-01	3.189222e+00	-1.915311e+01	-5.572688e-02	2.535106e-01	
1  343.373	2.035106e-01	1.372804e-01	3.219138e+00	-1.914897e+01	-5.523920e-02	2.535106e-01	
1  343.866	1.919542e-01	1.372804e-01	3.219138e+00	-1.914897e+01	-5.523920e-02	2.419542e-01	
1  343.736	1.919542e-01	1.360452e-01	3.203492e+00	-1.915585e+01	-5.716336e-02	2.419542e-01	
1  343.66	1.919542e-01	1.362826e-01	3.193921e+00	-1.915342e+01	-5.278783e-02	2.419542e-01	
1  343.628	1.919542e-01	1.369056e-01	3.174189e+00	-1.915315e+01	-4.664911e-02	2.419542e-01	
1  343.679	1.919542e-01	1.371266e-01	3.171103e+00	-1.915369e+01	-4.439931e-02	2.419542e-01	
1  345.373	1.708514e-01	1.371266e-01	3.171103e+00	-1.915369e+01	-4.439931e-02	2.208514e-01	
1  345.217	1.708514e-01	1.357264e-01	3.150207e+00	-1.915672e+01	-4.573747e-02	2.208514e-01	
2  345.647	1.708514e-01	1.378653e-01	3.160951e+00	-1.914942e+01	-4.355944e-02	2.208514e-01	
2  345.514	1.708514e-01	1.365276e-01	3.137389e+00	-1.915099e+01	-4.529088e-02	2.208514e-01	
1  345.493	1.708514e-01	1.374084e-01	3.111294e+00	-1.914507e+01	-5.430970e-02	2.208514e-01	
1  345.523	1.708514e-01	1.400018e-01	3.089104e+00	-1.914402e+01	-5.481936e-02	2.208514e-01	
1  345.306	1.708514e-01	1.398111e-01	3.109839e+00	-1.914705e+01	-5.128010e-02	2.208514e-01	
3  344.718	1.708514e-01	1.415807e-01	3.134486e+00	-1.915208e+01	-5.323692e-02	2.208514e-01	
1  345.389	1.708514e-01	1.412528e-01	3.130186e+00	-1.914324e+01	-5.368836e-02	2.208514e-01	
1  345.419	1.708514e-01	1.393813e-01	3.083393e+00	-1.914267e+01	-6.158549e-02	2.208514e-01	
1  345.137	1.708514e-01	1.386211e-01	3.080964e+00	-1.915131e+01	-5.378303e-02	2.208514e-01	
1  344.65	1.753266e-01	1.386211e-01	3.080964e+00	-1.915131e+01	-5.378303e-02	2.253266e-01	
1  344.666	1.753266e-01	1.387271e-01	3.085131e+00	-1.915021e+01	-5.391078e-02	2.253266e-01	
1  345.577	1.753266e-01	1.398275e-01	3.076384e+00	-1.913912e+01	-5.525223e-02	2.253266e-01	
1  345.66	1.753266e-01	1.392161e-01	3.120541e+00	-1.913627e+01	-5.420462e-02	2.253266e-01	
1  345.446	1.753266e-01	1.395616e-01	3.166314e+00	-1.913812e+01	-5.343770e-02	2.253266e-01	
1  346.915	1.641856e-01	1.395616e-01	3.166314e+00	-1.913812e+01	-5.343770e-02	2.141856e-01	
1  346.354	1.641856e-01	1.375206e-01	3.152505e+00	-1.913879e+01	-6.577592e-02	2.141856e-01	
1  345.642	1.641856e-01	1.367077e-01	3.171043e+00	-1.914871e+01	-6.443639e-02	2.141856e-01	
1  345.541	1.641856e-01	1.337650e-01	3.132847e+00	-1.916544e+01	-6.032518e-02	2.141856e-01	
2  345.63	1.641856e-01	1.333486e-01	3.138154e+00	-1.916525e+01	-6.307608e-02	2.141856e-01	
1  345.224	1.641856e-01	1.356959e-01	3.132295e+00	-1.916247e+01	-6.751935e-02	2.141856e-01	
1  345.462	1.641856e-01	1.358728e-01	3.130112e+00	-1.917133e+01	-7.289627e-02	2.141856e-01	
2  346.282	1.641856e-01	1.364626e-01	3.153923e+00	-1.917860e+01	-8.075439e-02	2.141856e-01	
1  346.793	1.549027e-01	1.364626e-01	3.153923e+00	-1.917860e+01	-8.075439e-02	2.049027e-01	
1  346.717	1.549027e-01	1.375212e-01	3.140319e+00	-1.918344e+01	-7.662950e-02	2.049027e-01	
1  346.534	1.549027e-01	1.368133e-01	3.120744e+00	-1.917698e+01	-7.927911e-02	2.049027e-01	
3  346.252	1.549027e-01	1.360199e-01	3.118143e+00	-1.917683e+01	-6.914216e-02	2.049027e-01	
2  346.682	1.549027e-01	1.349408e-01	3.088473e+00	-1.917529e+01	-7.268747e-02	2.049027e-01	
1  346.311	1.549027e-01	1.359386e-01	3.114818e+00	-1.917507e+01	-7.222814e-02	2.049027e-01	
2  346.004	1.549027e-01	1.363527e-01	3.136369e+00	-1.917296e+01	-6.650647e-02	2.049027e-01	
1  346.165	1.549027e-01	1.367143e-01	3.098344e+00	-1.916861e+01	-7.291997e-02	2.049027e-01	
1  346.198	1.549027e-01	1.378082e-01	3.081089e+00	-1.916273e+01	-6.420239e-02	2.049027e-01	
1  346.08	1.549027e-01	1.394621e-01	3.089503e+00	-1.915820e+01	-6.900038e-02	2.049027e-01	
1  346.353	1.549027e-01	1.398956e-01	3.076082e+00	-1.915465e+01	-7.211643e-02	2.049027e-01	
1  344.486	1.714940e-01	1.398956e-01	3.076082e+00	-1.915465e+01	-7.211643e-02	2.214940e-01	
1  344.206	1.714940e-01	1.407648e-01	3.096420e+00	-1.915856e+01	-7.038784e-02	2.214940e-01	
1  344.377	1.714940e-01	1.386722e-01	3.105114e+00	-1.915640e+01	-7.367449e-02	2.214940e-01	
1  344.255	1.714940e-01	1.419060e-01	3.114991e+00	-1.915977e+01	-7.952273e-02	2.214940e-01	
1  344.442	1.714940e-01	1.423891e-01	3.080311e+00	-1.916343e+01	-7.833204e-02	2.214940e-01	
2  343.728	1.853316e-01	1.423891e-01	3.080311e+00	-1.916343e+01	-7.833204e-02	2.353316e-01	
1  344.406	1.853316e-01	1.433052e-01	3.079648e+00	-1.916645e+01	-8.724160e-02	2.353316e-01	
1  344.123	1.853316e-01	1.437913e-01	3.083851e+00	-1.916149e+01	-8.883225e-02	2.353316e-01	
1  344.236	1.853316e-01	1.425248e-01	3.135540e+00	-1.916195e+01	-9.041785e-02	2.353316e-01	
1  344.937	1.688590e-01	1.425248e-01	3.135540e+00	-1.916195e+01	-9.041785e-02	2.188590e-01	
1  345.103	1.688590e-01	1.404526e-01	3.160721e+00	-1.916076e+01	-9.065529e-02	2.188590e-01	
1  345.132	1.688590e-01	1.414133e-01	3.183698e+00	-1.915757e+01	-9.149178e-02	2.188590e-01	
1  344.95	1.688590e-01	1.423552e-01	3.170248e+00	-1.915256e+01	-9.223005e-02	2.188590e-01	
1  344.927	1.688590e-01	1.422132e-01	3.154991e+00	-1.915664e+01	-9.200134e-02	2.188590e-01	
1  344.291	1.802197e-01	1.422132e-01	3.154991e+00	-1.915664e+01	-9.200134e-02	2.302197e-01	
1  344.912	1.802197e-01	1.423773e-01	3.152653e+00	-1.915749e+01	-1.001378e-01	2.302197e-01	
1  344.862	1.802197e-01	1.428320e-01	3.135974e+00	-1.915657e+01	-1.011481e-01	2.302197e-01	
1  345.3	1.802197e-01	1.431333e-01	3.178682e+00	-1.915888e+01	-1.016858e-01	2.302197e-01	
1  345.358	1.802197e-01	1.424981e-01	3.164707e+00	-1.915825e+01	-1.038243e-01	2.302197e-01	
1  345.141	1.917835e-01	1.424981e-01	3.164707e+00	-1.915825e+01	-1.038243e-01	2.417835e-01	
2  345.472	1.917835e-01	1.428479e-01	3.166021e+00	-1.915794e+01	-1.072595e-01	2.417835e-01	
1  345.423	1.917835e-01	1.438085e-01	3.189301e+00	-1.915501e+01	-1.073747e-01	2.417835e-01	
2  344.451	1.917835e-01	1.435798e-01	3.168010e+00	-1.914771e+01	-1.047941e-01	2.417835e-01	
2  344.46	1.917835e-01	1.419381e-01	3.178746e+00	-1.914812e+01	-1.029188e-01	2.417835e-01	
1  344.297	1.917835e-01	1.427567e-01	3.198919e+00	-1.914933e+01	-9.758346e-02	2.417835e-01	
1  343.852	1.917835e-01	1.414189e-01	3.136577e+00	-1.914957e+01	-9.721127e-02	2.417835e-01	
1  343.585	2.088621e-01	1.414189e-01	3.136577e+00	-1.914957e+01	-9.721127e-02	2.588621e-01	
1  343.782	2.088621e-01	1.398930e-01	3.116078e+00	-1.915146e+01	-9.719036e-02	2.588621e-01	
1  343.478	2.088621e-01	1.406418e-01	3.117305e+00	-1.914973e+01	-9.593996e-02	2.588621e-01	
1  343.816	2.088621e-01	1.420541e-01	3.098292e+00	-1.914735e+01	-1.027430e-01	2.588621e-01	
2  343.965	2.088621e-01	1.395186e-01	3.101000e+00	-1.914342e+01	-1.048670e-01	2.588621e-01	
2  343.483	2.088621e-01	1.433811e-01	3.084440e+00	-1.913944e+01	-1.041815e-01	2.588621e-01	
1  342.782	2.088621e-01	1.439167e-01	3.113637e+00	-1.914153e+01	-9.400302e-02	2.588621e-01	
1  342.592	2.088621e-01	1.435186e-01	3.095173e+00	-1.914781e+01	-8.524258e-02	2.588621e-01	
1  342.679	2.272573e-01	1.435186e-01	3.095173e+00	-1.914781e+01	-8.524258e-02	2.772573e-01	
1  343.204	2.272573e-01	1.434282e-01	3.089007e+00	-1.914731e+01	-9.347860e-02	2.772573e-01	
1  343.873	2.272573e-01	1.442770e-01	3.088440e+00	-1.915439e+01	-9.187642e-02	2.772573e-01	
3  344.527	2.272573e-01	1.446287e-01	3.085785e+00	-1.915371e+01	-9.962222e-02	2.772573e-01	
1  344.254	2.272573e-01	1.443986e-01	3.103480e+00	-1.915022e+01	-1.012992e-01	2.772573e-01	
1  344.141	2.272573e-01	1.453568e-01	3.118885e+00	-1.914893e+01	-1.009173e-01	2.772573e-01	
1  344.302	2.272573e-01	1.458484e-01	3.114774e+00	-1.915270e+01	-9.761114e-02	2.772573e-01	
2  344.564	2.272573e-01	1.469815e-01	3.155429e+00	-1.915611e+01	-9.083384e-02	2.772573e-01	
1  344.81	2.272573e-01	1.464956e-01	3.152956e+00	-1.915658e+01	-9.384340e-02	2.772573e-01	
1  343.45	2.272573e-01	1.455352e-01	3.178047e+00	-1.914919e+01	-8.476704e-02	2.772573e-01	
1  342.799	2.272573e-01	1.464905e-01	3.173638e+00	-1.914248e+01	-8.192115e-02	2.772573e-01	
1  342.635	2.272573e-01	1.456054e-01	3.158177e+00	-1.914054e+01	-8.686171e-02	2.772573e-01	
2  342.568	2.179392e-01	1.456054e-01	3.158177e+00	-1.914054e+01	-8.686171e-02	2.679392e-01	
1  342.739	2.179392e-01	1.449326e-01	3.161186e+00	-1.914259e+01	-8.866409e-02	2.679392e-01	
1  343.133	2.179392e-01	1.435127e-01	3.136677e+00	-1.914584e+01	-9.502272e-02	2.679392e-01	
1  344.254	2.179392e-01	1.407705e-01	3.138669e+00	-1.914933e+01	-1.028699e-01	2.679392e-01	
3  344.265	2.184314e-01	1.407705e-01	3.138669e+00	-1.914933e+01	-1.028699e-01	2.684314e-01	
1  344.322	2.184314e-01	1.400572e-01	3.146333e+00	-1.915552e+01	-9.548446e-02	2.684314e-01	
1  343.743	2.184314e-01	1.401249e-01	3.157715e+00	-1.914723e+01	-9.778961e-02	2.684314e-01	
