3  350.749	6.633123e+01	2.216490e+00	1.177641e-01	-8.944101e-01	-2.801236e-01	
3  347.937	6.663496e+01	2.222445e+00	1.200526e-01	-9.546860e-01	-2.673954e-01	
3  349.256	6.749944e+01	2.226530e+00	1.189266e-01	-9.339867e-01	-2.014765e-01	
7  348.258	6.700569e+01	2.158120e+00	1.248784e-01	-9.385722e-01	-2.605186e-01	
2  346.977	6.697174e+01	2.082006e+00	1.248260e-01	-9.948948e-01	-2.669445e-01	
4  346.86	6.789728e+01	2.066567e+00	1.252125e-01	-9.966721e-01	-3.022352e-01	
3  344.027	6.884468e+01	2.065212e+00	1.221098e-01	-1.115225e+00	-3.172951e-01	
1  344.02	6.894387e+01	2.045902e+00	1.236125e-01	-1.131756e+00	-2.732438e-01	
3  343.757	6.924214e+01	2.037237e+00	1.287134e-01	-1.157053e+00	-2.633611e-01	
4  344.603	7.007111e+01	2.020955e+00	1.320461e-01	-1.252632e+00	-2.322657e-01	
3  345.693	6.965851e+01	2.025680e+00	1.305435e-01	-1.316436e+00	-2.312795e-01	
1  345.269	7.031162e+01	2.047725e+00	1.285233e-01	-1.297028e+00	-2.116925e-01	
2  344.872	6.952962e+01	2.020596e+00	1.292134e-01	-1.302465e+00	-1.561276e-01	
1  346.819	7.016003e+01	2.004940e+00	1.298690e-01	-1.363814e+00	-2.179544e-01	
1  346.651	7.059516e+01	2.007165e+00	1.329514e-01	-1.352161e+00	-2.412380e-01	
1  345.901	7.043062e+01	1.991555e+00	1.352224e-01	-1.327971e+00	-2.500938e-01	
2  344.851	7.003401e+01	1.956898e+00	1.345850e-01	-1.310928e+00	-2.406990e-01	
1  344.702	6.999959e+01	1.927395e+00	1.381002e-01	-1.307672e+00	-2.308967e-01	
7  344.825	6.998528e+01	1.937876e+00	1.360062e-01	-1.318901e+00	-2.131790e-01	
1  344.463	6.858535e+01	1.955441e+00	1.386988e-01	-1.223050e+00	-2.461957e-01	
2  343.314	6.914313e+01	1.974901e+00	1.361912e-01	-1.189955e+00	-3.333053e-01	
1  343.193	6.905279e+01	1.921869e+00	1.360549e-01	-1.178471e+00	-3.864866e-01	
3  343.545	6.946838e+01	1.910216e+00	1.351680e-01	-1.213390e+00	-3.803034e-01	
2  345.403	7.018258e+01	1.915712e+00	1.386130e-01	-1.234663e+00	-3.466700e-01	
2  344.02	6.840681e+01	1.927457e+00	1.394425e-01	-1.106467e+00	-3.210020e-01	
4  343.29	6.879124e+01	1.939463e+00	1.383593e-01	-1.157727e+00	-3.579902e-01	
1  343.706	6.883973e+01	1.955733e+00	1.408615e-01	-1.179975e+00	-4.180441e-01	
1  345.172	6.985090e+01	1.968317e+00	1.440890e-01	-1.215466e+00	-4.156115e-01	
1  344.826	6.964634e+01	1.959628e+00	1.411572e-01	-1.248298e+00	-4.875660e-01	
1  343.612	6.918017e+01	1.946198e+00	1.388695e-01	-1.200556e+00	-4.851605e-01	
5  343.689	6.919832e+01	1.931117e+00	1.385705e-01	-1.223474e+00	-4.195975e-01	
1  348.742	6.770998e+01	1.899575e+00	1.426079e-01	-1.212920e+00	-3.664323e-01	
3  343.719	6.922241e+01	1.888660e+00	1.420919e-01	-1.233747e+00	-3.686948e-01	
6  344.316	6.923183e+01	1.884865e+00	1.404402e-01	-1.267674e+00	-3.746812e-01	
2  346.352	6.992222e+01	1.874489e+00	1.365817e-01	-1.348140e+00	-4.162728e-01	
6  345.197	7.003510e+01	1.851541e+00	1.350556e-01	-1.322947e+00	-3.980506e-01	
3  344.561	6.952826e+01	1.820265e+00	1.373771e-01	-1.294286e+00	-4.599608e-01	
3  343.921	6.965040e+01	1.817155e+00	1.440303e-01	-1.258822e+00	-3.934091e-01	
3  344.075	6.971889e+01	1.792066e+00	1.405415e-01	-1.293529e+00	-3.814986e-01	
1  345.31	6.889049e+01	1.809614e+00	1.433833e-01	-1.278704e+00	-4.538057e-01	
3  346.646	6.873013e+01	1.838850e+00	1.477940e-01	-1.273532e+00	-4.480315e-01	
5  345.102	6.985672e+01	1.876025e+00	1.477116e-01	-1.249797e+00	-5.014432e-01	
2  344.747	6.945205e+01	1.866637e+00	1.498000e-01	-1.216105e+00	-5.172492e-01	
6  344.343	6.866111e+01	1.883821e+00	1.477446e-01	-1.108096e+00	-5.343344e-01	
3  345.284	6.885262e+01	1.863076e+00	1.485528e-01	-1.084508e+00	-5.740858e-01	
1  348.989	6.820499e+01	1.859997e+00	1.516860e-01	-9.914519e-01	-5.350132e-01	
1  349.254	6.877214e+01	1.824303e+00	1.492922e-01	-1.036171e+00	-4.605435e-01	
1  348.607	6.911297e+01	1.835402e+00	1.529004e-01	-1.080744e+00	-4.300348e-01	
1  347.839	6.720117e+01	1.862161e+00	1.534018e-01	-1.058952e+00	-4.426206e-01	
4  346.804	6.780872e+01	1.884888e+00	1.546631e-01	-1.084646e+00	-4.341963e-01	
1  348.803	6.825555e+01	1.865651e+00	1.555551e-01	-1.040315e+00	-3.614870e-01	
4  347.481	6.735151e+01	1.865095e+00	1.510836e-01	-1.021382e+00	-4.003125e-01	
3  347.965	6.734370e+01	1.859443e+00	1.507533e-01	-1.012436e+00	-3.628617e-01	
3  346.398	6.793388e+01	1.835637e+00	1.513429e-01	-1.074591e+00	-2.970557e-01	
7  345.972	6.788717e+01	1.837446e+00	1.505548e-01	-1.085830e+00	-2.881591e-01	
2  344.452	6.847436e+01	1.834386e+00	1.479276e-01	-1.157835e+00	-2.076893e-01	
3  344.777	6.921761e+01	1.852258e+00	1.467620e-01	-1.183884e+00	-2.143163e-01	
2  344.899	6.828709e+01	1.838889e+00	1.496329e-01	-1.135674e+00	-2.501301e-01	
3  345.662	6.848654e+01	1.822924e+00	1.484278e-01	-1.126252e+00	-1.691374e-01	
1  344.071	6.847044e+01	1.854777e+00	1.456640e-01	-1.196173e+00	-1.818183e-01	
2  345.043	6.811423e+01	1.864677e+00	1.471958e-01	-1.182604e+00	-1.312944e-01	
1  346.213	6.907606e+01	1.859738e+00	1.476635e-01	-1.151226e+00	-1.269321e-01	
1  345.175	6.800037e+01	1.840486e+00	1.458814e-01	-1.194160e+00	-2.479466e-01	
1  345.241	6.799973e+01	1.847608e+00	1.433591e-01	-1.203645e+00	-2.491991e-01	
3  344.18	6.954546e+01	1.815519e+00	1.480777e-01	-1.255732e+00	-2.884862e-01	
1  344.549	6.908229e+01	1.837841e+00	1.452235e-01	-1.168325e+00	-2.572565e-01	
8  344.05	6.899580e+01	1.862442e+00	1.448108e-01	-1.175649e+00	-2.618325e-01	
4  344.674	6.977773e+01	1.889596e+00	1.458017e-01	-1.260365e+00	-3.347772e-01	
1  343.902	6.927757e+01	1.886715e+00	1.439902e-01	-1.183589e+00	-4.005939e-01	
6  343.947	6.899267e+01	1.892230e+00	1.405302e-01	-1.227950e+00	-4.499630e-01	
2  344.808	6.932651e+01	1.868826e+00	1.421312e-01	-1.293323e+00	-3.426255e-01	
1  344.978	6.949545e+01	1.852188e+00	1.438463e-01	-1.311656e+00	-3.138769e-01	
1  346.413	6.817590e+01	1.824140e+00	1.419441e-01	-1.260787e+00	-2.551913e-01	
6  343.911	6.906184e+01	1.809498e+00	1.420268e-01	-1.199748e+00	-1.931781e-01	
8  343.747	6.856282e+01	1.826132e+00	1.385654e-01	-1.188427e+00	-8.287053e-02	
4  343.586	6.891867e+01	1.846346e+00	1.390241e-01	-1.207697e+00	-1.075419e-01	
2  343.496	6.869140e+01	1.852057e+00	1.391655e-01	-1.219687e+00	-1.142613e-01	
3  343.747	6.901024e+01	1.846427e+00	1.392821e-01	-1.205015e+00	-4.353527e-02	
10  343.927	6.826732e+01	1.854213e+00	1.388885e-01	-1.170061e+00	-1.138068e-01	
3  343.972	6.832547e+01	1.847487e+00	1.359827e-01	-1.212404e+00	-1.478608e-01	
2  343.931	6.837644e+01	1.830498e+00	1.339779e-01	-1.184758e+00	-1.733844e-01	
11  343.902	6.909327e+01	1.873698e+00	1.359383e-01	-1.273603e+00	-2.182463e-01	
7  345.086	7.001986e+01	1.876475e+00	1.321568e-01	-1.337387e+00	-2.048319e-01	
1  345.64	7.035194e+01	1.847358e+00	1.320704e-01	-1.331761e+00	-1.664677e-01	
1  345.644	7.033559e+01	1.860447e+00	1.339090e-01	-1.361729e+00	-1.867061e-01	
1  347.021	7.017216e+01	1.846277e+00	1.348723e-01	-1.417758e+00	-1.280183e-01	
1  344.062	6.895467e+01	1.838530e+00	1.337968e-01	-1.280473e+00	-1.216034e-01	
6  343.814	6.902990e+01	1.820544e+00	1.344674e-01	-1.218013e+00	-1.704985e-01	
3  345.035	6.846532e+01	1.794102e+00	1.359475e-01	-1.147554e+00	-1.478660e-01	
1  347.337	6.898740e+01	1.794128e+00	1.363711e-01	-1.128305e+00	-2.054997e-01	
2  344.042	6.841310e+01	1.765444e+00	1.381814e-01	-1.159271e+00	-2.922328e-01	
2  345.009	6.784290e+01	1.788443e+00	1.342177e-01	-1.121072e+00	-2.994922e-01	
3  344.477	6.798862e+01	1.812420e+00	1.342737e-01	-1.161936e+00	-2.306288e-01	
2  344.749	6.788983e+01	1.815810e+00	1.344400e-01	-1.173739e+00	-2.189269e-01	
3  343.989	6.916386e+01	1.828444e+00	1.345192e-01	-1.206883e+00	-2.256868e-01	
3  344.165	6.919290e+01	1.851647e+00	1.355219e-01	-1.186246e+00	-2.462966e-01	
1  344.848	6.828182e+01	1.842040e+00	1.358089e-01	-1.228644e+00	-3.050824e-01	
1  346.006	6.772016e+01	1.841337e+00	1.385351e-01	-1.180163e+00	-4.129002e-01	
3  344.307	6.778931e+01	1.852553e+00	1.405357e-01	-1.071181e+00	-4.829397e-01	
1  343.827	6.855998e+01	1.796099e+00	1.419630e-01	-1.109489e+00	-5.267447e-01	
1  343.776	6.834240e+01	1.800163e+00	1.368773e-01	-1.111088e+00	-5.118748e-01	
1  345.269	6.899306e+01	1.808574e+00	1.353756e-01	-1.116151e+00	-4.785235e-01	
1  344.776	6.936688e+01	1.796161e+00	1.340818e-01	-1.169776e+00	-4.879492e-01	
1  344.072	6.840163e+01	1.818471e+00	1.318563e-01	-1.137178e+00	-4.242950e-01	
3  343.776	6.905663e+01	1.808985e+00	1.339461e-01	-1.166258e+00	-5.205891e-01	
1  344.708	6.808486e+01	1.768789e+00	1.311337e-01	-1.143409e+00	-5.029170e-01	
2  344.849	6.777603e+01	1.793197e+00	1.312536e-01	-1.103587e+00	-5.791235e-01	
2  344.284	6.856595e+01	1.814678e+00	1.293053e-01	-1.133488e+00	-5.505352e-01	
1  344.94	6.803952e+01	1.817826e+00	1.281126e-01	-1.140680e+00	-5.338010e-01	
1  344.793	6.843909e+01	1.842384e+00	1.256252e-01	-1.132607e+00	-5.187147e-01	
10  344.584	6.850403e+01	1.863499e+00	1.251972e-01	-1.147613e+00	-4.883937e-01	
6  344.797	6.888618e+01	1.858429e+00	1.245495e-01	-1.196246e+00	-4.343293e-01	
1  345.188	6.929017e+01	1.859534e+00	1.242173e-01	-1.209408e+00	-3.960613e-01	
1  345.393	6.912391e+01	1.826176e+00	1.244010e-01	-1.227680e+00	-3.476076e-01	
3  348.088	6.827549e+01	1.850810e+00	1.245476e-01	-1.263620e+00	-3.242761e-01	
5  347.653	6.775149e+01	1.889731e+00	1.263034e-01	-1.206441e+00	-3.160914e-01	
1  347.944	6.861407e+01	1.871156e+00	1.216835e-01	-1.284719e+00	-2.695642e-01	
1  347.543	6.855899e+01	1.835656e+00	1.230679e-01	-1.277308e+00	-2.745768e-01	
1  347.614	6.814778e+01	1.821507e+00	1.202796e-01	-1.149400e+00	-2.444528e-01	
1  349.005	6.877552e+01	1.816399e+00	1.192610e-01	-1.156263e+00	-2.175202e-01	
1  346.899	6.899739e+01	1.818350e+00	1.203450e-01	-1.247165e+00	-1.781887e-01	
1  349.701	6.785696e+01	1.793479e+00	1.183306e-01	-1.208829e+00	-2.134952e-01	
1  347.889	6.820221e+01	1.818000e+00	1.193177e-01	-1.207185e+00	-2.568659e-01	
1  347.322	6.930227e+01	1.828396e+00	1.223638e-01	-1.189905e+00	-2.840047e-01	
6  346.602	6.896977e+01	1.783728e+00	1.230190e-01	-1.231392e+00	-2.228588e-01	
1  346.838	6.841506e+01	1.787263e+00	1.225800e-01	-1.178773e+00	-2.946696e-01	
7  347.938	6.791981e+01	1.787645e+00	1.221450e-01	-1.134447e+00	-2.646146e-01	
1  348.563	6.807629e+01	1.758661e+00	1.229330e-01	-1.235898e+00	-3.176787e-01	
1  348.264	6.867520e+01	1.780413e+00	1.226629e-01	-1.285808e+00	-3.437013e-01	
7  346.958	6.947213e+01	1.761542e+00	1.243218e-01	-1.309408e+00	-2.863594e-01	
3  348.521	6.996333e+01	1.779071e+00	1.236958e-01	-1.379033e+00	-2.625117e-01	
3  349.525	7.012634e+01	1.787433e+00	1.192498e-01	-1.310445e+00	-2.495271e-01	
1  349.159	7.035306e+01	1.767393e+00	1.226952e-01	-1.314741e+00	-3.117552e-01	
6  348.185	6.935821e+01	1.762228e+00	1.216446e-01	-1.235423e+00	-2.472910e-01	
4  348.302	6.853699e+01	1.732005e+00	1.214530e-01	-1.221382e+00	-1.962161e-01	
1  347.65	6.904319e+01	1.749743e+00	1.216829e-01	-1.280176e+00	-1.470660e-01	
2  348.83	7.044463e+01	1.782254e+00	1.247083e-01	-1.314704e+00	-1.748071e-01	
3  347.219	7.028667e+01	1.814127e+00	1.247959e-01	-1.349026e+00	-1.289733e-01	
1  346.247	6.971656e+01	1.804841e+00	1.239893e-01	-1.301156e+00	-8.578825e-02	
1  346.304	6.904496e+01	1.807240e+00	1.230988e-01	-1.293998e+00	-1.051370e-01	
1  345.163	6.925388e+01	1.812794e+00	1.257243e-01	-1.289088e+00	-7.574524e-02	
6  347.3	6.831926e+01	1.753812e+00	1.240242e-01	-1.271464e+00	-5.693931e-02	
3  347.522	6.959901e+01	1.734890e+00	1.237182e-01	-1.332926e+00	-1.189254e-01	
2  348.011	6.833098e+01	1.766734e+00	1.230041e-01	-1.280513e+00	-8.757621e-02	
1  347.272	6.775469e+01	1.784674e+00	1.268052e-01	-1.224398e+00	-7.403082e-03	
2  344.245	6.825366e+01	1.815784e+00	1.272340e-01	-1.171582e+00	-1.860240e-02	
3  345.791	6.752391e+01	1.774068e+00	1.271756e-01	-1.136627e+00	-1.976708e-03	
2  347.724	6.837434e+01	1.783646e+00	1.284976e-01	-1.139403e+00	5.093636e-02	
8  343.576	6.863838e+01	1.773021e+00	1.273598e-01	-1.166926e+00	3.162342e-02	
2  346.869	6.891585e+01	1.733951e+00	1.287915e-01	-1.184399e+00	-6.845198e-02	
7  346.188	6.893677e+01	1.739439e+00	1.245367e-01	-1.244123e+00	-5.490406e-02	
2  345.381	6.851430e+01	1.732998e+00	1.241198e-01	-1.193331e+00	-1.405760e-02	
20  343.911	6.886928e+01	1.699413e+00	1.229506e-01	-1.218482e+00	4.089299e-02	
1  344.031	6.932465e+01	1.726301e+00	1.229623e-01	-1.205221e+00	2.502467e-02	
4  345.045	6.865148e+01	1.728955e+00	1.237115e-01	-1.151548e+00	3.940265e-03	
8  345.522	6.804816e+01	1.722337e+00	1.236323e-01	-1.136656e+00	-1.748351e-03	
2  345.985	6.812521e+01	1.732024e+00	1.241777e-01	-1.227679e+00	9.005774e-03	
3  346.308	6.929483e+01	1.705732e+00	1.233438e-01	-1.225615e+00	-6.493528e-03	
1  346.553	6.799133e+01	1.740116e+00	1.226881e-01	-1.147537e+00	4.703753e-02	
2  346.54	6.765492e+01	1.758077e+00	1.217332e-01	-1.158496e+00	-3.705338e-03	
14  345.876	6.805067e+01	1.706430e+00	1.167280e-01	-1.175879e+00	2.701751e-02	
7  345.409	6.840128e+01	1.721382e+00	1.176797e-01	-1.186290e+00	1.692035e-02	
2  343.444	6.879074e+01	1.747835e+00	1.168495e-01	-1.110111e+00	4.917356e-02	
17  343.792	6.823241e+01	1.744309e+00	1.198473e-01	-1.111759e+00	3.937462e-02	
4  344.61	6.823965e+01	1.778382e+00	1.216153e-01	-1.161487e+00	5.097996e-03	
2  344.584	6.784292e+01	1.778425e+00	1.198485e-01	-1.110799e+00	2.261831e-02	
45  344.478	6.788960e+01	1.794426e+00	1.200049e-01	-1.107920e+00	2.918301e-02	
5  345.672	6.811500e+01	1.860642e+00	1.210055e-01	-1.128386e+00	3.887122e-02	
16  344.828	6.767765e+01	1.869299e+00	1.250893e-01	-1.096772e+00	-1.655903e-03	
1  345.341	6.793085e+01	1.883579e+00	1.259004e-01	-1.183973e+00	-6.021526e-03	
1  346.101	6.808361e+01	1.859498e+00	1.254630e-01	-1.227692e+00	-9.793651e-02	
3  345.274	6.872752e+01	1.872413e+00	1.260463e-01	-1.275777e+00	-8.689503e-02	
2  345.941	6.826978e+01	1.858427e+00	1.265336e-01	-1.254211e+00	-4.819738e-02	
2  345.135	6.965704e+01	1.844086e+00	1.254253e-01	-1.275258e+00	-5.894017e-02	
6  344.685	6.855922e+01	1.854459e+00	1.257446e-01	-1.219016e+00	-8.498250e-02	
4  343.747	6.900925e+01	1.861459e+00	1.256641e-01	-1.240876e+00	-1.320056e-03	
1  344.454	6.837176e+01	1.872313e+00	1.289746e-01	-1.225008e+00	-2.731739e-02	
7  344.287	6.898813e+01	1.879204e+00	1.275097e-01	-1.220053e+00	2.717869e-02	
1  345.108	6.905660e+01	1.867403e+00	1.271907e-01	-1.173712e+00	-5.514693e-02	
7  344.253	6.877403e+01	1.902836e+00	1.275264e-01	-1.227837e+00	1.080829e-02	
1  344.297	6.938944e+01	1.883608e+00	1.290353e-01	-1.229189e+00	2.956064e-02	
10  343.463	6.926425e+01	1.903716e+00	1.320644e-01	-1.221681e+00	-1.396729e-02	
5  344.378	6.829775e+01	1.883162e+00	1.269461e-01	-1.187373e+00	-7.466827e-02	
3  344.719	6.844261e+01	1.870442e+00	1.278415e-01	-1.236616e+00	-9.347873e-02	
4  344.331	6.846566e+01	1.852246e+00	1.291783e-01	-1.217529e+00	-1.239688e-01	
1  344.91	6.873265e+01	1.821698e+00	1.289167e-01	-1.274408e+00	-1.006552e-01	
1  344.313	6.906660e+01	1.801292e+00	1.305198e-01	-1.265435e+00	-1.291165e-01	
4  344.329	6.924466e+01	1.813444e+00	1.317458e-01	-1.233793e+00	-1.689748e-01	
2  345.925	7.029530e+01	1.835286e+00	1.301246e-01	-1.319774e+00	-1.660417e-01	
1  345.599	6.907759e+01	1.873615e+00	1.284983e-01	-1.301013e+00	-2.588945e-01	
8  345.813	6.810338e+01	1.825241e+00	1.259744e-01	-1.198617e+00	-2.320224e-01	
7  345.324	6.835841e+01	1.846490e+00	1.271885e-01	-1.112532e+00	-3.732446e-01	
1  344.708	6.927536e+01	1.866051e+00	1.275903e-01	-1.192773e+00	-3.344099e-01	
3  345.642	6.931596e+01	1.875969e+00	1.295916e-01	-1.172087e+00	-2.166305e-01	
8  344.898	6.955959e+01	1.872637e+00	1.272564e-01	-1.221720e+00	-3.157962e-01	
1  344.975	6.972368e+01	1.854885e+00	1.278870e-01	-1.263134e+00	-2.609322e-01	
6  345.597	7.031170e+01	1.881864e+00	1.313870e-01	-1.290976e+00	-2.532452e-01	
1  344.442	6.900227e+01	1.869436e+00	1.292693e-01	-1.256650e+00	-3.246682e-01	
1  345.137	7.004684e+01	1.899359e+00	1.281692e-01	-1.297218e+00	-2.378928e-01	
5  344.823	6.990544e+01	1.916664e+00	1.303833e-01	-1.296692e+00	-3.421620e-01	
2  344.75	6.918270e+01	1.888233e+00	1.309405e-01	-1.296387e+00	-2.228578e-01	
4  344.683	6.831832e+01	1.901925e+00	1.309856e-01	-1.220273e+00	-2.397029e-01	
1  345.443	6.765825e+01	1.848671e+00	1.299872e-01	-1.136175e+00	-2.453288e-01	
4  345.17	6.853653e+01	1.805284e+00	1.279224e-01	-1.169313e+00	-2.671086e-01	
6  345.973	6.777747e+01	1.814405e+00	1.274626e-01	-1.144185e+00	-2.513358e-01	
2  346.805	6.807074e+01	1.824061e+00	1.269103e-01	-1.089997e+00	-3.030017e-01	
4  347.089	6.734169e+01	1.902461e+00	1.271550e-01	-1.033385e+00	-3.036673e-01	
1  346.362	6.724520e+01	1.865816e+00	1.286278e-01	-1.082804e+00	-3.921139e-01	
4  345.342	6.750960e+01	1.863989e+00	1.302780e-01	-1.078782e+00	-4.100396e-01	
2  343.97	6.805652e+01	1.868962e+00	1.343656e-01	-1.115217e+00	-3.542729e-01	
1  344.067	6.793203e+01	1.893676e+00	1.317805e-01	-1.115546e+00	-4.005347e-01	
2  344.281	6.930858e+01	1.872470e+00	1.318449e-01	-1.168945e+00	-4.135834e-01	
8  343.795	6.852028e+01	1.843247e+00	1.333091e-01	-1.153241e+00	-3.221799e-01	
2  343.968	6.868793e+01	1.862910e+00	1.360290e-01	-1.136154e+00	-3.216068e-01	
5  343.708	6.951248e+01	1.876105e+00	1.356473e-01	-1.266854e+00	-2.720107e-01	
9  344.046	6.830300e+01	1.845790e+00	1.334106e-01	-1.198449e+00	-2.673927e-01	
6  343.723	6.903407e+01	1.866578e+00	1.300999e-01	-1.199778e+00	-3.694136e-01	
1  343.732	6.940786e+01	1.893968e+00	1.333510e-01	-1.261901e+00	-2.826254e-01	
3  344.352	6.952500e+01	1.842316e+00	1.323751e-01	-1.297014e+00	-2.661609e-01	
3  346.267	6.941443e+01	1.836784e+00	1.352158e-01	-1.359487e+00	-2.244952e-01	
1  348.58	6.866293e+01	1.803524e+00	1.353673e-01	-1.351402e+00	-2.080800e-01	
2  345.133	6.889773e+01	1.786948e+00	1.357392e-01	-1.317464e+00	-1.521229e-01	
1  344.694	6.934983e+01	1.753931e+00	1.362916e-01	-1.341969e+00	-1.175123e-01	
2  345.023	6.972771e+01	1.716835e+00	1.399148e-01	-1.368694e+00	-2.303363e-01	
3  345.43	6.873021e+01	1.691043e+00	1.411825e-01	-1.332255e+00	-1.638911e-01	
4  345.161	7.014839e+01	1.631748e+00	1.432991e-01	-1.394849e+00	-1.416918e-01	
1  347.738	7.046950e+01	1.609846e+00	1.446751e-01	-1.321545e+00	-7.724282e-02	
1  348.141	7.069332e+01	1.613039e+00	1.459620e-01	-1.336799e+00	-5.140617e-02	
1  345.666	6.981314e+01	1.616116e+00	1.410607e-01	-1.283219e+00	-3.083386e-02	
4  345.177	6.882715e+01	1.578104e+00	1.376596e-01	-1.292324e+00	-7.524581e-02	
7  344.863	6.911046e+01	1.580670e+00	1.409256e-01	-1.276081e+00	-1.931171e-01	
11  344.832	6.848104e+01	1.609109e+00	1.393195e-01	-1.227384e+00	-2.546475e-01	
1  347.961	6.797184e+01	1.547161e+00	1.406323e-01	-1.303444e+00	-3.165034e-01	
2  346.757	6.890513e+01	1.552753e+00	1.425003e-01	-1.380669e+00	-2.857304e-01	
5  344.45	6.866760e+01	1.579320e+00	1.431626e-01	-1.293201e+00	-1.956788e-01	
1  345.626	6.885374e+01	1.602576e+00	1.453990e-01	-1.372622e+00	-1.046759e-01	
1  344.547	6.985921e+01	1.618288e+00	1.443703e-01	-1.377990e+00	-8.245320e-02	
2  343.848	6.883949e+01	1.607007e+00	1.461530e-01	-1.292924e+00	-1.162142e-01	
4  344	6.866235e+01	1.663901e+00	1.509065e-01	-1.263861e+00	-7.473924e-02	
1  344.332	6.982726e+01	1.648286e+00	1.505249e-01	-1.343486e+00	-7.560075e-02	
1  343.859	6.909538e+01	1.634198e+00	1.510689e-01	-1.318471e+00	-9.280495e-02	
3  343.932	6.923723e+01	1.632065e+00	1.487674e-01	-1.262402e+00	-2.104418e-01	
4  343.865	6.925474e+01	1.628977e+00	1.509163e-01	-1.257468e+00	-2.705979e-01	
3  344.786	6.983236e+01	1.629772e+00	1.506092e-01	-1.279209e+00	-3.066789e-01	
1  345.432	6.934000e+01	1.641657e+00	1.490059e-01	-1.216396e+00	-2.357423e-01	
2  344.758	6.937108e+01	1.630086e+00	1.514274e-01	-1.243690e+00	-2.136261e-01	
2  344.038	6.927791e+01	1.628880e+00	1.498202e-01	-1.336355e+00	-2.595030e-01	
1  343.976	6.905163e+01	1.613782e+00	1.507434e-01	-1.316879e+00	-3.164805e-01	
4  343.604	6.922923e+01	1.631940e+00	1.491525e-01	-1.280220e+00	-2.475811e-01	
3  343.66	6.884997e+01	1.658844e+00	1.502013e-01	-1.232511e+00	-2.566936e-01	
1  344.901	6.966431e+01	1.655917e+00	1.467326e-01	-1.248271e+00	-3.050728e-01	
4  344.223	6.929640e+01	1.688841e+00	1.524708e-01	-1.313019e+00	-2.918220e-01	
1  343.813	6.915657e+01	1.697128e+00	1.470610e-01	-1.298241e+00	-3.104780e-01	
1  343.637	6.936309e+01	1.694588e+00	1.492385e-01	-1.279654e+00	-3.128918e-01	
1  344.049	6.973654e+01	1.699480e+00	1.490686e-01	-1.295064e+00	-3.500398e-01	
2  345.036	6.918104e+01	1.685931e+00	1.463393e-01	-1.335551e+00	-3.768248e-01	
2  345.854	6.926367e+01	1.662061e+00	1.456744e-01	-1.369489e+00	-3.460934e-01	
2  347.084	7.075467e+01	1.659575e+00	1.396033e-01	-1.386321e+00	-3.536070e-01	
1  344.714	6.900983e+01	1.658065e+00	1.398961e-01	-1.302537e+00	-4.281195e-01	
1  346.153	7.033520e+01	1.644342e+00	1.398694e-01	-1.378389e+00	-4.344016e-01	
2  346.62	7.061591e+01	1.693528e+00	1.399200e-01	-1.386787e+00	-4.135426e-01	
1  346.277	7.005845e+01	1.706740e+00	1.428100e-01	-1.384402e+00	-4.702140e-01	
2  344.839	6.942367e+01	1.642762e+00	1.398641e-01	-1.324078e+00	-4.628078e-01	
1  345.131	6.913110e+01	1.606711e+00	1.400473e-01	-1.313653e+00	-5.148768e-01	
7  345.576	6.926187e+01	1.574767e+00	1.373545e-01	-1.296035e+00	-6.262736e-01	
1  344.991	6.879949e+01	1.587595e+00	1.392998e-01	-1.263013e+00	-6.507090e-01	
3  344.852	6.833489e+01	1.589228e+00	1.432027e-01	-1.245149e+00	-5.779838e-01	
1  344.442	6.827589e+01	1.587793e+00	1.431549e-01	-1.153826e+00	-5.421923e-01	
4  345.322	6.779011e+01	1.605042e+00	1.428425e-01	-1.108949e+00	-5.223741e-01	
4  345.394	6.835809e+01	1.593419e+00	1.397659e-01	-1.139870e+00	-5.349746e-01	
3  344.666	6.928935e+01	1.620830e+00	1.416214e-01	-1.211210e+00	-5.020425e-01	
13  344.727	6.835838e+01	1.628912e+00	1.392361e-01	-1.230869e+00	-5.101611e-01	
2  344.607	6.893355e+01	1.628739e+00	1.374741e-01	-1.198704e+00	-5.493140e-01	
3  344.37	6.864741e+01	1.630853e+00	1.383585e-01	-1.189859e+00	-5.106586e-01	
1  344.158	6.907721e+01	1.681626e+00	1.392168e-01	-1.210706e+00	-3.973582e-01	
2  344.176	6.926102e+01	1.669193e+00	1.380061e-01	-1.273254e+00	-3.977384e-01	
2  343.929	6.915815e+01	1.665796e+00	1.406730e-01	-1.284097e+00	-3.881216e-01	
13  344.209	6.973191e+01	1.661984e+00	1.425000e-01	-1.304045e+00	-3.530470e-01	
3  344.198	6.958964e+01	1.673346e+00	1.445326e-01	-1.326597e+00	-3.889150e-01	
3  343.885	6.936784e+01	1.677610e+00	1.420861e-01	-1.297911e+00	-3.798102e-01	
1  343.668	6.892896e+01	1.669221e+00	1.461454e-01	-1.265173e+00	-4.728808e-01	
3  344.349	6.991506e+01	1.675714e+00	1.473119e-01	-1.327513e+00	-3.926215e-01	
1  345.63	6.946702e+01	1.731183e+00	1.464115e-01	-1.359857e+00	-3.334136e-01	
2  345.103	7.024747e+01	1.733190e+00	1.471948e-01	-1.320472e+00	-2.794110e-01	
3  348.179	7.084049e+01	1.674224e+00	1.463776e-01	-1.313323e+00	-3.375915e-01	
4  344.987	6.971032e+01	1.704784e+00	1.424171e-01	-1.358715e+00	-3.402862e-01	
1  345.887	6.994307e+01	1.686604e+00	1.369177e-01	-1.384081e+00	-2.812917e-01	
5  346.483	7.029365e+01	1.735121e+00	1.329905e-01	-1.372876e+00	-3.024889e-01	
4  346.064	6.892710e+01	1.748065e+00	1.337662e-01	-1.322266e+00	-2.970069e-01	
3  347.419	6.955686e+01	1.703440e+00	1.344948e-01	-1.390213e+00	-3.374483e-01	
1  344.912	6.946517e+01	1.703087e+00	1.363307e-01	-1.325574e+00	-3.498655e-01	
6  347.445	6.771044e+01	1.686878e+00	1.399795e-01	-1.249121e+00	-3.141005e-01	
2  345.277	6.863760e+01	1.701249e+00	1.364506e-01	-1.160837e+00	-3.156743e-01	
4  344.581	6.829169e+01	1.716703e+00	1.349566e-01	-1.189238e+00	-3.024980e-01	
2  344.682	6.808143e+01	1.733920e+00	1.354012e-01	-1.152127e+00	-3.373946e-01	
10  346.479	6.804040e+01	1.740657e+00	1.330074e-01	-1.104035e+00	-3.053360e-01	
4  346.112	6.846438e+01	1.723374e+00	1.359549e-01	-1.132378e+00	-2.681299e-01	
3  345.886	6.840857e+01	1.744267e+00	1.372624e-01	-1.109164e+00	-3.340995e-01	
1  347.627	6.888062e+01	1.765791e+00	1.389411e-01	-1.108825e+00	-2.810304e-01	
1  343.925	6.902916e+01	1.746776e+00	1.441666e-01	-1.212370e+00	-1.990907e-01	
4  343.803	6.830218e+01	1.731807e+00	1.415880e-01	-1.180824e+00	-2.955863e-01	
1  343.583	6.835384e+01	1.761975e+00	1.414853e-01	-1.151718e+00	-4.039575e-01	
1  343.699	6.830337e+01	1.769316e+00	1.425397e-01	-1.192997e+00	-3.346814e-01	
1  344.297	6.844399e+01	1.779872e+00	1.426062e-01	-1.245841e+00	-2.648554e-01	
1  343.389	6.868538e+01	1.767851e+00	1.407459e-01	-1.195500e+00	-3.200943e-01	
3  345.405	6.905037e+01	1.785726e+00	1.439665e-01	-1.130959e+00	-3.854132e-01	
1  343.396	6.831747e+01	1.812000e+00	1.425089e-01	-1.136768e+00	-5.000053e-01	
7  343.505	6.840129e+01	1.810005e+00	1.444629e-01	-1.162586e+00	-4.830770e-01	
1  343.547	6.825210e+01	1.812260e+00	1.411291e-01	-1.101421e+00	-5.534346e-01	
3  343.485	6.845825e+01	1.855385e+00	1.424936e-01	-1.113036e+00	-5.222648e-01	
7  344.118	6.887145e+01	1.851809e+00	1.423295e-01	-1.217198e+00	-5.772534e-01	
2  344.097	6.966122e+01	1.854857e+00	1.429426e-01	-1.205748e+00	-7.124605e-01	
3  344.813	6.992835e+01	1.859375e+00	1.425033e-01	-1.239810e+00	-7.309535e-01	
3  344.709	6.973403e+01	1.855540e+00	1.428743e-01	-1.251382e+00	-6.799387e-01	
1  343.911	6.968147e+01	1.844809e+00	1.381899e-01	-1.231026e+00	-5.994104e-01	
2  343.855	6.808238e+01	1.837901e+00	1.388984e-01	-1.058888e+00	-6.332253e-01	
2  345.834	6.833680e+01	1.862704e+00	1.408223e-01	-1.030846e+00	-5.381323e-01	
2  344.384	6.802509e+01	1.856301e+00	1.402084e-01	-1.070404e+00	-4.490114e-01	
2  343.604	6.863098e+01	1.880989e+00	1.395965e-01	-1.130260e+00	-3.802921e-01	
1  343.803	6.931933e+01	1.838470e+00	1.372476e-01	-1.182135e+00	-4.314607e-01	
5  343.715	6.926633e+01	1.840983e+00	1.357849e-01	-1.175606e+00	-4.766855e-01	
2  343.658	6.947878e+01	1.885086e+00	1.342487e-01	-1.196002e+00	-5.030738e-01	
1  343.663	6.895000e+01	1.884078e+00	1.373672e-01	-1.204890e+00	-5.790080e-01	
2  343.794	6.855724e+01	1.879845e+00	1.342473e-01	-1.103832e+00	-4.728348e-01	
4  344.61	6.804899e+01	1.893233e+00	1.335136e-01	-1.172806e+00	-4.138460e-01	
1  344.177	6.910442e+01	1.934649e+00	1.297081e-01	-1.256001e+00	-3.000029e-01	
9  344.839	6.965421e+01	1.949894e+00	1.326046e-01	-1.284794e+00	-4.079275e-01	
3  344.284	6.868272e+01	1.971701e+00	1.330432e-01	-1.208277e+00	-4.306474e-01	
6  343.529	6.928905e+01	1.988925e+00	1.322601e-01	-1.154579e+00	-4.342163e-01	
4  343.68	6.871485e+01	1.976427e+00	1.350229e-01	-1.094783e+00	-4.533971e-01	
1  344.595	6.760780e+01	1.948596e+00	1.348980e-01	-1.087293e+00	-4.936856e-01	
1  343.056	6.863068e+01	1.929162e+00	1.364764e-01	-1.125309e+00	-5.587826e-01	
1  343.397	6.910949e+01	1.953822e+00	1.370216e-01	-1.135847e+00	-5.409268e-01	
3  343.213	6.852379e+01	1.911395e+00	1.380928e-01	-1.136606e+00	-4.483108e-01	
1  344.251	6.884236e+01	1.889028e+00	1.340560e-01	-1.112828e+00	-4.325108e-01	
1  343.945	6.901834e+01	1.904957e+00	1.342855e-01	-1.127404e+00	-4.512585e-01	
1  343.592	6.807774e+01	1.914074e+00	1.358001e-01	-1.114736e+00	-5.326923e-01	
4  346.678	6.746339e+01	1.884660e+00	1.332609e-01	-1.132790e+00	-5.858581e-01	
1  344.797	6.773832e+01	1.870800e+00	1.313401e-01	-1.120014e+00	-5.435061e-01	
1  343.474	6.819410e+01	1.917168e+00	1.340569e-01	-1.068678e+00	-5.949932e-01	
3  343.702	6.800244e+01	1.897578e+00	1.387683e-01	-1.035237e+00	-7.205845e-01	
2  344.669	6.766455e+01	1.943100e+00	1.420075e-01	-1.047203e+00	-6.055556e-01	
4  343.958	6.827791e+01	1.920128e+00	1.399100e-01	-1.151622e+00	-4.997671e-01	
5  344.537	6.890816e+01	1.919010e+00	1.431542e-01	-1.202349e+00	-5.822368e-01	
2  344.295	6.928298e+01	1.916203e+00	1.436585e-01	-1.206487e+00	-6.058949e-01	
8  344.516	6.827113e+01	1.942591e+00	1.447281e-01	-1.115045e+00	-6.452658e-01	
1  345.119	6.823676e+01	1.915620e+00	1.502280e-01	-1.071784e+00	-6.648428e-01	
4  345.115	6.867820e+01	1.899270e+00	1.505176e-01	-1.148322e+00	-6.830737e-01	
1  344.902	6.957551e+01	1.881271e+00	1.472218e-01	-1.149263e+00	-6.982640e-01	
3  345.826	6.937855e+01	1.849209e+00	1.444404e-01	-1.087951e+00	-7.114157e-01	
1  343.61	6.814914e+01	1.826977e+00	1.379643e-01	-1.057362e+00	-7.264862e-01	
11  343.25	6.833914e+01	1.837218e+00	1.400396e-01	-1.127306e+00	-6.672420e-01	
2  343.441	6.937481e+01	1.826333e+00	1.408146e-01	-1.188424e+00	-6.434676e-01	
5  344.367	6.839575e+01	1.809248e+00	1.436618e-01	-1.056996e+00	-6.640859e-01	
5  344.177	6.778027e+01	1.835669e+00	1.415045e-01	-1.096015e+00	-6.793458e-01	
2  343.307	6.843113e+01	1.824491e+00	1.424360e-01	-1.077901e+00	-7.682004e-01	
7  344.294	6.785385e+01	1.803135e+00	1.413604e-01	-1.118916e+00	-7.192879e-01	
1  343.771	6.844405e+01	1.813066e+00	1.422339e-01	-1.176641e+00	-6.212347e-01	
1  343.393	6.916993e+01	1.846383e+00	1.422672e-01	-1.153468e+00	-6.615680e-01	
1  346.424	6.839295e+01	1.877572e+00	1.439730e-01	-1.199641e+00	-7.118687e-01	
1  345.327	6.997509e+01	1.868258e+00	1.468100e-01	-1.204431e+00	-8.020252e-01	
7  346.162	7.025294e+01	1.860270e+00	1.455129e-01	-1.262947e+00	-7.943172e-01	
1  346.302	6.964603e+01	1.835368e+00	1.470563e-01	-1.266314e+00	-8.349775e-01	
1  345.173	6.848989e+01	1.804325e+00	1.490247e-01	-1.174162e+00	-8.485045e-01	
1  344.543	6.976816e+01	1.761557e+00	1.494587e-01	-1.194829e+00	-8.688797e-01	
2  344.625	6.933392e+01	1.753610e+00	1.473100e-01	-1.249400e+00	-7.915051e-01	
4  344.897	6.975782e+01	1.730261e+00	1.498365e-01	-1.254134e+00	-8.821303e-01	
3  344.225	6.961118e+01	1.729048e+00	1.477646e-01	-1.223997e+00	-9.201945e-01	
1  344.974	7.002530e+01	1.714029e+00	1.489350e-01	-1.210298e+00	-1.017400e+00	
1  345.525	7.025348e+01	1.710125e+00	1.435210e-01	-1.227099e+00	-1.024649e+00	
4  345.746	7.024693e+01	1.690369e+00	1.400013e-01	-1.255738e+00	-9.681235e-01	
2  345.547	6.924490e+01	1.687066e+00	1.387132e-01	-1.251134e+00	-9.915040e-01	
1  348.248	6.774572e+01	1.698467e+00	1.364672e-01	-1.171454e+00	-1.005402e+00	
1  343.629	6.858383e+01	1.690604e+00	1.371160e-01	-1.124107e+00	-9.840399e-01	
5  345.821	6.974425e+01	1.752452e+00	1.358372e-01	-1.135670e+00	-8.929679e-01	
1  345.836	6.968717e+01	1.719267e+00	1.381074e-01	-1.132420e+00	-8.960612e-01	
14  345.131	6.989956e+01	1.719407e+00	1.387313e-01	-1.252521e+00	-9.473741e-01	
1  344.101	6.948375e+01	1.722829e+00	1.396448e-01	-1.190902e+00	-1.062749e+00	
1  344.004	6.824485e+01	1.724373e+00	1.468681e-01	-1.121573e+00	-1.084997e+00	
2  343.542	6.819064e+01	1.690634e+00	1.464685e-01	-1.104733e+00	-1.113022e+00	
1  343.482	6.917785e+01	1.701796e+00	1.489136e-01	-1.155011e+00	-1.089179e+00	
1  343.599	6.856206e+01	1.704026e+00	1.490394e-01	-1.036833e+00	-1.177860e+00	
1  343.584	6.798844e+01	1.693494e+00	1.508692e-01	-1.032595e+00	-1.305889e+00	
1  343.048	6.833622e+01	1.646400e+00	1.485880e-01	-1.061971e+00	-1.292766e+00	
3  343.578	6.837807e+01	1.587853e+00	1.487026e-01	-1.037927e+00	-1.270770e+00	
1  343.425	6.817147e+01	1.563415e+00	1.468475e-01	-1.024964e+00	-1.458814e+00	
4  343.762	6.785765e+01	1.580037e+00	1.442804e-01	-1.027201e+00	-1.452411e+00	
2  344.053	6.773495e+01	1.564180e+00	1.475468e-01	-1.055978e+00	-1.407570e+00	
4  343.073	6.827997e+01	1.565452e+00	1.514472e-01	-1.059005e+00	-1.422188e+00	
1  343.499	6.847030e+01	1.598444e+00	1.542558e-01	-1.022418e+00	-1.456030e+00	
7  344.289	6.779389e+01	1.626359e+00	1.541213e-01	-1.055559e+00	-1.374698e+00	
1  343.514	6.829446e+01	1.629739e+00	1.528226e-01	-1.072883e+00	-1.433199e+00	
3  343.096	6.880527e+01	1.620471e+00	1.505232e-01	-1.106657e+00	-1.290980e+00	
8  344.628	6.979764e+01	1.603491e+00	1.490151e-01	-1.166059e+00	-1.212954e+00	
1  347.764	6.973857e+01	1.571417e+00	1.479980e-01	-1.083722e+00	-1.216610e+00	
1  343.391	6.895342e+01	1.616787e+00	1.442277e-01	-1.133965e+00	-1.247549e+00	
1  344.355	6.863736e+01	1.621190e+00	1.416118e-01	-1.162145e+00	-1.227134e+00	
1  343.667	6.889362e+01	1.605622e+00	1.451584e-01	-1.090769e+00	-1.194620e+00	
1  343.279	6.826342e+01	1.626686e+00	1.441221e-01	-1.085151e+00	-1.212308e+00	
4  343.043	6.843021e+01	1.636539e+00	1.462413e-01	-1.070651e+00	-1.298408e+00	
1  343.227	6.888323e+01	1.640439e+00	1.473606e-01	-1.129046e+00	-1.265618e+00	
1  343.347	6.854256e+01	1.598219e+00	1.450731e-01	-1.109295e+00	-1.321012e+00	
11  343.114	6.860599e+01	1.610334e+00	1.465207e-01	-1.090700e+00	-1.356216e+00	
2  343.402	6.807039e+01	1.597016e+00	1.454744e-01	-1.050137e+00	-1.407451e+00	
3  344.392	6.778647e+01	1.618767e+00	1.465434e-01	-1.068503e+00	-1.396379e+00	
1  345.523	6.938367e+01	1.644711e+00	1.458085e-01	-1.047368e+00	-1.376485e+00	
1  343.508	6.834020e+01	1.591471e+00	1.498092e-01	-1.013415e+00	-1.422579e+00	
1  344.075	6.814155e+01	1.566913e+00	1.489714e-01	-9.838860e-01	-1.457193e+00	
3  343.378	6.874781e+01	1.569463e+00	1.461786e-01	-1.075356e+00	-1.553562e+00	
3  343.782	6.815438e+01	1.538999e+00	1.485965e-01	-1.072538e+00	-1.613899e+00	
1  343.305	6.853611e+01	1.487444e+00	1.507874e-01	-1.096168e+00	-1.567688e+00	
7  343.381	6.874755e+01	1.491685e+00	1.519794e-01	-1.115235e+00	-1.598513e+00	
2  343.984	6.869096e+01	1.471629e+00	1.537583e-01	-1.132125e+00	-1.712201e+00	
1  343.536	6.867215e+01	1.477883e+00	1.546768e-01	-1.044234e+00	-1.598831e+00	
2  343.056	6.845654e+01	1.486735e+00	1.569509e-01	-1.076606e+00	-1.524067e+00	
2  343.105	6.832772e+01	1.505296e+00	1.563841e-01	-1.058770e+00	-1.576461e+00	
1  343.261	6.811182e+01	1.478468e+00	1.582184e-01	-1.035368e+00	-1.560316e+00	
3  343.826	6.825858e+01	1.470527e+00	1.605052e-01	-1.003775e+00	-1.612815e+00	
6  343.203	6.827163e+01	1.442785e+00	1.613861e-01	-1.059601e+00	-1.626679e+00	
2  344.047	6.919733e+01	1.436730e+00	1.659851e-01	-1.113594e+00	-1.659426e+00	
5  344.04	6.912767e+01	1.438641e+00	1.659360e-01	-1.101705e+00	-1.638167e+00	
1  345.166	6.985571e+01	1.459469e+00	1.623678e-01	-1.203238e+00	-1.665702e+00	
1  346.762	7.034105e+01	1.472341e+00	1.624435e-01	-1.246761e+00	-1.672165e+00	
4  347.349	7.037113e+01	1.461849e+00	1.651185e-01	-1.267561e+00	-1.684559e+00	
1  346.44	7.027416e+01	1.474287e+00	1.627112e-01	-1.233001e+00	-1.658605e+00	
1  346.48	7.013066e+01	1.504078e+00	1.624051e-01	-1.243592e+00	-1.606760e+00	
1  348.42	7.071165e+01	1.496157e+00	1.627001e-01	-1.194040e+00	-1.612249e+00	
3  345.861	6.882400e+01	1.494404e+00	1.575724e-01	-1.188554e+00	-1.690842e+00	
2  344.769	6.859409e+01	1.511016e+00	1.577093e-01	-1.145749e+00	-1.654445e+00	
2  344.448	6.880295e+01	1.516580e+00	1.576663e-01	-1.162430e+00	-1.569104e+00	
4  345.068	6.997286e+01	1.476786e+00	1.562839e-01	-1.183109e+00	-1.521468e+00	
5  343.584	6.929220e+01	1.429818e+00	1.596688e-01	-1.162077e+00	-1.531475e+00	
1  345.131	7.004773e+01	1.442214e+00	1.604666e-01	-1.232275e+00	-1.479379e+00	
2  343.926	6.915600e+01	1.397586e+00	1.607223e-01	-1.216794e+00	-1.480668e+00	
2  343.739	6.911817e+01	1.362202e+00	1.633059e-01	-1.207950e+00	-1.539807e+00	
6  343.265	6.903118e+01	1.333792e+00	1.638088e-01	-1.159557e+00	-1.543086e+00	
4  343.204	6.836513e+01	1.324826e+00	1.659455e-01	-1.136165e+00	-1.520274e+00	
1  344.32	6.789172e+01	1.276266e+00	1.642749e-01	-1.153989e+00	-1.509605e+00	
2  345.523	6.755917e+01	1.293863e+00	1.672424e-01	-1.147416e+00	-1.484687e+00	
2  345.646	6.723078e+01	1.286349e+00	1.647548e-01	-1.100809e+00	-1.495645e+00	
1  343.591	6.815632e+01	1.279974e+00	1.639537e-01	-1.145684e+00	-1.565826e+00	
4  343.783	6.818742e+01	1.252890e+00	1.621356e-01	-1.085134e+00	-1.571007e+00	
2  344.001	6.858372e+01	1.272272e+00	1.658180e-01	-1.081548e+00	-1.572345e+00	
4  343.642	6.809135e+01	1.267271e+00	1.677860e-01	-1.141535e+00	-1.603171e+00	
3  343.805	6.812079e+01	1.261426e+00	1.708889e-01	-1.144407e+00	-1.658949e+00	
1  343.205	6.825503e+01	1.280692e+00	1.677996e-01	-1.118833e+00	-1.619778e+00	
2  343.4	6.819091e+01	1.296868e+00	1.687802e-01	-1.068349e+00	-1.662819e+00	
2  343.468	6.907247e+01	1.281585e+00	1.668144e-01	-1.140639e+00	-1.680139e+00	
4  343.897	6.841397e+01	1.285610e+00	1.682842e-01	-1.174887e+00	-1.660693e+00	
1  343.983	6.847669e+01	1.315588e+00	1.719220e-01	-1.152744e+00	-1.704806e+00	
1  343.794	6.925147e+01	1.306922e+00	1.709299e-01	-1.162965e+00	-1.653884e+00	
1  344.07	6.890468e+01	1.298643e+00	1.698766e-01	-1.086800e+00	-1.693926e+00	
2  344.474	6.933106e+01	1.281970e+00	1.711060e-01	-1.122671e+00	-1.739046e+00	
8  343.558	6.846640e+01	1.319131e+00	1.719847e-01	-1.118522e+00	-1.697358e+00	
2  343.144	6.831707e+01	1.289107e+00	1.669203e-01	-1.098984e+00	-1.654339e+00	
6  343.614	6.863941e+01	1.293599e+00	1.645942e-01	-1.087620e+00	-1.619199e+00	
1  344.077	6.946061e+01	1.310714e+00	1.615482e-01	-1.164287e+00	-1.686040e+00	
2  343.908	6.882393e+01	1.349204e+00	1.591728e-01	-1.179589e+00	-1.682001e+00	
1  343.799	6.877660e+01	1.346075e+00	1.599859e-01	-1.168287e+00	-1.722139e+00	
10  343.21	6.850915e+01	1.338381e+00	1.601103e-01	-1.107022e+00	-1.763956e+00	
3  343.937	6.925730e+01	1.361852e+00	1.611494e-01	-1.111246e+00	-1.727776e+00	
1  344.194	6.945532e+01	1.360391e+00	1.616163e-01	-1.128452e+00	-1.751872e+00	
2  343.945	6.834225e+01	1.371466e+00	1.573230e-01	-1.128222e+00	-1.738347e+00	
5  343.87	6.862497e+01	1.333680e+00	1.548619e-01	-1.158152e+00	-1.583582e+00	
3  344.694	6.938646e+01	1.325083e+00	1.558959e-01	-1.155869e+00	-1.517012e+00	
1  344.541	6.887933e+01	1.315105e+00	1.549802e-01	-1.210724e+00	-1.567202e+00	
3  344.764	6.912448e+01	1.310422e+00	1.555000e-01	-1.235513e+00	-1.561638e+00	
1  344.895	6.891115e+01	1.332942e+00	1.566325e-01	-1.236121e+00	-1.539397e+00	
1  344.595	6.835461e+01	1.341949e+00	1.540901e-01	-1.175859e+00	-1.513880e+00	
2  343.774	6.836096e+01	1.375902e+00	1.563994e-01	-1.149111e+00	-1.531364e+00	
3  344.408	6.927178e+01	1.381361e+00	1.529645e-01	-1.134793e+00	-1.539650e+00	
1  343.949	6.859356e+01	1.404688e+00	1.512140e-01	-1.150738e+00	-1.518765e+00	
1  344.145	6.782434e+01	1.434001e+00	1.519972e-01	-1.092243e+00	-1.443913e+00	
2  343.772	6.911078e+01	1.420779e+00	1.527300e-01	-1.139410e+00	-1.438457e+00	
1  344.098	6.873179e+01	1.386194e+00	1.503844e-01	-1.120617e+00	-1.427406e+00	
6  343.366	6.844503e+01	1.419975e+00	1.533907e-01	-1.130112e+00	-1.405584e+00	
2  343.788	6.868291e+01	1.453799e+00	1.546417e-01	-1.175939e+00	-1.418705e+00	
3  343.807	6.825175e+01	1.457787e+00	1.541812e-01	-1.133863e+00	-1.448199e+00	
3  343.883	6.933154e+01	1.470890e+00	1.554696e-01	-1.198877e+00	-1.440303e+00	
2  344.104	6.900101e+01	1.475764e+00	1.525570e-01	-1.199847e+00	-1.409752e+00	
9  344.748	6.975892e+01	1.452845e+00	1.541273e-01	-1.239461e+00	-1.438461e+00	
2  345.632	7.006590e+01	1.417479e+00	1.520396e-01	-1.225265e+00	-1.360586e+00	
15  343.424	6.863083e+01	1.444523e+00	1.520183e-01	-1.155109e+00	-1.333268e+00	
3  343.801	6.886220e+01	1.455231e+00	1.484356e-01	-1.148330e+00	-1.419328e+00	
3  344.924	6.953622e+01	1.443617e+00	1.473538e-01	-1.181734e+00	-1.361512e+00	
9  344.013	6.932589e+01	1.447457e+00	1.517070e-01	-1.219493e+00	-1.304095e+00	
7  343.715	6.910933e+01	1.428300e+00	1.582966e-01	-1.121952e+00	-1.402545e+00	
4  343.316	6.857813e+01	1.442382e+00	1.576206e-01	-1.146814e+00	-1.446966e+00	
1  343.856	6.856661e+01	1.440837e+00	1.560110e-01	-1.162770e+00	-1.498227e+00	
3  343.611	6.912939e+01	1.463117e+00	1.584849e-01	-1.186673e+00	-1.423933e+00	
1  344.569	6.923171e+01	1.431360e+00	1.589951e-01	-1.238256e+00	-1.449164e+00	
1  343.613	6.930286e+01	1.461009e+00	1.580089e-01	-1.147476e+00	-1.483393e+00	
5  343.661	6.884768e+01	1.481795e+00	1.551469e-01	-1.160534e+00	-1.506198e+00	
1  343.999	6.937578e+01	1.497362e+00	1.522429e-01	-1.116876e+00	-1.584840e+00	
4  343.526	6.893820e+01	1.480910e+00	1.504404e-01	-1.126445e+00	-1.560011e+00	
1  343.925	6.907676e+01	1.501052e+00	1.471896e-01	-1.105835e+00	-1.582353e+00	
1  344.113	6.870706e+01	1.491162e+00	1.494595e-01	-1.042779e+00	-1.522031e+00	
2  343.978	6.919385e+01	1.519162e+00	1.508184e-01	-1.088132e+00	-1.519556e+00	
5  343.415	6.897224e+01	1.527297e+00	1.510891e-01	-1.090620e+00	-1.494470e+00	
7  343.504	6.895357e+01	1.510640e+00	1.488101e-01	-1.121693e+00	-1.497543e+00	
1  343.103	6.854800e+01	1.521564e+00	1.526173e-01	-1.060796e+00	-1.536466e+00	
9  343.136	6.858926e+01	1.569196e+00	1.527677e-01	-1.078014e+00	-1.534383e+00	
2  344.997	6.827149e+01	1.529858e+00	1.507211e-01	-1.127825e+00	-1.610449e+00	
3  343.34	6.882396e+01	1.512753e+00	1.527862e-01	-1.118118e+00	-1.572403e+00	
2  344.076	6.934923e+01	1.519385e+00	1.520915e-01	-1.163134e+00	-1.588852e+00	
5  343.402	6.889501e+01	1.505057e+00	1.513551e-01	-1.113209e+00	-1.606206e+00	
3  343.649	6.800398e+01	1.526176e+00	1.506352e-01	-1.042012e+00	-1.706486e+00	
2  343.639	6.781575e+01	1.503920e+00	1.496002e-01	-1.010646e+00	-1.621390e+00	
5  343.44	6.894617e+01	1.535509e+00	1.518818e-01	-1.068552e+00	-1.607156e+00	
2  343.866	6.925346e+01	1.545558e+00	1.506690e-01	-1.087535e+00	-1.616965e+00	
3  343.124	6.825495e+01	1.502368e+00	1.534114e-01	-1.038735e+00	-1.660990e+00	
1  343.337	6.815043e+01	1.488384e+00	1.550241e-01	-1.058068e+00	-1.678479e+00	
1  345.286	6.740112e+01	1.491238e+00	1.532724e-01	-1.036939e+00	-1.706217e+00	
4  343.828	6.875533e+01	1.476918e+00	1.544917e-01	-1.019005e+00	-1.768469e+00	
1  343.827	6.790115e+01	1.496786e+00	1.567537e-01	-1.045638e+00	-1.717880e+00	
1  344.145	6.818245e+01	1.526348e+00	1.571204e-01	-1.072930e+00	-1.744597e+00	
1  344.102	6.768458e+01	1.518200e+00	1.571111e-01	-1.033358e+00	-1.621494e+00	
2  343.353	6.809347e+01	1.493532e+00	1.591811e-01	-1.021777e+00	-1.623925e+00	
3  343.41	6.794231e+01	1.504421e+00	1.577594e-01	-1.014427e+00	-1.613189e+00	
6  344.063	6.765305e+01	1.507644e+00	1.598429e-01	-1.021256e+00	-1.586163e+00	
3  343.479	6.814398e+01	1.521566e+00	1.586322e-01	-1.008148e+00	-1.606338e+00	
2  344.413	6.799718e+01	1.533650e+00	1.631784e-01	-9.682321e-01	-1.672861e+00	
1  345.396	6.729606e+01	1.516806e+00	1.641063e-01	-9.812542e-01	-1.693528e+00	
1  344.314	6.824249e+01	1.535624e+00	1.638275e-01	-1.049321e+00	-1.717924e+00	
1  345.318	6.799936e+01	1.534239e+00	1.637072e-01	-1.071382e+00	-1.697994e+00	
1  345.235	6.871991e+01	1.560332e+00	1.681193e-01	-1.047089e+00	-1.671237e+00	
1  349.339	6.953228e+01	1.542638e+00	1.693749e-01	-1.020659e+00	-1.562785e+00	
1  349.463	6.905828e+01	1.591104e+00	1.713267e-01	-9.790441e-01	-1.561336e+00	
1  348.004	6.759261e+01	1.581951e+00	1.730765e-01	-9.284464e-01	-1.608751e+00	
1  348.45	6.752348e+01	1.566284e+00	1.731153e-01	-9.115848e-01	-1.560499e+00	
4  348.025	6.747891e+01	1.567363e+00	1.725133e-01	-9.273789e-01	-1.517402e+00	
1  346.961	6.823359e+01	1.585027e+00	1.726204e-01	-1.001258e+00	-1.546099e+00	
3  346.719	6.839619e+01	1.580092e+00	1.683795e-01	-9.734645e-01	-1.504658e+00	
1  346.526	6.851526e+01	1.559791e+00	1.682023e-01	-9.872582e-01	-1.485154e+00	
4  348.127	6.755596e+01	1.580493e+00	1.696664e-01	-9.105452e-01	-1.462202e+00	
1  347.355	6.758890e+01	1.625717e+00	1.686216e-01	-1.010737e+00	-1.504134e+00	
2  347.011	6.789999e+01	1.625095e+00	1.663156e-01	-1.054635e+00	-1.579141e+00	
2  346.479	6.906791e+01	1.610351e+00	1.674278e-01	-1.119721e+00	-1.631992e+00	
3  346.551	6.877999e+01	1.630330e+00	1.684321e-01	-1.085901e+00	-1.574805e+00	
2  346.501	6.909880e+01	1.637996e+00	1.677413e-01	-1.066020e+00	-1.538641e+00	
3  346.911	6.868137e+01	1.626637e+00	1.676475e-01	-1.117949e+00	-1.532276e+00	
2  346.078	6.819646e+01	1.583831e+00	1.673097e-01	-1.076336e+00	-1.584233e+00	
1  347.819	6.722054e+01	1.616666e+00	1.686419e-01	-9.642505e-01	-1.574224e+00	
4  346.22	6.801402e+01	1.627871e+00	1.677828e-01	-9.803063e-01	-1.645014e+00	
8  347.25	6.886956e+01	1.617405e+00	1.707744e-01	-1.011955e+00	-1.681024e+00	
2  346.413	6.779810e+01	1.615517e+00	1.682359e-01	-9.609426e-01	-1.725792e+00	
5  346.206	6.800261e+01	1.621880e+00	1.678930e-01	-9.676603e-01	-1.720389e+00	
1  345.947	6.820868e+01	1.605488e+00	1.678726e-01	-9.643351e-01	-1.791703e+00	
5  347.084	6.871208e+01	1.625505e+00	1.701149e-01	-9.913176e-01	-1.757795e+00	
1  347.754	6.817893e+01	1.629106e+00	1.701999e-01	-9.167383e-01	-1.783234e+00	
1  347.507	6.819481e+01	1.673951e+00	1.682843e-01	-9.303716e-01	-1.717753e+00	
1  347.607	6.854396e+01	1.706484e+00	1.670186e-01	-9.437588e-01	-1.797280e+00	
7  347.974	6.846746e+01	1.710622e+00	1.681954e-01	-9.782289e-01	-1.898636e+00	
11  347.966	6.903358e+01	1.708659e+00	1.661989e-01	-9.625880e-01	-1.924331e+00	
5  346.969	6.839328e+01	1.726227e+00	1.629737e-01	-9.000353e-01	-1.921968e+00	
1  348.024	6.768921e+01	1.733237e+00	1.640749e-01	-8.378223e-01	-1.887515e+00	
1  348.734	6.754569e+01	1.759773e+00	1.647314e-01	-8.279095e-01	-1.870739e+00	
1  347.047	6.759175e+01	1.732533e+00	1.606933e-01	-8.373454e-01	-1.866815e+00	
4  346.918	6.747172e+01	1.730309e+00	1.612002e-01	-8.473503e-01	-1.865972e+00	
1  346.288	6.731496e+01	1.723005e+00	1.592525e-01	-8.719394e-01	-1.805611e+00	
1  345.903	6.797074e+01	1.700498e+00	1.583425e-01	-8.620952e-01	-1.913167e+00	
3  345.297	6.772097e+01	1.635467e+00	1.590371e-01	-8.659165e-01	-1.943595e+00	
1  346.363	6.710308e+01	1.640758e+00	1.597005e-01	-8.381598e-01	-1.848189e+00	
1  346.006	6.729425e+01	1.670249e+00	1.586904e-01	-8.556782e-01	-1.785907e+00	
2  346.05	6.692783e+01	1.642147e+00	1.574177e-01	-8.823061e-01	-1.672592e+00	
6  345.805	6.699523e+01	1.642116e+00	1.565069e-01	-9.240438e-01	-1.633128e+00	
2  344.147	6.824263e+01	1.684848e+00	1.532032e-01	-9.466641e-01	-1.629944e+00	
2  345.148	6.842966e+01	1.688157e+00	1.538320e-01	-9.229936e-01	-1.681812e+00	
8  344.121	6.846421e+01	1.669903e+00	1.518206e-01	-9.539976e-01	-1.671342e+00	
5  344.176	6.767934e+01	1.662941e+00	1.540159e-01	-9.686007e-01	-1.649626e+00	
12  345.063	6.715979e+01	1.649096e+00	1.521608e-01	-9.524592e-01	-1.598456e+00	
2  344.164	6.907872e+01	1.674218e+00	1.504719e-01	-1.013087e+00	-1.695862e+00	
1  344.708	6.884542e+01	1.693518e+00	1.494144e-01	-9.609038e-01	-1.686818e+00	
1  344.678	6.836884e+01	1.720175e+00	1.478224e-01	-9.215728e-01	-1.621606e+00	
5  343.797	6.887694e+01	1.746158e+00	1.484320e-01	-1.009620e+00	-1.624303e+00	
2  343.507	6.797535e+01	1.740322e+00	1.470230e-01	-9.549834e-01	-1.543142e+00	
2  343.593	6.769444e+01	1.713285e+00	1.442958e-01	-9.567049e-01	-1.566939e+00	
3  343.882	6.752811e+01	1.698242e+00	1.430530e-01	-9.413022e-01	-1.654428e+00	
4  343.451	6.787837e+01	1.724877e+00	1.440165e-01	-9.402407e-01	-1.645442e+00	
4  343.292	6.826192e+01	1.749020e+00	1.414645e-01	-9.638929e-01	-1.714058e+00	
1  343.457	6.842561e+01	1.764645e+00	1.387861e-01	-9.609097e-01	-1.690100e+00	
7  343.911	6.765360e+01	1.736300e+00	1.430525e-01	-9.602189e-01	-1.666210e+00	
4  344.062	6.757698e+01	1.770191e+00	1.462597e-01	-8.956758e-01	-1.685635e+00	
1  346.649	6.689160e+01	1.765883e+00	1.439932e-01	-9.313239e-01	-1.688500e+00	
2  346.738	6.653045e+01	1.745735e+00	1.462513e-01	-8.622263e-01	-1.710894e+00	
1  343.949	6.773468e+01	1.740601e+00	1.459416e-01	-9.455464e-01	-1.788202e+00	
3  343.689	6.858317e+01	1.764432e+00	1.464983e-01	-9.982713e-01	-1.752038e+00	
3  343.897	6.895892e+01	1.762604e+00	1.449524e-01	-1.009275e+00	-1.791877e+00	
1  343.6	6.883988e+01	1.741600e+00	1.449968e-01	-1.010961e+00	-1.732588e+00	
4  343.937	6.847280e+01	1.779068e+00	1.481827e-01	-9.443518e-01	-1.736684e+00	
1  344.601	6.843645e+01	1.749521e+00	1.508671e-01	-9.184332e-01	-1.757147e+00	
2  346.196	6.897852e+01	1.727546e+00	1.528832e-01	-9.208787e-01	-1.864766e+00	
3  345.483	6.799136e+01	1.750552e+00	1.543559e-01	-9.736820e-01	-1.872023e+00	
1  345.17	6.823307e+01	1.739685e+00	1.505979e-01	-1.020967e+00	-1.817411e+00	
1  344.188	6.859742e+01	1.715527e+00	1.502650e-01	-1.018368e+00	-1.852432e+00	
2  344.782	6.873388e+01	1.705117e+00	1.530463e-01	-1.052648e+00	-1.802323e+00	
2  343.812	6.844531e+01	1.682301e+00	1.518185e-01	-9.913126e-01	-1.882849e+00	
1  343.638	6.813618e+01	1.701572e+00	1.488387e-01	-9.454752e-01	-1.939855e+00	
9  343.916	6.767506e+01	1.693032e+00	1.476397e-01	-9.257122e-01	-1.918703e+00	
2  345.062	6.810763e+01	1.674550e+00	1.467200e-01	-1.011564e+00	-1.991556e+00	
2  343.716	6.866577e+01	1.645698e+00	1.445143e-01	-9.803527e-01	-2.024734e+00	
1  343.58	6.838315e+01	1.629270e+00	1.443468e-01	-9.539247e-01	-1.973909e+00	
1  343.79	6.805156e+01	1.623182e+00	1.470609e-01	-9.636461e-01	-2.064331e+00	
8  343.426	6.808114e+01	1.612344e+00	1.486535e-01	-9.479905e-01	-2.003117e+00	
1  343.453	6.814927e+01	1.606071e+00	1.511976e-01	-9.626772e-01	-1.996509e+00	
6  343.809	6.802148e+01	1.593834e+00	1.506402e-01	-9.139373e-01	-1.925001e+00	
5  343.89	6.765110e+01	1.604936e+00	1.471931e-01	-9.564106e-01	-1.885808e+00	
6  343.874	6.781489e+01	1.564298e+00	1.443591e-01	-9.569484e-01	-1.846614e+00	
2  344.329	6.748096e+01	1.597524e+00	1.426828e-01	-9.362781e-01	-1.842854e+00	
2  347.268	6.727928e+01	1.641848e+00	1.444940e-01	-9.930538e-01	-1.930091e+00	
1  349.275	6.712625e+01	1.610033e+00	1.501860e-01	-1.019525e+00	-1.920871e+00	
8  343.403	6.818734e+01	1.579682e+00	1.470810e-01	-9.687090e-01	-1.882212e+00	
1  343.831	6.848312e+01	1.608255e+00	1.453946e-01	-9.533645e-01	-1.905986e+00	
5  344.012	6.813258e+01	1.593047e+00	1.462412e-01	-1.010109e+00	-1.945664e+00	
6  344.45	6.924837e+01	1.576873e+00	1.485199e-01	-1.021696e+00	-1.945871e+00	
3  343.42	6.829329e+01	1.549381e+00	1.500075e-01	-1.003883e+00	-1.961459e+00	
2  343.894	6.809245e+01	1.544090e+00	1.478680e-01	-1.010333e+00	-1.966069e+00	
2  343.892	6.892932e+01	1.533270e+00	1.477988e-01	-1.030626e+00	-1.967638e+00	
1  345.715	6.963345e+01	1.541304e+00	1.441933e-01	-1.067911e+00	-1.975899e+00	
1  347.104	7.014109e+01	1.598518e+00	1.417389e-01	-1.121259e+00	-1.933363e+00	
1  344.71	6.929929e+01	1.618194e+00	1.414762e-01	-1.088832e+00	-1.801548e+00	
1  346.078	6.801880e+01	1.637756e+00	1.416342e-01	-1.069469e+00	-1.760089e+00	
4  346.054	6.862946e+01	1.557033e+00	1.442860e-01	-1.139750e+00	-1.754060e+00	
1  346.214	6.947101e+01	1.562863e+00	1.409744e-01	-1.047734e+00	-1.716531e+00	
8  343.965	6.868382e+01	1.583400e+00	1.428932e-01	-1.010966e+00	-1.739589e+00	
1  345.131	6.835150e+01	1.563901e+00	1.429207e-01	-1.086079e+00	-1.786682e+00	
1  348.736	6.773404e+01	1.556124e+00	1.437069e-01	-1.109367e+00	-1.753509e+00	
2  344.173	6.911877e+01	1.591148e+00	1.431147e-01	-1.060371e+00	-1.712464e+00	
9  343.718	6.872434e+01	1.601047e+00	1.421605e-01	-1.053184e+00	-1.644372e+00	
4  343.719	6.789796e+01	1.624144e+00	1.432357e-01	-9.727345e-01	-1.547297e+00	
2  343.651	6.833171e+01	1.635587e+00	1.419710e-01	-1.005793e+00	-1.472919e+00	
4  343.285	6.805906e+01	1.654755e+00	1.440981e-01	-1.007180e+00	-1.450423e+00	
5  343.291	6.850023e+01	1.645739e+00	1.444822e-01	-1.083514e+00	-1.405453e+00	
1  343.192	6.860763e+01	1.613359e+00	1.454468e-01	-1.081907e+00	-1.419924e+00	
5  343.377	6.851072e+01	1.600649e+00	1.463232e-01	-1.089798e+00	-1.475306e+00	
1  344.571	6.809567e+01	1.630745e+00	1.495200e-01	-1.098728e+00	-1.437120e+00	
10  343.637	6.772747e+01	1.590768e+00	1.507834e-01	-1.027628e+00	-1.329519e+00	
1  343.2	6.848416e+01	1.610552e+00	1.453848e-01	-1.086652e+00	-1.358739e+00	
1  343.509	6.814372e+01	1.626285e+00	1.428582e-01	-1.065729e+00	-1.339370e+00	
1  344.177	6.864772e+01	1.653615e+00	1.466259e-01	-1.143128e+00	-1.342884e+00	
6  343.714	6.913511e+01	1.674006e+00	1.446341e-01	-1.118831e+00	-1.448786e+00	
3  344.733	6.932513e+01	1.668107e+00	1.463333e-01	-1.052384e+00	-1.395391e+00	
1  344.09	6.911250e+01	1.611196e+00	1.442967e-01	-1.077206e+00	-1.352869e+00	
4  343.848	6.928413e+01	1.603597e+00	1.444491e-01	-1.131442e+00	-1.377508e+00	
1  343.686	6.858849e+01	1.592397e+00	1.461359e-01	-1.125530e+00	-1.395122e+00	
2  344.6	6.943188e+01	1.582060e+00	1.462721e-01	-1.094873e+00	-1.432109e+00	
1  344.635	6.904837e+01	1.606290e+00	1.465933e-01	-1.031835e+00	-1.466971e+00	
4  343.302	6.818889e+01	1.629897e+00	1.493421e-01	-1.010975e+00	-1.396933e+00	
4  343.403	6.819368e+01	1.657718e+00	1.477580e-01	-9.914740e-01	-1.439426e+00	
2  343.22	6.884132e+01	1.681500e+00	1.475684e-01	-1.067174e+00	-1.426453e+00	
2  344.057	6.921468e+01	1.692732e+00	1.473614e-01	-1.051397e+00	-1.459440e+00	
3  343.8	6.854466e+01	1.706579e+00	1.485864e-01	-9.929463e-01	-1.416758e+00	
8  343.194	6.809459e+01	1.679148e+00	1.468098e-01	-1.009239e+00	-1.402078e+00	
2  343.787	6.791998e+01	1.708204e+00	1.467886e-01	-1.028634e+00	-1.450776e+00	
1  343.121	6.843226e+01	1.671724e+00	1.492362e-01	-1.039679e+00	-1.427058e+00	
2  343.151	6.854071e+01	1.669780e+00	1.488006e-01	-1.067958e+00	-1.404577e+00	
3  343.222	6.829061e+01	1.651405e+00	1.487455e-01	-1.053093e+00	-1.455362e+00	
5  343.774	6.867793e+01	1.654328e+00	1.493465e-01	-1.112841e+00	-1.442891e+00	
3  344.381	6.963485e+01	1.644302e+00	1.494402e-01	-1.172428e+00	-1.371604e+00	
10  343.398	6.918615e+01	1.652168e+00	1.486986e-01	-1.131113e+00	-1.237225e+00	
5  343.074	6.862447e+01	1.673219e+00	1.490813e-01	-1.084385e+00	-1.254670e+00	
7  343.631	6.834576e+01	1.691630e+00	1.490371e-01	-1.099617e+00	-1.246273e+00	
6  344.144	6.852056e+01	1.688460e+00	1.543747e-01	-1.131529e+00	-1.134355e+00	
5  346.022	6.991339e+01	1.717859e+00	1.575903e-01	-1.177266e+00	-1.140864e+00	
1  344.831	6.876762e+01	1.706220e+00	1.599153e-01	-1.093945e+00	-1.112780e+00	
1  344.716	6.926598e+01	1.687924e+00	1.569307e-01	-1.115142e+00	-1.058948e+00	
2  344.375	6.923878e+01	1.665761e+00	1.579611e-01	-1.200835e+00	-9.156833e-01	
6  344.567	6.905525e+01	1.608581e+00	1.601382e-01	-1.224972e+00	-9.428070e-01	
6  343.933	6.879633e+01	1.605199e+00	1.601568e-01	-1.173358e+00	-9.339390e-01	
1  344.101	6.890757e+01	1.601744e+00	1.604260e-01	-1.186197e+00	-9.945513e-01	
2  345.562	6.906631e+01	1.667714e+00	1.612569e-01	-1.087348e+00	-1.056180e+00	
2  345.576	6.849901e+01	1.662850e+00	1.611777e-01	-1.160192e+00	-1.078428e+00	
2  344.908	6.905877e+01	1.654834e+00	1.606217e-01	-1.204497e+00	-9.399744e-01	
4  345.132	6.823673e+01	1.655841e+00	1.579319e-01	-1.159884e+00	-9.771053e-01	
2  345.161	6.781952e+01	1.682693e+00	1.577742e-01	-1.084051e+00	-1.055246e+00	
3  344.474	6.801053e+01	1.722657e+00	1.548327e-01	-1.027941e+00	-1.020846e+00	
5  345.058	6.890296e+01	1.709497e+00	1.522912e-01	-1.053452e+00	-9.937981e-01	
4  343.971	6.823486e+01	1.681465e+00	1.530574e-01	-1.053341e+00	-9.579130e-01	
2  344.518	6.749841e+01	1.674776e+00	1.489804e-01	-1.060557e+00	-1.006863e+00	
1  345.516	6.821977e+01	1.700920e+00	1.485360e-01	-9.899648e-01	-1.001028e+00	
1  345.234	6.719105e+01	1.668105e+00	1.444792e-01	-1.005539e+00	-9.425742e-01	
3  343.953	6.781948e+01	1.659538e+00	1.420232e-01	-1.078568e+00	-8.935546e-01	
1  343.288	6.832840e+01	1.653020e+00	1.438642e-01	-1.092996e+00	-9.641353e-01	
1  343.395	6.824792e+01	1.637362e+00	1.428254e-01	-1.094287e+00	-1.016428e+00	
5  344.015	6.835661e+01	1.636800e+00	1.443753e-01	-1.044266e+00	-1.067621e+00	
2  343.463	6.865166e+01	1.644002e+00	1.491732e-01	-1.079341e+00	-1.052651e+00	
5  344.566	6.745266e+01	1.599867e+00	1.509528e-01	-1.069992e+00	-9.937846e-01	
2  344.559	6.742430e+01	1.596408e+00	1.506822e-01	-1.045352e+00	-9.794929e-01	
4  343.877	6.816309e+01	1.623549e+00	1.533525e-01	-1.073761e+00	-8.927931e-01	
1  343.415	6.896330e+01	1.631275e+00	1.544486e-01	-1.144974e+00	-9.769205e-01	
2  344.705	6.949728e+01	1.664965e+00	1.563984e-01	-1.149614e+00	-9.945736e-01	
4  343.75	6.890756e+01	1.680916e+00	1.521903e-01	-1.095161e+00	-1.022627e+00	
3  343.875	6.887009e+01	1.701682e+00	1.514292e-01	-1.081675e+00	-1.021855e+00	
1  344.427	6.817486e+01	1.703437e+00	1.503913e-01	-1.003262e+00	-1.074294e+00	
5  343.261	6.865097e+01	1.679147e+00	1.496084e-01	-1.074767e+00	-1.124604e+00	
4  343.06	6.853241e+01	1.693469e+00	1.483566e-01	-1.083693e+00	-1.144141e+00	
3  343.154	6.853369e+01	1.686554e+00	1.499827e-01	-1.091465e+00	-1.162332e+00	
4  343.118	6.892560e+01	1.665196e+00	1.464195e-01	-1.130389e+00	-1.140786e+00	
2  345.634	6.917320e+01	1.676327e+00	1.431995e-01	-1.232460e+00	-1.165429e+00	
1  346.58	6.947525e+01	1.713133e+00	1.454328e-01	-1.248786e+00	-1.220665e+00	
1  344.86	6.983955e+01	1.741084e+00	1.443938e-01	-1.185878e+00	-1.243330e+00	
1  344.391	6.955514e+01	1.750429e+00	1.444796e-01	-1.156593e+00	-1.305170e+00	
1  345.077	6.955342e+01	1.737969e+00	1.410154e-01	-1.072013e+00	-1.286914e+00	
4  345.138	6.982174e+01	1.729245e+00	1.404820e-01	-1.179950e+00	-1.344182e+00	
8  344.832	6.952785e+01	1.718876e+00	1.390915e-01	-1.172302e+00	-1.342911e+00	
3  344.556	6.960680e+01	1.762174e+00	1.359877e-01	-1.135982e+00	-1.248276e+00	
2  343.804	6.904562e+01	1.749110e+00	1.354344e-01	-1.107296e+00	-1.246421e+00	
1  346.143	6.817224e+01	1.757824e+00	1.355143e-01	-1.130257e+00	-1.248435e+00	
1  344.287	6.842039e+01	1.751984e+00	1.342598e-01	-1.001356e+00	-1.251842e+00	
1  347.562	6.880741e+01	1.755301e+00	1.340078e-01	-9.678495e-01	-1.214060e+00	
1  347.181	6.898293e+01	1.722638e+00	1.341365e-01	-9.986963e-01	-1.225210e+00	
12  346.461	6.886776e+01	1.713380e+00	1.335661e-01	-1.009511e+00	-1.211596e+00	
1  345.701	6.755217e+01	1.699224e+00	1.373821e-01	-9.397366e-01	-1.193380e+00	
1  345.815	6.762538e+01	1.708654e+00	1.390717e-01	-9.434183e-01	-1.116028e+00	
2  347.966	6.664562e+01	1.738386e+00	1.428255e-01	-1.012186e+00	-1.078841e+00	
3  346.354	6.689502e+01	1.752316e+00	1.466931e-01	-9.329058e-01	-1.010414e+00	
8  345.659	6.773795e+01	1.745895e+00	1.470485e-01	-9.397625e-01	-1.083422e+00	
2  345.694	6.772938e+01	1.782802e+00	1.435069e-01	-9.353370e-01	-1.044848e+00	
5  345.282	6.761173e+01	1.807035e+00	1.477505e-01	-9.499269e-01	-1.016959e+00	
5  344.835	6.753660e+01	1.805269e+00	1.469859e-01	-9.619593e-01	-1.027039e+00	
2  345.212	6.748037e+01	1.795568e+00	1.498979e-01	-1.031160e+00	-1.008759e+00	
1  345.197	6.742963e+01	1.760773e+00	1.519669e-01	-1.009729e+00	-9.479566e-01	
2  343.895	6.816537e+01	1.748204e+00	1.517624e-01	-1.047806e+00	-1.002034e+00	
2  345.102	6.766296e+01	1.746669e+00	1.496091e-01	-1.078166e+00	-1.042258e+00	
7  346.261	6.720537e+01	1.768706e+00	1.520724e-01	-1.013646e+00	-1.118954e+00	
1  345.766	6.702789e+01	1.741594e+00	1.497102e-01	-9.771855e-01	-1.161084e+00	
9  343.55	6.804129e+01	1.708468e+00	1.504781e-01	-1.011488e+00	-1.270483e+00	
1  344.701	6.780551e+01	1.732314e+00	1.501401e-01	-9.464723e-01	-1.255144e+00	
3  344.697	6.770998e+01	1.765464e+00	1.529301e-01	-9.514770e-01	-1.369128e+00	
2  345.166	6.879733e+01	1.791147e+00	1.501332e-01	-9.704483e-01	-1.412347e+00	
2  345.477	6.878201e+01	1.825231e+00	1.531192e-01	-1.079924e+00	-1.395124e+00	
2  344.946	6.888760e+01	1.821790e+00	1.519655e-01	-1.074941e+00	-1.390846e+00	
1  345.368	6.878515e+01	1.832754e+00	1.544331e-01	-1.010640e+00	-1.334479e+00	
4  345.224	6.916639e+01	1.834272e+00	1.513393e-01	-1.029130e+00	-1.339010e+00	
1  346.311	6.908436e+01	1.822614e+00	1.555383e-01	-1.018480e+00	-1.248674e+00	
2  346.862	6.884665e+01	1.860370e+00	1.556006e-01	-1.001102e+00	-1.116285e+00	
2  346.809	6.802161e+01	1.872750e+00	1.505767e-01	-9.262080e-01	-1.066212e+00	
7  344.805	6.891807e+01	1.859021e+00	1.488307e-01	-1.039863e+00	-1.013536e+00	
5  344.999	6.854964e+01	1.854108e+00	1.522010e-01	-1.102525e+00	-9.824274e-01	
4  343.899	6.842478e+01	1.856886e+00	1.480614e-01	-1.046882e+00	-1.046771e+00	
1  344.046	6.830145e+01	1.827028e+00	1.467877e-01	-1.075830e+00	-1.147243e+00	
1  343.791	6.856522e+01	1.824161e+00	1.481491e-01	-1.030863e+00	-1.149797e+00	
4  343.804	6.879529e+01	1.781267e+00	1.484784e-01	-1.043834e+00	-1.167788e+00	
1  343.966	6.941688e+01	1.803675e+00	1.456902e-01	-1.121550e+00	-1.110754e+00	
3  343.146	6.852254e+01	1.797943e+00	1.434539e-01	-1.097307e+00	-1.014123e+00	
2  343.295	6.849336e+01	1.824041e+00	1.453513e-01	-1.065139e+00	-1.034791e+00	
1  343.743	6.885042e+01	1.803604e+00	1.447426e-01	-1.045025e+00	-1.098406e+00	
3  343.617	6.923497e+01	1.778210e+00	1.447804e-01	-1.099621e+00	-1.164405e+00	
4  343.922	6.801373e+01	1.777612e+00	1.468900e-01	-1.054789e+00	-1.202051e+00	
1  345.05	6.885669e+01	1.789127e+00	1.443686e-01	-9.893871e-01	-1.240108e+00	
11  343.574	6.816695e+01	1.789426e+00	1.480546e-01	-1.014409e+00	-1.229029e+00	
2  343.657	6.840558e+01	1.826018e+00	1.455713e-01	-1.002891e+00	-1.186073e+00	
4  343.527	6.807382e+01	1.818559e+00	1.437760e-01	-9.874166e-01	-1.185586e+00	
6  344.311	6.770593e+01	1.804257e+00	1.465995e-01	-1.032120e+00	-1.105832e+00	
1  343.98	6.804124e+01	1.788736e+00	1.451248e-01	-9.796641e-01	-1.130033e+00	
2  343.291	6.801209e+01	1.761152e+00	1.431017e-01	-1.034922e+00	-1.073670e+00	
2  343.273	6.815115e+01	1.785760e+00	1.425924e-01	-1.019281e+00	-1.104604e+00	
3  345.296	6.716027e+01	1.772848e+00	1.448724e-01	-1.002094e+00	-1.103431e+00	
1  344.311	6.793296e+01	1.766449e+00	1.448946e-01	-9.917856e-01	-9.865919e-01	
2  344.269	6.778098e+01	1.764014e+00	1.469661e-01	-1.065966e+00	-1.049530e+00	
4  343.19	6.824186e+01	1.664238e+00	1.435775e-01	-1.079506e+00	-1.137147e+00	
1  344.388	6.818243e+01	1.636639e+00	1.486247e-01	-1.141257e+00	-1.161600e+00	
1  343.471	6.826996e+01	1.620536e+00	1.475246e-01	-1.120966e+00	-1.156877e+00	
4  343.745	6.923733e+01	1.584198e+00	1.531786e-01	-1.128375e+00	-1.164335e+00	
2  343.368	6.859099e+01	1.603218e+00	1.557269e-01	-1.089843e+00	-1.164005e+00	
1  343.92	6.821858e+01	1.582221e+00	1.586234e-01	-1.054757e+00	-1.145772e+00	
1  344.552	6.802422e+01	1.556101e+00	1.573663e-01	-1.137262e+00	-1.196115e+00	
2  344.276	6.817954e+01	1.535519e+00	1.590239e-01	-1.147723e+00	-1.203469e+00	
4  343.995	6.942546e+01	1.547695e+00	1.599226e-01	-1.188266e+00	-1.154787e+00	
2  343.391	6.845591e+01	1.534114e+00	1.596132e-01	-1.096282e+00	-1.219969e+00	
6  343.681	6.801631e+01	1.465547e+00	1.619112e-01	-1.106163e+00	-1.266193e+00	
1  343.43	6.849907e+01	1.448508e+00	1.627884e-01	-1.157021e+00	-1.265546e+00	
1  343.539	6.896323e+01	1.486934e+00	1.598636e-01	-1.195885e+00	-1.226940e+00	
2  343.995	6.900244e+01	1.495605e+00	1.610318e-01	-1.103493e+00	-1.286014e+00	
5  345.654	6.811160e+01	1.529168e+00	1.591175e-01	-1.168524e+00	-1.295904e+00	
3  346.524	6.749915e+01	1.544642e+00	1.583095e-01	-1.106651e+00	-1.353382e+00	
1  344.797	6.838051e+01	1.565063e+00	1.571856e-01	-1.175673e+00	-1.211698e+00	
2  345.7	6.795862e+01	1.561487e+00	1.588795e-01	-1.151901e+00	-1.218869e+00	
3  344.113	6.852821e+01	1.589232e+00	1.622998e-01	-1.084890e+00	-1.253438e+00	
3  345.297	6.869353e+01	1.591306e+00	1.666133e-01	-1.061144e+00	-1.332270e+00	
3  345.029	6.867342e+01	1.623069e+00	1.649202e-01	-1.091669e+00	-1.277671e+00	
1  345.312	6.825665e+01	1.620901e+00	1.651685e-01	-1.081977e+00	-1.289524e+00	
3  345.857	6.812811e+01	1.603211e+00	1.681746e-01	-1.041057e+00	-1.268039e+00	
1  345.461	6.730801e+01	1.590810e+00	1.605710e-01	-1.013452e+00	-1.255689e+00	
1  343.78	6.787911e+01	1.571615e+00	1.574568e-01	-1.039522e+00	-1.273900e+00	
2  343.934	6.786427e+01	1.542041e+00	1.599056e-01	-1.038178e+00	-1.293802e+00	
1  343.85	6.786749e+01	1.501075e+00	1.605639e-01	-1.076922e+00	-1.305571e+00	
2  343.798	6.880430e+01	1.516221e+00	1.594595e-01	-1.075763e+00	-1.348987e+00	
1  344.215	6.936184e+01	1.499726e+00	1.560169e-01	-1.111235e+00	-1.425890e+00	
2  343.253	6.895636e+01	1.521515e+00	1.531958e-01	-1.107279e+00	-1.431856e+00	
1  343.366	6.873785e+01	1.501403e+00	1.527793e-01	-1.140405e+00	-1.451409e+00	
2  344.696	6.974650e+01	1.515401e+00	1.560053e-01	-1.146755e+00	-1.465965e+00	
1  343.506	6.908393e+01	1.507077e+00	1.560684e-01	-1.158105e+00	-1.459449e+00	
11  343.269	6.855447e+01	1.531315e+00	1.491570e-01	-1.102568e+00	-1.466097e+00	
8  343.352	6.853685e+01	1.562842e+00	1.465030e-01	-1.080288e+00	-1.531138e+00	
7  343.809	6.931529e+01	1.572020e+00	1.485671e-01	-1.136412e+00	-1.498885e+00	
4  343.58	6.841280e+01	1.551785e+00	1.469911e-01	-1.086741e+00	-1.563699e+00	
1  343.786	6.901042e+01	1.570843e+00	1.448547e-01	-1.084507e+00	-1.627182e+00	
3  345.05	6.845738e+01	1.587756e+00	1.481338e-01	-1.122395e+00	-1.644235e+00	
2  345.865	6.835795e+01	1.547066e+00	1.466749e-01	-1.136408e+00	-1.666605e+00	
1  344.827	6.806719e+01	1.554246e+00	1.502783e-01	-1.076593e+00	-1.751929e+00	
9  343.702	6.863870e+01	1.563854e+00	1.513093e-01	-1.086559e+00	-1.730376e+00	
4  343.699	6.920768e+01	1.543497e+00	1.511126e-01	-1.101110e+00	-1.661566e+00	
1  343.409	6.868292e+01	1.577663e+00	1.517843e-01	-1.088468e+00	-1.619653e+00	
5  343.224	6.869650e+01	1.587485e+00	1.527700e-01	-1.067089e+00	-1.599983e+00	
4  343.744	6.806516e+01	1.572500e+00	1.515436e-01	-1.060421e+00	-1.593476e+00	
2  343.707	6.831404e+01	1.555317e+00	1.509555e-01	-1.087787e+00	-1.596889e+00	
5  344.465	6.957542e+01	1.551041e+00	1.532179e-01	-1.105258e+00	-1.639819e+00	
3  344.214	6.946415e+01	1.547268e+00	1.529740e-01	-1.099148e+00	-1.650805e+00	
2  343.904	6.911247e+01	1.522340e+00	1.520864e-01	-1.124704e+00	-1.734215e+00	
3  345.701	6.799479e+01	1.510418e+00	1.499828e-01	-1.090680e+00	-1.819138e+00	
1  343.293	6.847284e+01	1.495437e+00	1.502771e-01	-1.045408e+00	-1.731392e+00	
2  343.913	6.929796e+01	1.518041e+00	1.525267e-01	-1.093516e+00	-1.742552e+00	
2  344.29	6.859719e+01	1.551942e+00	1.543433e-01	-1.110379e+00	-1.718915e+00	
3  344.024	6.933774e+01	1.559570e+00	1.535864e-01	-1.084119e+00	-1.705626e+00	
3  344.417	6.950064e+01	1.570883e+00	1.541188e-01	-1.103467e+00	-1.775063e+00	
1  344.424	6.930669e+01	1.626505e+00	1.562880e-01	-1.071427e+00	-1.660444e+00	
2  344.335	6.940306e+01	1.624275e+00	1.519312e-01	-1.118307e+00	-1.666460e+00	
2  344.702	6.840838e+01	1.604914e+00	1.511093e-01	-1.102047e+00	-1.661653e+00	
1  346.037	6.916511e+01	1.562971e+00	1.546213e-01	-9.942574e-01	-1.653259e+00	
5  344.639	6.758783e+01	1.511769e+00	1.547481e-01	-9.199622e-01	-1.689608e+00	
1  343.751	6.815328e+01	1.483575e+00	1.588015e-01	-9.788500e-01	-1.728584e+00	
4  344.461	6.733104e+01	1.484987e+00	1.595012e-01	-9.512498e-01	-1.680876e+00	
2  344.23	6.749931e+01	1.472942e+00	1.540743e-01	-1.023554e+00	-1.633534e+00	
1  344.467	6.746719e+01	1.474451e+00	1.500266e-01	-9.642730e-01	-1.621557e+00	
4  343.737	6.812082e+01	1.463912e+00	1.503903e-01	-1.002572e+00	-1.690412e+00	
1  343.688	6.819840e+01	1.459399e+00	1.486126e-01	-1.051990e+00	-1.670430e+00	
2  351.185	6.910487e+01	1.446672e+00	1.465987e-01	-9.706254e-01	-1.575183e+00	
1  346.127	6.863862e+01	1.515425e+00	1.522431e-01	-9.640832e-01	-1.597827e+00	
1  345.027	6.796034e+01	1.499149e+00	1.505972e-01	-1.112025e+00	-1.565415e+00	
1  344.702	6.893765e+01	1.515056e+00	1.464632e-01	-1.042972e+00	-1.553444e+00	
1  344.5	6.866253e+01	1.531334e+00	1.442276e-01	-1.128232e+00	-1.589724e+00	
7  344.248	6.923600e+01	1.528149e+00	1.473709e-01	-1.158944e+00	-1.566447e+00	
