3  351.524	2.225343e+00	1.180961e-01	-8.897347e-01	-3.379785e-01	6.773036e-01	6.594904e+01	
1  348.999	2.244002e+00	1.201421e-01	-8.996507e-01	-3.143227e-01	6.824651e-01	6.700957e+01	
9  351.075	2.264377e+00	1.198787e-01	-8.627391e-01	-3.180128e-01	6.762107e-01	6.634534e+01	
3  350.783	2.274313e+00	1.210416e-01	-8.675355e-01	-3.208457e-01	6.725289e-01	6.626281e+01	
1  349.926	2.306627e+00	1.207188e-01	-8.786596e-01	-2.864026e-01	6.800851e-01	6.704087e+01	
4  347.713	2.300156e+00	1.201819e-01	-9.159067e-01	-3.112600e-01	6.851664e-01	6.743819e+01	
4  347.457	2.332713e+00	1.192513e-01	-9.121240e-01	-3.421459e-01	6.800436e-01	6.675464e+01	
2  346.12	2.351923e+00	1.180905e-01	-9.595617e-01	-3.210922e-01	6.956383e-01	6.821056e+01	
2  344.992	2.371378e+00	1.200580e-01	-9.713107e-01	-3.100011e-01	6.893750e-01	6.803285e+01	
1  347.46	2.358761e+00	1.185991e-01	-9.294325e-01	-2.569630e-01	6.903726e-01	6.776567e+01	
1  349.071	2.375198e+00	1.189026e-01	-9.726739e-01	-2.994694e-01	6.771683e-01	6.647447e+01	
1  346.967	2.393919e+00	1.202610e-01	-9.433518e-01	-3.099677e-01	6.771130e-01	6.682788e+01	
2  345.791	2.401762e+00	1.190428e-01	-9.813241e-01	-3.095725e-01	6.826758e-01	6.714415e+01	
4  345.488	2.429921e+00	1.210799e-01	-9.509184e-01	-3.189273e-01	6.851085e-01	6.794704e+01	
1  345.575	2.452675e+00	1.215925e-01	-9.512253e-01	-2.851377e-01	6.808546e-01	6.766426e+01	
4  345.46	2.440898e+00	1.213299e-01	-9.652125e-01	-2.795399e-01	6.796381e-01	6.744773e+01	
6  345.014	2.463485e+00	1.219755e-01	-9.893243e-01	-2.539435e-01	6.855939e-01	6.828682e+01	
2  344.431	2.438201e+00	1.236302e-01	-1.061622e+00	-3.046868e-01	6.828784e-01	6.831812e+01	
10  344.173	2.425905e+00	1.230265e-01	-1.097585e+00	-3.135324e-01	6.879654e-01	6.870346e+01	
7  347.378	2.447326e+00	1.237945e-01	-1.080402e+00	-3.431560e-01	6.776736e-01	6.782275e+01	
2  349.936	2.412101e+00	1.266047e-01	-1.134660e+00	-3.203347e-01	6.734352e-01	6.793740e+01	
2  349.151	2.430565e+00	1.274951e-01	-1.107579e+00	-3.421010e-01	6.708590e-01	6.791191e+01	
1  345.625	2.449313e+00	1.255157e-01	-1.121439e+00	-2.966668e-01	6.825710e-01	6.874405e+01	
2  346.079	2.444558e+00	1.259371e-01	-1.145559e+00	-2.667689e-01	6.829458e-01	6.887032e+01	
4  345.41	2.454694e+00	1.248331e-01	-1.116016e+00	-2.912226e-01	6.835742e-01	6.870848e+01	
4  345.209	2.460724e+00	1.249607e-01	-1.114293e+00	-3.036521e-01	6.846717e-01	6.887121e+01	
1  345.949	2.482726e+00	1.246673e-01	-1.148674e+00	-3.416772e-01	6.905918e-01	6.950992e+01	
1  345.52	2.494493e+00	1.247664e-01	-1.109847e+00	-3.479082e-01	6.900362e-01	6.949793e+01	
1  345.658	2.493749e+00	1.252713e-01	-1.106181e+00	-3.606072e-01	6.890913e-01	6.950744e+01	
1  345.833	2.475961e+00	1.244335e-01	-1.147296e+00	-3.230722e-01	6.890796e-01	6.927072e+01	
4  346.875	2.470186e+00	1.236033e-01	-1.190378e+00	-3.286026e-01	6.932514e-01	6.953233e+01	
2  346.073	2.473363e+00	1.229255e-01	-1.165856e+00	-3.474590e-01	6.933375e-01	6.939048e+01	
4  347.006	2.461541e+00	1.246405e-01	-1.174221e+00	-3.030470e-01	6.874334e-01	6.910262e+01	
1  346.956	2.463492e+00	1.246743e-01	-1.145865e+00	-2.785695e-01	6.832096e-01	6.865265e+01	
2  346.131	2.441979e+00	1.266129e-01	-1.171537e+00	-2.584720e-01	6.862901e-01	6.938592e+01	
2  345.807	2.437380e+00	1.260761e-01	-1.176672e+00	-2.341170e-01	6.896958e-01	6.963092e+01	
6  346.253	2.431914e+00	1.242807e-01	-1.205426e+00	-2.513848e-01	6.936096e-01	6.964204e+01	
4  347.451	2.440862e+00	1.234141e-01	-1.211587e+00	-2.217818e-01	6.910407e-01	6.917033e+01	
4  345.525	2.463716e+00	1.233339e-01	-1.173320e+00	-2.457187e-01	6.939864e-01	6.953733e+01	
2  345.388	2.471337e+00	1.234024e-01	-1.138532e+00	-2.693284e-01	6.886965e-01	6.897770e+01	
2  345.105	2.477733e+00	1.226389e-01	-1.135913e+00	-2.924799e-01	6.963050e-01	6.967129e+01	
6  346.069	2.460701e+00	1.202019e-01	-1.172921e+00	-3.158630e-01	7.070202e-01	7.030380e+01	
2  346.107	2.442816e+00	1.193167e-01	-1.195006e+00	-3.339728e-01	7.096109e-01	7.035678e+01	
1  347.415	2.473873e+00	1.216814e-01	-1.167050e+00	-2.930354e-01	7.059476e-01	7.056480e+01	
2  345.921	2.491942e+00	1.226662e-01	-1.109331e+00	-2.860737e-01	6.977938e-01	6.988280e+01	
1  344.649	2.467912e+00	1.242517e-01	-1.096830e+00	-3.045349e-01	6.877145e-01	6.905838e+01	
3  344.251	2.441468e+00	1.216575e-01	-1.002557e+00	-3.117409e-01	6.846369e-01	6.805786e+01	
3  344.265	2.435265e+00	1.225069e-01	-1.016125e+00	-3.249264e-01	6.874208e-01	6.854425e+01	
2  344.191	2.427994e+00	1.204233e-01	-9.916094e-01	-3.486089e-01	6.858028e-01	6.786376e+01	
2  346.224	2.435550e+00	1.219801e-01	-9.891010e-01	-3.484008e-01	6.764135e-01	6.724807e+01	
1  345.616	2.438917e+00	1.212039e-01	-1.032902e+00	-2.845588e-01	6.811428e-01	6.757285e+01	
1  345.259	2.431638e+00	1.216456e-01	-1.006052e+00	-3.036676e-01	6.799016e-01	6.752710e+01	
1  344.499	2.409127e+00	1.213660e-01	-9.921815e-01	-2.795227e-01	6.863871e-01	6.810370e+01	
1  344.349	2.419259e+00	1.211895e-01	-1.036704e+00	-2.545509e-01	6.846073e-01	6.789373e+01	
2  344.428	2.409197e+00	1.205391e-01	-1.016280e+00	-1.971647e-01	6.906219e-01	6.837322e+01	
5  344.624	2.396308e+00	1.214480e-01	-1.057421e+00	-2.318192e-01	6.955016e-01	6.910450e+01	
2  343.883	2.403437e+00	1.189494e-01	-1.022581e+00	-2.219653e-01	6.932802e-01	6.827668e+01	
3  344.243	2.396196e+00	1.167205e-01	-1.026313e+00	-2.165478e-01	6.928649e-01	6.767920e+01	
4  345.353	2.399313e+00	1.183290e-01	-9.894380e-01	-2.361221e-01	6.856264e-01	6.728420e+01	
2  345.349	2.401093e+00	1.163026e-01	-9.859808e-01	-1.916745e-01	6.900947e-01	6.728764e+01	
4  345.181	2.401140e+00	1.148086e-01	-9.901124e-01	-1.963679e-01	6.936894e-01	6.732014e+01	
6  343.925	2.399665e+00	1.114273e-01	-1.007739e+00	-3.162471e-01	7.052390e-01	6.778174e+01	
2  343.394	2.406975e+00	1.103878e-01	-1.015493e+00	-3.919749e-01	7.113407e-01	6.824956e+01	
1  343.832	2.408327e+00	1.098488e-01	-9.858637e-01	-4.177297e-01	7.099562e-01	6.795329e+01	
4  344.421	2.414234e+00	1.090957e-01	-1.016738e+00	-3.577323e-01	7.085345e-01	6.761151e+01	
3  343.617	2.420350e+00	1.077191e-01	-1.056859e+00	-3.680682e-01	7.220821e-01	6.889717e+01	
1  343.791	2.420974e+00	1.072206e-01	-1.000348e+00	-4.188417e-01	7.169668e-01	6.814424e+01	
1  345.905	2.444399e+00	1.042978e-01	-9.751844e-01	-4.769820e-01	7.148248e-01	6.718989e+01	
4  345.561	2.460623e+00	1.018976e-01	-9.947275e-01	-5.010977e-01	7.221269e-01	6.747279e+01	
1  344.472	2.477282e+00	1.027910e-01	-9.537533e-01	-5.166145e-01	7.233513e-01	6.790463e+01	
1  344.846	2.473678e+00	1.020024e-01	-9.917723e-01	-5.027744e-01	7.230354e-01	6.764617e+01	
2  344.459	2.470908e+00	1.009518e-01	-1.033781e+00	-5.804096e-01	7.304581e-01	6.827895e+01	
12  344.324	2.458205e+00	1.017554e-01	-1.064482e+00	-5.992316e-01	7.348391e-01	6.902578e+01	
1  344.655	2.457982e+00	1.034197e-01	-1.102914e+00	-5.683833e-01	7.310034e-01	6.898121e+01	
4  344.654	2.463595e+00	1.012838e-01	-1.084526e+00	-5.899959e-01	7.353348e-01	6.897608e+01	
2  344.937	2.482503e+00	1.001651e-01	-1.065400e+00	-5.799917e-01	7.401939e-01	6.936066e+01	
3  344.902	2.484696e+00	1.008356e-01	-1.038313e+00	-5.831992e-01	7.293403e-01	6.814369e+01	
2  343.937	2.516785e+00	1.016100e-01	-1.033934e+00	-6.587226e-01	7.338827e-01	6.902161e+01	
1  343.731	2.533239e+00	1.006807e-01	-9.998498e-01	-6.463688e-01	7.326050e-01	6.864852e+01	
3  344.908	2.511837e+00	9.789681e-02	-1.056500e+00	-6.454137e-01	7.422196e-01	6.908032e+01	
9  344.87	2.515705e+00	9.796182e-02	-1.052296e+00	-6.344421e-01	7.424727e-01	6.914339e+01	
2  344.976	2.517084e+00	1.001436e-01	-1.029504e+00	-6.809478e-01	7.308017e-01	6.822828e+01	
1  344.562	2.532029e+00	1.024641e-01	-1.015576e+00	-7.234484e-01	7.251367e-01	6.818369e+01	
4  344.328	2.546883e+00	1.023557e-01	-1.002036e+00	-7.861180e-01	7.336675e-01	6.927794e+01	
1  344.381	2.580250e+00	1.011200e-01	-9.983830e-01	-7.560938e-01	7.270241e-01	6.818787e+01	
1  344.618	2.572428e+00	1.016526e-01	-1.019216e+00	-7.960466e-01	7.281500e-01	6.845112e+01	
2  345.549	2.558888e+00	1.023184e-01	-1.040114e+00	-8.020308e-01	7.269411e-01	6.844149e+01	
3  344.985	2.570296e+00	1.014089e-01	-9.805933e-01	-7.750814e-01	7.356280e-01	6.934025e+01	
3  343.469	2.596937e+00	1.017761e-01	-9.296162e-01	-8.092676e-01	7.237610e-01	6.800336e+01	
5  343.241	2.589893e+00	1.039543e-01	-9.508879e-01	-7.915587e-01	7.208309e-01	6.820129e+01	
1  343.24	2.604546e+00	1.022987e-01	-9.672833e-01	-7.684742e-01	7.260884e-01	6.845149e+01	
2  343.831	2.595061e+00	1.027128e-01	-9.879365e-01	-7.942619e-01	7.308366e-01	6.913843e+01	
1  343.512	2.579514e+00	1.033887e-01	-9.943266e-01	-8.050835e-01	7.257184e-01	6.862869e+01	
2  343.518	2.550434e+00	1.019643e-01	-9.829998e-01	-7.900349e-01	7.289218e-01	6.857319e+01	
1  343.473	2.558297e+00	1.017961e-01	-9.665409e-01	-7.415687e-01	7.289324e-01	6.855043e+01	
1  343.411	2.567326e+00	1.039009e-01	-9.963469e-01	-7.924681e-01	7.264169e-01	6.881997e+01	
2  343.276	2.580391e+00	1.056983e-01	-9.886870e-01	-7.963553e-01	7.211858e-01	6.867665e+01	
10  343.149	2.568216e+00	1.078891e-01	-9.683979e-01	-7.554476e-01	7.137413e-01	6.830888e+01	
1  343.454	2.572093e+00	1.086176e-01	-9.056090e-01	-7.562466e-01	7.080930e-01	6.783879e+01	
1  343.941	2.574957e+00	1.084193e-01	-9.280464e-01	-7.852115e-01	7.069154e-01	6.765961e+01	
3  343.449	2.571732e+00	1.080080e-01	-9.035650e-01	-7.534607e-01	7.098776e-01	6.789162e+01	
2  343.654	2.598735e+00	1.092620e-01	-9.978711e-01	-7.538847e-01	7.119781e-01	6.852590e+01	
9  343.69	2.584990e+00	1.085683e-01	-1.015681e+00	-7.291478e-01	7.196974e-01	6.924932e+01	
2  345.742	2.589150e+00	1.103994e-01	-9.942677e-01	-7.462710e-01	7.198428e-01	6.974812e+01	
1  343.212	2.575407e+00	1.115482e-01	-9.578501e-01	-7.350339e-01	7.069905e-01	6.845388e+01	
1  344.638	2.597751e+00	1.135055e-01	-1.000252e+00	-7.434104e-01	7.106856e-01	6.943455e+01	
4  344.625	2.612676e+00	1.138441e-01	-1.029156e+00	-7.437304e-01	7.090888e-01	6.936471e+01	
3  344.561	2.613474e+00	1.134471e-01	-9.818167e-01	-7.560468e-01	7.093378e-01	6.929791e+01	
1  343.963	2.613601e+00	1.145672e-01	-9.888994e-01	-7.053426e-01	7.030738e-01	6.883793e+01	
1  343.713	2.620594e+00	1.134123e-01	-9.734504e-01	-7.081939e-01	7.038648e-01	6.866351e+01	
7  343.73	2.616858e+00	1.138898e-01	-9.621046e-01	-6.887325e-01	7.007630e-01	6.841429e+01	
3  343.598	2.597671e+00	1.115623e-01	-9.141235e-01	-7.053233e-01	7.039091e-01	6.815543e+01	
5  343.443	2.602527e+00	1.113792e-01	-9.276064e-01	-6.905721e-01	7.038451e-01	6.811473e+01	
1  343.396	2.615520e+00	1.097395e-01	-9.252857e-01	-7.036678e-01	7.061179e-01	6.800090e+01	
6  344.342	2.606503e+00	1.093082e-01	-8.765994e-01	-6.970438e-01	7.071542e-01	6.799028e+01	
2  344.091	2.605710e+00	1.082608e-01	-8.790784e-01	-6.784099e-01	7.073741e-01	6.775021e+01	
1  343.686	2.610865e+00	1.077424e-01	-9.189878e-01	-7.156201e-01	7.079195e-01	6.769546e+01	
1  343.321	2.633664e+00	1.080175e-01	-9.421306e-01	-7.365646e-01	7.103996e-01	6.811235e+01	
1  345.047	2.636338e+00	1.075673e-01	-9.170974e-01	-7.830463e-01	7.050318e-01	6.738334e+01	
1  343.507	2.632959e+00	1.079697e-01	-9.873620e-01	-7.998215e-01	7.168032e-01	6.886407e+01	
7  343.315	2.623753e+00	1.074291e-01	-9.647033e-01	-7.672856e-01	7.137866e-01	6.833866e+01	
3  343.178	2.622507e+00	1.061776e-01	-9.548112e-01	-8.242770e-01	7.175021e-01	6.846060e+01	
2  343.353	2.606398e+00	1.099329e-01	-9.372351e-01	-8.118496e-01	7.075119e-01	6.818838e+01	
2  343.245	2.590130e+00	1.101241e-01	-9.311058e-01	-7.630226e-01	7.071740e-01	6.815617e+01	
3  344.38	2.566540e+00	1.104746e-01	-8.733717e-01	-7.430432e-01	7.053014e-01	6.796791e+01	
1  343.784	2.582035e+00	1.090132e-01	-9.118766e-01	-6.705488e-01	7.104860e-01	6.824395e+01	
2  346.291	2.572884e+00	1.106922e-01	-8.816437e-01	-6.875795e-01	7.098317e-01	6.856708e+01	
5  343.461	2.550005e+00	1.085201e-01	-9.206643e-01	-6.829165e-01	7.086914e-01	6.782790e+01	
1  345.448	2.559837e+00	1.092608e-01	-9.689964e-01	-6.352662e-01	7.193875e-01	6.932450e+01	
1  343.135	2.561388e+00	1.073812e-01	-9.623505e-01	-7.196779e-01	7.174694e-01	6.860961e+01	
8  343.172	2.557376e+00	1.076562e-01	-9.501168e-01	-6.767069e-01	7.122487e-01	6.804438e+01	
1  343.845	2.542509e+00	1.092367e-01	-9.033191e-01	-6.938415e-01	7.091443e-01	6.804300e+01	
5  344.025	2.507515e+00	1.085280e-01	-8.965319e-01	-6.962201e-01	7.084928e-01	6.769922e+01	
8  343.088	2.510104e+00	1.085552e-01	-9.593054e-01	-6.850998e-01	7.133998e-01	6.828988e+01	
4  343.709	2.507738e+00	1.099437e-01	-1.010972e+00	-6.760800e-01	7.097242e-01	6.820173e+01	
1  343.201	2.516651e+00	1.093811e-01	-9.891066e-01	-6.362133e-01	7.104584e-01	6.816831e+01	
1  343.357	2.531294e+00	1.122038e-01	-1.011514e+00	-6.545544e-01	7.112889e-01	6.901539e+01	
3  343.147	2.541669e+00	1.121290e-01	-1.011539e+00	-6.188103e-01	7.088990e-01	6.873874e+01	
3  343.317	2.520092e+00	1.110921e-01	-9.497840e-01	-5.953367e-01	7.051816e-01	6.799227e+01	
7  343.556	2.527668e+00	1.116356e-01	-9.305828e-01	-6.292934e-01	7.023623e-01	6.782304e+01	
1  343.679	2.533258e+00	1.112909e-01	-9.844056e-01	-5.972505e-01	7.039292e-01	6.793051e+01	
4  343.046	2.519661e+00	1.109205e-01	-1.012218e+00	-6.145856e-01	7.102904e-01	6.854486e+01	
1  343.075	2.510244e+00	1.111184e-01	-1.001139e+00	-6.959768e-01	7.101058e-01	6.854915e+01	
10  343.117	2.532699e+00	1.112819e-01	-9.545144e-01	-6.845672e-01	7.071749e-01	6.830231e+01	
1  343.107	2.542494e+00	1.102552e-01	-9.780925e-01	-6.960172e-01	7.093033e-01	6.831845e+01	
1  343.722	2.545854e+00	1.098334e-01	-9.959067e-01	-7.101770e-01	7.090475e-01	6.819066e+01	
8  343.05	2.553826e+00	1.075459e-01	-9.524828e-01	-7.117698e-01	7.144575e-01	6.826966e+01	
1  343.568	2.556723e+00	1.076317e-01	-9.080130e-01	-6.988126e-01	7.106487e-01	6.784809e+01	
2  343.444	2.561234e+00	1.091442e-01	-9.308843e-01	-7.534187e-01	7.072611e-01	6.784763e+01	
3  344.091	2.578410e+00	1.093487e-01	-9.397062e-01	-8.144931e-01	7.158549e-01	6.896208e+01	
6  344.042	2.555816e+00	1.079015e-01	-9.342841e-01	-8.422062e-01	7.187565e-01	6.888643e+01	
1  343.708	2.518930e+00	1.087504e-01	-9.308588e-01	-8.642617e-01	7.161771e-01	6.869592e+01	
1  343.315	2.540162e+00	1.080066e-01	-9.189843e-01	-9.203552e-01	7.114453e-01	6.799505e+01	
6  343.398	2.545170e+00	1.095351e-01	-8.965245e-01	-9.400840e-01	7.102898e-01	6.825962e+01	
1  343.897	2.555511e+00	1.110812e-01	-8.820886e-01	-9.036963e-01	7.007676e-01	6.757386e+01	
5  344.553	2.539281e+00	1.139515e-01	-8.308626e-01	-9.617179e-01	6.943487e-01	6.751985e+01	
2  345.292	2.531923e+00	1.138692e-01	-8.192006e-01	-9.834634e-01	6.980204e-01	6.789109e+01	
3  346.432	2.515135e+00	1.146723e-01	-7.748842e-01	-9.799647e-01	6.901804e-01	6.717936e+01	
1  347.314	2.503669e+00	1.155779e-01	-7.984969e-01	-9.456307e-01	6.952407e-01	6.792610e+01	
2  345.883	2.494168e+00	1.161334e-01	-7.992754e-01	-9.438127e-01	6.863099e-01	6.706171e+01	
2  346.591	2.478098e+00	1.154843e-01	-8.301917e-01	-9.712916e-01	6.840561e-01	6.663006e+01	
1  344.991	2.506369e+00	1.158376e-01	-8.117580e-01	-1.022777e+00	6.900100e-01	6.741921e+01	
5  344.976	2.547263e+00	1.148023e-01	-8.241505e-01	-1.047419e+00	6.893696e-01	6.719982e+01	
5  344.831	2.542364e+00	1.146665e-01	-8.568505e-01	-1.031935e+00	7.009477e-01	6.844319e+01	
8  343.921	2.560768e+00	1.145868e-01	-8.863229e-01	-1.048270e+00	6.965101e-01	6.796626e+01	
1  344.8	2.564585e+00	1.151852e-01	-8.566061e-01	-1.058906e+00	6.903484e-01	6.743922e+01	
1  345.107	2.557131e+00	1.156909e-01	-9.177851e-01	-1.040466e+00	6.926604e-01	6.779595e+01	
3  344.408	2.558856e+00	1.180482e-01	-9.154630e-01	-1.037646e+00	6.948739e-01	6.861089e+01	
4  344.678	2.584853e+00	1.177204e-01	-8.803063e-01	-1.042197e+00	6.935607e-01	6.844757e+01	
6  344.725	2.567301e+00	1.168528e-01	-8.635916e-01	-9.922083e-01	6.879555e-01	6.758315e+01	
1  344.439	2.530962e+00	1.169891e-01	-8.542466e-01	-1.037297e+00	6.933108e-01	6.811633e+01	
3  345.617	2.533516e+00	1.175705e-01	-8.883180e-01	-1.050020e+00	6.856867e-01	6.742847e+01	
3  344.478	2.510420e+00	1.187103e-01	-8.548965e-01	-1.057050e+00	6.893008e-01	6.803483e+01	
1  344.473	2.510308e+00	1.181580e-01	-8.816993e-01	-1.040052e+00	6.944959e-01	6.847870e+01	
5  344.851	2.513228e+00	1.167730e-01	-8.680798e-01	-1.028341e+00	6.976117e-01	6.850413e+01	
2  346.289	2.500230e+00	1.149749e-01	-8.137117e-01	-1.037967e+00	6.987281e-01	6.816310e+01	
1  345.3	2.519508e+00	1.157290e-01	-7.905358e-01	-1.087456e+00	6.884992e-01	6.726095e+01	
1  344.721	2.497175e+00	1.146498e-01	-8.364789e-01	-1.062052e+00	6.908425e-01	6.720264e+01	
3  343.951	2.507522e+00	1.166005e-01	-8.712786e-01	-1.042079e+00	6.944967e-01	6.809884e+01	
1  344.289	2.517825e+00	1.186458e-01	-8.698540e-01	-1.029720e+00	6.888042e-01	6.798278e+01	
4  344.825	2.538093e+00	1.183120e-01	-9.514811e-01	-1.067476e+00	6.934510e-01	6.846487e+01	
9  345.114	2.562843e+00	1.184431e-01	-9.482443e-01	-1.100295e+00	6.938745e-01	6.860241e+01	
2  345.477	2.553484e+00	1.181327e-01	-9.307131e-01	-1.083354e+00	6.896728e-01	6.804080e+01	
1  344.332	2.544632e+00	1.163910e-01	-9.440732e-01	-1.085663e+00	7.011802e-01	6.889545e+01	
1  345.216	2.539438e+00	1.157490e-01	-9.592886e-01	-1.073631e+00	6.968405e-01	6.823303e+01	
1  345.46	2.557245e+00	1.188977e-01	-9.520236e-01	-1.071291e+00	6.989715e-01	6.927639e+01	
1  345.146	2.589175e+00	1.163399e-01	-9.279573e-01	-1.066174e+00	7.026073e-01	6.915650e+01	
8  344.879	2.601216e+00	1.155093e-01	-9.354243e-01	-1.137173e+00	7.026718e-01	6.899111e+01	
2  344.815	2.583523e+00	1.147732e-01	-9.112528e-01	-1.138497e+00	7.050821e-01	6.904863e+01	
1  344.985	2.594546e+00	1.125899e-01	-8.936527e-01	-1.183321e+00	6.990099e-01	6.784287e+01	
1  344.933	2.608164e+00	1.132383e-01	-8.630978e-01	-1.153022e+00	7.054260e-01	6.877164e+01	
3  346.535	2.608514e+00	1.137750e-01	-8.988281e-01	-1.108251e+00	7.097863e-01	6.942054e+01	
2  345.498	2.597466e+00	1.156169e-01	-9.340067e-01	-1.154668e+00	7.053799e-01	6.932462e+01	
3  344.712	2.577584e+00	1.150152e-01	-8.843345e-01	-1.156763e+00	7.027882e-01	6.882630e+01	
2  344.745	2.579204e+00	1.183954e-01	-8.874978e-01	-1.136364e+00	6.907893e-01	6.828674e+01	
2  345.379	2.584899e+00	1.195081e-01	-8.733536e-01	-1.105477e+00	6.842697e-01	6.785159e+01	
5  345.052	2.574187e+00	1.195136e-01	-9.123899e-01	-1.122257e+00	6.919685e-01	6.867026e+01	
3  345.214	2.564507e+00	1.198285e-01	-9.151844e-01	-1.166691e+00	6.897952e-01	6.848063e+01	
7  344.98	2.575764e+00	1.186348e-01	-8.792354e-01	-1.114487e+00	6.872418e-01	6.794661e+01	
6  344.885	2.559231e+00	1.199098e-01	-8.950445e-01	-1.096198e+00	6.871702e-01	6.819940e+01	
2  344.686	2.555278e+00	1.183294e-01	-9.063107e-01	-1.103817e+00	6.903925e-01	6.817070e+01	
2  344.768	2.539177e+00	1.202910e-01	-9.181419e-01	-1.095281e+00	6.898546e-01	6.853643e+01	
5  345.083	2.540770e+00	1.202964e-01	-9.013060e-01	-1.115630e+00	6.854821e-01	6.806333e+01	
1  345.782	2.542093e+00	1.212931e-01	-8.752353e-01	-1.123022e+00	6.896490e-01	6.875579e+01	
2  346.317	2.573058e+00	1.225781e-01	-9.484764e-01	-1.118484e+00	6.865615e-01	6.878713e+01	
2  346.255	2.563993e+00	1.223296e-01	-9.761956e-01	-1.053774e+00	6.893529e-01	6.901642e+01	
1  345.648	2.568584e+00	1.214526e-01	-9.312586e-01	-1.093507e+00	6.901421e-01	6.890993e+01	
5  345.743	2.581380e+00	1.214688e-01	-8.872918e-01	-1.077529e+00	6.813505e-01	6.798594e+01	
1  345.522	2.608444e+00	1.202399e-01	-8.881361e-01	-1.109398e+00	6.862074e-01	6.828682e+01	
1  345.036	2.573809e+00	1.196636e-01	-8.766899e-01	-1.155285e+00	6.869594e-01	6.815291e+01	
1  345.03	2.580905e+00	1.181537e-01	-8.287844e-01	-1.083995e+00	6.862602e-01	6.773923e+01	
3  344.539	2.586320e+00	1.154543e-01	-8.351781e-01	-1.069566e+00	6.940411e-01	6.796205e+01	
4  345.578	2.597611e+00	1.142275e-01	-8.337554e-01	-1.032513e+00	7.004919e-01	6.841877e+01	
1  345.383	2.600188e+00	1.143163e-01	-8.258697e-01	-1.037170e+00	6.987916e-01	6.825327e+01	
1  344.682	2.576587e+00	1.134010e-01	-8.161302e-01	-1.054749e+00	6.932694e-01	6.735803e+01	
2  345.367	2.570599e+00	1.164024e-01	-8.598209e-01	-1.043624e+00	6.867419e-01	6.735329e+01	
2  344.537	2.585782e+00	1.143265e-01	-8.979736e-01	-9.916028e-01	7.037061e-01	6.878415e+01	
4  345.808	2.585501e+00	1.159406e-01	-9.436105e-01	-9.502525e-01	7.058530e-01	6.943033e+01	
4  344.313	2.569845e+00	1.166696e-01	-9.500082e-01	-9.703447e-01	6.970223e-01	6.854896e+01	
5  344.431	2.574415e+00	1.169085e-01	-9.463419e-01	-9.577710e-01	6.952633e-01	6.841912e+01	
3  344.024	2.557978e+00	1.162825e-01	-9.032943e-01	-9.314066e-01	6.968341e-01	6.840586e+01	
1  344.198	2.561256e+00	1.162778e-01	-8.920596e-01	-9.571863e-01	6.968935e-01	6.841932e+01	
2  344.474	2.544502e+00	1.154684e-01	-8.869497e-01	-1.030959e+00	6.921581e-01	6.765693e+01	
4  345.4	2.531410e+00	1.138834e-01	-9.052526e-01	-1.020482e+00	6.937989e-01	6.742367e+01	
4  345.284	2.524271e+00	1.128371e-01	-8.954325e-01	-1.057144e+00	6.957793e-01	6.737064e+01	
1  345.209	2.549906e+00	1.136993e-01	-8.488912e-01	-1.045564e+00	7.033883e-01	6.850511e+01	
2  345.477	2.569921e+00	1.126824e-01	-7.837527e-01	-1.084704e+00	6.975960e-01	6.764651e+01	
5  345.072	2.589747e+00	1.129755e-01	-7.987049e-01	-1.050518e+00	6.925617e-01	6.720937e+01	
3  346.26	2.592368e+00	1.119074e-01	-7.997753e-01	-1.081614e+00	6.904810e-01	6.673136e+01	
2  346.238	2.584922e+00	1.099226e-01	-7.711562e-01	-1.126424e+00	6.941489e-01	6.662694e+01	
1  345.808	2.591897e+00	1.133891e-01	-7.856663e-01	-1.133812e+00	6.887214e-01	6.689805e+01	
8  344.41	2.616086e+00	1.145163e-01	-8.547391e-01	-1.150332e+00	6.951258e-01	6.792840e+01	
1  344.297	2.602878e+00	1.154071e-01	-8.970410e-01	-1.098304e+00	6.977280e-01	6.840389e+01	
1  346.756	2.626118e+00	1.140770e-01	-8.539234e-01	-1.079116e+00	7.054025e-01	6.901974e+01	
1  344.834	2.627002e+00	1.132754e-01	-8.329678e-01	-1.003727e+00	6.927177e-01	6.738901e+01	
3  344.592	2.627528e+00	1.153002e-01	-8.701948e-01	-9.962086e-01	6.971991e-01	6.837785e+01	
1  346.951	2.642446e+00	1.153178e-01	-8.371570e-01	-9.688436e-01	6.995109e-01	6.868079e+01	
2  344.818	2.651938e+00	1.148575e-01	-8.756601e-01	-1.029250e+00	6.994481e-01	6.858506e+01	
1  344.662	2.668680e+00	1.136533e-01	-8.554269e-01	-9.996069e-01	6.991763e-01	6.830222e+01	
1  344.712	2.673872e+00	1.146996e-01	-8.602429e-01	-9.833017e-01	6.941511e-01	6.800333e+01	
1  344.495	2.669174e+00	1.136724e-01	-8.944673e-01	-1.035921e+00	6.989275e-01	6.827984e+01	
3  345.388	2.674695e+00	1.116505e-01	-8.783076e-01	-1.062736e+00	6.973398e-01	6.762174e+01	
2  344.473	2.691330e+00	1.118266e-01	-8.377667e-01	-1.074011e+00	7.013051e-01	6.815328e+01	
3  344.859	2.683063e+00	1.109728e-01	-8.184621e-01	-1.071861e+00	7.036329e-01	6.818910e+01	
3  345.059	2.671848e+00	1.088377e-01	-8.429516e-01	-1.083917e+00	7.008730e-01	6.731812e+01	
4  344.813	2.664467e+00	1.114559e-01	-8.402381e-01	-1.080412e+00	7.053636e-01	6.846278e+01	
1  344.691	2.666783e+00	1.115834e-01	-8.118396e-01	-1.013703e+00	6.979802e-01	6.765763e+01	
2  346.77	2.667984e+00	1.119049e-01	-7.526648e-01	-9.715151e-01	6.898739e-01	6.684801e+01	
2  347.385	2.677802e+00	1.107396e-01	-7.869372e-01	-9.256322e-01	6.890478e-01	6.650163e+01	
3  347.117	2.662971e+00	1.143076e-01	-7.634438e-01	-9.016615e-01	6.879884e-01	6.720902e+01	
11  346.537	2.649410e+00	1.167146e-01	-7.922974e-01	-8.922632e-01	6.840250e-01	6.732222e+01	
3  346.29	2.663707e+00	1.166591e-01	-8.102603e-01	-8.482622e-01	6.860835e-01	6.756320e+01	
2  347.573	2.673171e+00	1.159601e-01	-7.817924e-01	-7.976556e-01	6.809854e-01	6.687969e+01	
3  348.869	2.667067e+00	1.191072e-01	-8.024711e-01	-8.497349e-01	6.868052e-01	6.822421e+01	
5  348.301	2.651103e+00	1.169149e-01	-7.738754e-01	-8.360088e-01	6.861288e-01	6.759866e+01	
1  349.305	2.658076e+00	1.184311e-01	-7.554611e-01	-8.673669e-01	6.820573e-01	6.753475e+01	
5  349.008	2.657514e+00	1.221809e-01	-8.441237e-01	-8.695553e-01	6.849678e-01	6.871631e+01	
4  346.903	2.643049e+00	1.228732e-01	-9.149207e-01	-8.928743e-01	6.852791e-01	6.887672e+01	
1  346.874	2.640243e+00	1.217745e-01	-9.602549e-01	-9.218192e-01	6.911780e-01	6.926857e+01	
5  346.764	2.616009e+00	1.226383e-01	-9.919121e-01	-8.896656e-01	6.883597e-01	6.909909e+01	
2  346.276	2.612579e+00	1.211724e-01	-9.970471e-01	-8.652601e-01	6.927535e-01	6.923972e+01	
1  346.745	2.617560e+00	1.216454e-01	-1.001964e+00	-8.993236e-01	6.903220e-01	6.908962e+01	
3  346.994	2.622282e+00	1.202258e-01	-1.037806e+00	-8.432568e-01	6.976313e-01	6.959439e+01	
2  346.055	2.630314e+00	1.208571e-01	-9.897409e-01	-8.029058e-01	6.916361e-01	6.908178e+01	
1  346.712	2.621384e+00	1.213303e-01	-9.948659e-01	-7.735606e-01	6.946206e-01	6.950901e+01	
2  345.607	2.616025e+00	1.200363e-01	-9.795539e-01	-7.971617e-01	6.891768e-01	6.858228e+01	
9  346.083	2.619775e+00	1.216830e-01	-9.808441e-01	-8.190462e-01	6.895950e-01	6.902262e+01	
1  346.134	2.635333e+00	1.196535e-01	-9.342368e-01	-8.309609e-01	6.941331e-01	6.909081e+01	
2  346.487	2.646055e+00	1.193287e-01	-9.808646e-01	-8.142773e-01	6.980014e-01	6.948008e+01	
1  346.74	2.644863e+00	1.210150e-01	-9.433797e-01	-8.121195e-01	6.920439e-01	6.919872e+01	
1  346.299	2.652072e+00	1.197993e-01	-9.593682e-01	-8.028419e-01	6.859469e-01	6.825749e+01	
4  346.055	2.641869e+00	1.192285e-01	-9.842290e-01	-8.820466e-01	6.926967e-01	6.884422e+01	
1  345.512	2.627195e+00	1.191155e-01	-9.505678e-01	-9.000812e-01	6.897800e-01	6.845867e+01	
1  345.248	2.642870e+00	1.174814e-01	-9.487934e-01	-8.790790e-01	6.978745e-01	6.901633e+01	
2  345.899	2.626305e+00	1.185920e-01	-9.574872e-01	-8.991823e-01	6.983823e-01	6.930083e+01	
1  346.12	2.630545e+00	1.184306e-01	-9.700706e-01	-9.741605e-01	6.924801e-01	6.860435e+01	
1  346.194	2.672176e+00	1.173485e-01	-9.764862e-01	-9.725322e-01	6.984759e-01	6.912357e+01	
15  347.446	2.677473e+00	1.164843e-01	-1.026917e+00	-9.721202e-01	7.029359e-01	6.944418e+01	
2  346.787	2.698833e+00	1.153688e-01	-9.985355e-01	-9.838638e-01	7.055739e-01	6.953466e+01	
1  347.244	2.686898e+00	1.172361e-01	-9.488627e-01	-9.671756e-01	7.027405e-01	6.962606e+01	
1  350.063	2.697512e+00	1.162051e-01	-9.481884e-01	-9.576905e-01	7.094122e-01	7.019446e+01	
2  346.242	2.675173e+00	1.173379e-01	-9.543101e-01	-9.510292e-01	7.003821e-01	6.934777e+01	
1  345.617	2.664321e+00	1.173323e-01	-9.588103e-01	-9.351196e-01	6.979373e-01	6.903920e+01	
1  345.592	2.661735e+00	1.183704e-01	-9.437744e-01	-9.201000e-01	6.925435e-01	6.867107e+01	
3  345.704	2.655264e+00	1.187935e-01	-9.578866e-01	-8.989526e-01	6.929690e-01	6.880351e+01	
3  345.469	2.639051e+00	1.196657e-01	-9.273181e-01	-8.674615e-01	6.873527e-01	6.834907e+01	
1  345.659	2.633145e+00	1.189254e-01	-9.229962e-01	-8.880266e-01	6.943425e-01	6.893674e+01	
1  345.984	2.650120e+00	1.180659e-01	-9.147037e-01	-8.670160e-01	6.963968e-01	6.900516e+01	
2  346.857	2.671295e+00	1.163195e-01	-8.720652e-01	-8.625299e-01	6.834769e-01	6.722249e+01	
8  345.759	2.689068e+00	1.174162e-01	-8.680431e-01	-8.704334e-01	6.856234e-01	6.775143e+01	
2  345.464	2.693302e+00	1.152366e-01	-8.843882e-01	-8.302546e-01	6.895328e-01	6.766991e+01	
1  345.816	2.694412e+00	1.152555e-01	-8.829855e-01	-8.022359e-01	6.880609e-01	6.751719e+01	
3  345.658	2.708094e+00	1.178009e-01	-9.101967e-01	-8.006062e-01	6.890088e-01	6.825477e+01	
3  345.034	2.682971e+00	1.160070e-01	-9.320160e-01	-7.425569e-01	6.922832e-01	6.813094e+01	
2  345.63	2.682490e+00	1.175874e-01	-9.464513e-01	-6.872712e-01	6.885722e-01	6.809629e+01	
1  345.337	2.672102e+00	1.172578e-01	-9.412800e-01	-6.903964e-01	6.892773e-01	6.807110e+01	
2  345.556	2.673060e+00	1.174776e-01	-9.323777e-01	-7.333470e-01	6.960791e-01	6.888343e+01	
2  345.204	2.671635e+00	1.180641e-01	-9.233997e-01	-6.666862e-01	6.894144e-01	6.827539e+01	
2  345.424	2.654321e+00	1.179385e-01	-8.975818e-01	-6.463763e-01	6.892582e-01	6.818780e+01	
5  345.368	2.666404e+00	1.158692e-01	-8.705279e-01	-6.608276e-01	6.890225e-01	6.770076e+01	
1  346.578	2.671176e+00	1.180264e-01	-8.525367e-01	-6.111486e-01	6.823869e-01	6.750599e+01	
4  346.543	2.694562e+00	1.166119e-01	-8.576180e-01	-6.254710e-01	6.899347e-01	6.804346e+01	
6  346.646	2.653498e+00	1.171191e-01	-8.382073e-01	-6.248684e-01	6.835212e-01	6.737312e+01	
1  346.398	2.623396e+00	1.158378e-01	-8.589340e-01	-5.889264e-01	6.839115e-01	6.704240e+01	
1  347.578	2.625746e+00	1.187266e-01	-9.404080e-01	-5.229643e-01	6.789087e-01	6.719638e+01	
1  345.488	2.631922e+00	1.198294e-01	-9.561994e-01	-5.503021e-01	6.905763e-01	6.872592e+01	
3  345.347	2.600330e+00	1.198139e-01	-9.856805e-01	-6.020621e-01	6.946734e-01	6.910700e+01	
1  345.392	2.553195e+00	1.208426e-01	-9.980739e-01	-5.963229e-01	6.946704e-01	6.923861e+01	
1  343.961	2.507012e+00	1.199395e-01	-1.019042e+00	-5.656266e-01	6.922839e-01	6.864726e+01	
2  344.077	2.503350e+00	1.181359e-01	-1.026759e+00	-5.663836e-01	7.009049e-01	6.918636e+01	
2  344.849	2.508091e+00	1.181824e-01	-1.013761e+00	-5.602615e-01	6.899609e-01	6.797657e+01	
1  343.994	2.512319e+00	1.173483e-01	-9.730251e-01	-5.613676e-01	6.979215e-01	6.867584e+01	
1  344.505	2.514846e+00	1.183700e-01	-9.438236e-01	-5.392689e-01	6.930065e-01	6.837372e+01	
2  343.817	2.492882e+00	1.188268e-01	-9.618507e-01	-5.895936e-01	6.906443e-01	6.816845e+01	
4  343.731	2.493591e+00	1.193074e-01	-9.902609e-01	-5.697229e-01	6.927242e-01	6.851469e+01	
2  343.718	2.481980e+00	1.184635e-01	-9.816471e-01	-5.708650e-01	6.910996e-01	6.810649e+01	
2  344.772	2.487095e+00	1.190429e-01	-9.105540e-01	-5.928179e-01	6.880966e-01	6.792683e+01	
1  344.826	2.500717e+00	1.210959e-01	-9.607924e-01	-5.795795e-01	6.819316e-01	6.777497e+01	
3  344.268	2.522264e+00	1.199998e-01	-9.512475e-01	-6.103845e-01	6.870765e-01	6.812363e+01	
3  345.11	2.525471e+00	1.174274e-01	-9.925068e-01	-6.091764e-01	6.896644e-01	6.780614e+01	
1  344.139	2.557821e+00	1.170183e-01	-1.021776e+00	-5.742473e-01	6.962202e-01	6.851332e+01	
2  344.076	2.551775e+00	1.184618e-01	-1.022043e+00	-5.502240e-01	6.952279e-01	6.873259e+01	
2  344.138	2.558696e+00	1.184348e-01	-1.006474e+00	-5.973821e-01	6.961693e-01	6.884909e+01	
1  345.149	2.552832e+00	1.186263e-01	-9.839766e-01	-6.260526e-01	6.990628e-01	6.921118e+01	
8  344.798	2.563163e+00	1.173815e-01	-9.450954e-01	-5.932361e-01	6.969806e-01	6.869936e+01	
1  344.344	2.564762e+00	1.177357e-01	-9.851946e-01	-6.549378e-01	6.986851e-01	6.898252e+01	
3  347.196	2.598600e+00	1.155054e-01	-9.907495e-01	-5.838965e-01	6.894307e-01	6.749721e+01	
1  343.742	2.593313e+00	1.129468e-01	-9.598519e-01	-6.135856e-01	6.996972e-01	6.800489e+01	
1  343.811	2.581857e+00	1.124078e-01	-1.008226e+00	-6.225866e-01	7.041982e-01	6.835890e+01	
3  343.229	2.569258e+00	1.108771e-01	-1.000321e+00	-6.138842e-01	7.120481e-01	6.886795e+01	
1  346.55	2.568149e+00	1.084563e-01	-1.005227e+00	-6.529810e-01	7.062777e-01	6.757828e+01	
4  346.567	2.553393e+00	1.095615e-01	-1.020268e+00	-6.696724e-01	7.055480e-01	6.773499e+01	
5  345.602	2.576316e+00	1.100283e-01	-9.568125e-01	-6.903881e-01	7.010673e-01	6.739840e+01	
11  344.212	2.604560e+00	1.089553e-01	-9.619068e-01	-6.879622e-01	7.062892e-01	6.779668e+01	
1  343.792	2.611731e+00	1.086971e-01	-9.553476e-01	-7.566548e-01	7.083312e-01	6.798658e+01	
3  343.289	2.594876e+00	1.096223e-01	-9.456834e-01	-8.071112e-01	7.088247e-01	6.823485e+01	
3  343.275	2.574760e+00	1.086960e-01	-9.347916e-01	-7.472661e-01	7.130903e-01	6.845379e+01	
4  343.221	2.560128e+00	1.101256e-01	-9.791216e-01	-7.737799e-01	7.106076e-01	6.848403e+01	
2  343.273	2.571987e+00	1.103390e-01	-9.593501e-01	-7.949881e-01	7.083790e-01	6.830523e+01	
1  343.825	2.563430e+00	1.080132e-01	-9.511983e-01	-7.998626e-01	7.098658e-01	6.787048e+01	
1  343.887	2.557173e+00	1.083771e-01	-9.511811e-01	-8.291317e-01	7.093342e-01	6.788478e+01	
1  345.471	2.552294e+00	1.068814e-01	-9.528931e-01	-8.658878e-01	7.097421e-01	6.753968e+01	
1  344.343	2.571416e+00	1.068002e-01	-9.406415e-01	-8.533056e-01	7.108889e-01	6.770162e+01	
1  343.312	2.570610e+00	1.065566e-01	-9.161819e-01	-8.838748e-01	7.174357e-01	6.841639e+01	
1  343.84	2.573771e+00	1.061601e-01	-8.951544e-01	-9.044324e-01	7.186518e-01	6.846944e+01	
2  343.464	2.595983e+00	1.049313e-01	-9.028628e-01	-9.042511e-01	7.202936e-01	6.840753e+01	
1  343.727	2.620042e+00	1.055209e-01	-9.395016e-01	-8.553397e-01	7.149380e-01	6.797645e+01	
7  343.568	2.607140e+00	1.054144e-01	-9.270423e-01	-8.461545e-01	7.214584e-01	6.870595e+01	
2  343.768	2.600675e+00	1.049455e-01	-8.683484e-01	-8.445886e-01	7.149177e-01	6.777530e+01	
2  343.951	2.603684e+00	1.026259e-01	-8.809526e-01	-8.500848e-01	7.231298e-01	6.816922e+01	
2  343.828	2.619286e+00	1.036714e-01	-9.197751e-01	-8.448622e-01	7.250594e-01	6.872669e+01	
4  343.579	2.604904e+00	1.035373e-01	-8.887619e-01	-8.592718e-01	7.209416e-01	6.814471e+01	
1  343.968	2.615843e+00	1.020705e-01	-9.024823e-01	-7.976922e-01	7.190986e-01	6.756411e+01	
3  343.182	2.618920e+00	1.050608e-01	-9.173990e-01	-7.847019e-01	7.179188e-01	6.821228e+01	
1  343.053	2.609813e+00	1.068700e-01	-9.498453e-01	-7.079799e-01	7.159721e-01	6.842160e+01	
1  343.078	2.605912e+00	1.070459e-01	-9.470571e-01	-6.923717e-01	7.138644e-01	6.820422e+01	
9  343.519	2.630813e+00	1.070540e-01	-9.319246e-01	-6.629334e-01	7.159785e-01	6.852366e+01	
13  343.342	2.607998e+00	1.047971e-01	-1.000406e+00	-6.705401e-01	7.206532e-01	6.844788e+01	
3  343.489	2.596428e+00	1.058604e-01	-1.026757e+00	-6.862574e-01	7.217770e-01	6.883382e+01	
2  343.347	2.593541e+00	1.059984e-01	-9.747783e-01	-6.598944e-01	7.216297e-01	6.884408e+01	
1  345.051	2.598906e+00	1.048265e-01	-9.877003e-01	-6.654898e-01	7.148545e-01	6.773239e+01	
1  344.906	2.609314e+00	1.077031e-01	-9.923611e-01	-6.183968e-01	7.227828e-01	6.947233e+01	
1  343.551	2.589435e+00	1.093394e-01	-1.003527e+00	-6.841249e-01	7.170904e-01	6.913829e+01	
5  343.442	2.592733e+00	1.086887e-01	-1.017451e+00	-6.617577e-01	7.143438e-01	6.864779e+01	
1  345.055	2.607695e+00	1.098669e-01	-1.047370e+00	-6.194030e-01	7.097256e-01	6.843455e+01	
2  344.745	2.598677e+00	1.122139e-01	-1.025820e+00	-6.139151e-01	7.147449e-01	6.960466e+01	
2  343.485	2.613636e+00	1.128202e-01	-9.735971e-01	-5.485925e-01	7.039150e-01	6.850643e+01	
4  345.476	2.624412e+00	1.125743e-01	-9.882766e-01	-5.708651e-01	7.124004e-01	6.947514e+01	
2  344.989	2.644126e+00	1.123092e-01	-9.882432e-01	-5.658049e-01	7.116195e-01	6.936402e+01	
3  344.473	2.663489e+00	1.139371e-01	-1.035308e+00	-5.522244e-01	7.060128e-01	6.914889e+01	
9  344.177	2.665131e+00	1.121749e-01	-1.036902e+00	-5.570823e-01	7.092797e-01	6.910318e+01	
4  343.725	2.649241e+00	1.130747e-01	-9.797764e-01	-5.323302e-01	7.034900e-01	6.860753e+01	
1  344.331	2.673337e+00	1.137035e-01	-9.936129e-01	-6.321847e-01	7.051502e-01	6.901446e+01	
4  344.694	2.681647e+00	1.133724e-01	-9.677111e-01	-6.361844e-01	6.980138e-01	6.813391e+01	
1  345.135	2.673426e+00	1.122216e-01	-9.626744e-01	-6.336432e-01	6.979542e-01	6.782690e+01	
1  346.279	2.641926e+00	1.114010e-01	-9.345083e-01	-5.918090e-01	7.118961e-01	6.916430e+01	
2  345.597	2.641647e+00	1.111469e-01	-9.389999e-01	-5.886952e-01	7.116946e-01	6.907566e+01	
4  344.481	2.657264e+00	1.107323e-01	-9.390189e-01	-5.436543e-01	7.093467e-01	6.873144e+01	
2  345.141	2.691131e+00	1.100384e-01	-9.299912e-01	-5.581644e-01	6.988344e-01	6.743383e+01	
5  344.899	2.674990e+00	1.111868e-01	-9.019508e-01	-5.470924e-01	7.046565e-01	6.834019e+01	
1  344.809	2.676256e+00	1.099535e-01	-9.452465e-01	-4.998025e-01	7.001579e-01	6.752482e+01	
1  344.502	2.665966e+00	1.097615e-01	-9.092688e-01	-5.283756e-01	7.002730e-01	6.746490e+01	
2  344.134	2.663926e+00	1.104312e-01	-9.104782e-01	-5.172862e-01	7.018056e-01	6.779885e+01	
1  344.336	2.680369e+00	1.133979e-01	-9.411771e-01	-5.510295e-01	6.967076e-01	6.799011e+01	
2  344.076	2.693814e+00	1.114467e-01	-9.175747e-01	-5.894728e-01	7.005281e-01	6.797767e+01	
4  344.816	2.681159e+00	1.127638e-01	-8.855000e-01	-5.735555e-01	6.967015e-01	6.783741e+01	
1  345.01	2.680590e+00	1.138706e-01	-9.028348e-01	-5.783998e-01	6.985949e-01	6.831805e+01	
1  344.928	2.671455e+00	1.145153e-01	-9.284887e-01	-5.894350e-01	6.921945e-01	6.773688e+01	
1  344.395	2.694185e+00	1.128392e-01	-9.154984e-01	-5.769142e-01	6.971443e-01	6.793697e+01	
3  344.287	2.683418e+00	1.127276e-01	-9.082908e-01	-6.115831e-01	6.988371e-01	6.807418e+01	
3  344.433	2.678060e+00	1.127734e-01	-9.407249e-01	-6.341348e-01	6.975600e-01	6.792842e+01	
4  344.557	2.678315e+00	1.154794e-01	-9.397630e-01	-6.151931e-01	6.962671e-01	6.843832e+01	
1  344.842	2.673278e+00	1.155348e-01	-9.583235e-01	-6.656315e-01	7.005671e-01	6.892921e+01	
2  345.118	2.682181e+00	1.154403e-01	-9.547926e-01	-6.927085e-01	7.014647e-01	6.903142e+01	
4  345.197	2.713706e+00	1.148983e-01	-8.983885e-01	-6.547414e-01	6.960221e-01	6.835609e+01	
1  344.862	2.723900e+00	1.135820e-01	-8.938248e-01	-6.411663e-01	6.965288e-01	6.812007e+01	
1  346.105	2.744761e+00	1.130787e-01	-8.680009e-01	-6.275989e-01	6.990982e-01	6.833866e+01	
2  345.779	2.751377e+00	1.140664e-01	-8.591786e-01	-6.562500e-01	6.934390e-01	6.795835e+01	
1  345.467	2.747748e+00	1.160213e-01	-9.230838e-01	-6.515795e-01	6.936265e-01	6.843820e+01	
7  345.001	2.722271e+00	1.142283e-01	-8.946091e-01	-6.849806e-01	6.931524e-01	6.789560e+01	
1  346.892	2.730153e+00	1.136392e-01	-9.023251e-01	-6.378613e-01	6.882314e-01	6.723603e+01	
1  345.587	2.722075e+00	1.142565e-01	-8.951387e-01	-6.208314e-01	6.899960e-01	6.755535e+01	
4  345.47	2.705613e+00	1.147926e-01	-8.901710e-01	-6.193794e-01	6.893891e-01	6.757785e+01	
7  345.632	2.664188e+00	1.146209e-01	-8.735418e-01	-5.948469e-01	6.884229e-01	6.733349e+01	
1  345.962	2.680738e+00	1.143636e-01	-8.514850e-01	-5.948633e-01	6.888865e-01	6.736173e+01	
2  346.149	2.692747e+00	1.142966e-01	-8.530962e-01	-6.127870e-01	6.873332e-01	6.720684e+01	
4  349.31	2.692305e+00	1.154047e-01	-8.383566e-01	-6.777847e-01	6.777917e-01	6.646246e+01	
8  348.759	2.678779e+00	1.138390e-01	-8.038118e-01	-7.185598e-01	6.807219e-01	6.636658e+01	
3  347.854	2.689401e+00	1.158077e-01	-8.173043e-01	-7.444226e-01	6.794587e-01	6.672254e+01	
5  346.192	2.717641e+00	1.161863e-01	-8.514389e-01	-7.393222e-01	6.849378e-01	6.745591e+01	
2  346.126	2.731350e+00	1.177392e-01	-9.262734e-01	-7.676058e-01	6.883752e-01	6.822552e+01	
13  346.485	2.736838e+00	1.170827e-01	-9.907391e-01	-7.471448e-01	6.991538e-01	6.929282e+01	
2  346.177	2.742549e+00	1.165478e-01	-9.686136e-01	-7.281831e-01	6.934819e-01	6.853508e+01	
7  345.304	2.739145e+00	1.147996e-01	-9.581235e-01	-7.643260e-01	6.997591e-01	6.881788e+01	
4  345.599	2.729415e+00	1.167107e-01	-9.295689e-01	-7.748819e-01	6.948197e-01	6.869265e+01	
2  344.932	2.708515e+00	1.148822e-01	-9.010731e-01	-6.764784e-01	6.929225e-01	6.799394e+01	
1  344.656	2.716575e+00	1.122054e-01	-8.841877e-01	-6.425622e-01	6.972879e-01	6.785340e+01	
1  345.262	2.718704e+00	1.129725e-01	-9.035823e-01	-6.512016e-01	7.024672e-01	6.863472e+01	
10  344.188	2.706158e+00	1.102295e-01	-9.000603e-01	-6.151745e-01	7.047229e-01	6.818774e+01	
2  343.84	2.709247e+00	1.098315e-01	-9.202952e-01	-5.754790e-01	7.048288e-01	6.810873e+01	
7  344.533	2.710544e+00	1.115034e-01	-8.936581e-01	-6.197354e-01	7.018367e-01	6.818178e+01	
1  345.505	2.704420e+00	1.125305e-01	-8.920447e-01	-5.818189e-01	7.020038e-01	6.843809e+01	
3  345.35	2.714454e+00	1.115884e-01	-9.177384e-01	-5.853539e-01	6.953125e-01	6.747803e+01	
2  345.067	2.708909e+00	1.120102e-01	-9.189267e-01	-5.134543e-01	7.040955e-01	6.856250e+01	
3  344.286	2.710800e+00	1.129686e-01	-9.441598e-01	-5.051481e-01	6.992916e-01	6.825116e+01	
1  345.525	2.726128e+00	1.102280e-01	-8.851052e-01	-5.031556e-01	6.958139e-01	6.723024e+01	
7  346.734	2.757052e+00	1.123568e-01	-8.481738e-01	-4.780556e-01	6.949534e-01	6.772798e+01	
7  346.654	2.740718e+00	1.146557e-01	-8.764054e-01	-4.860557e-01	6.858462e-01	6.724641e+01	
12  345.639	2.756082e+00	1.150294e-01	-9.076117e-01	-4.909555e-01	6.908177e-01	6.791059e+01	
2  346.002	2.764546e+00	1.129722e-01	-8.782166e-01	-4.733358e-01	6.959427e-01	6.800521e+01	
1  345.54	2.774817e+00	1.120550e-01	-9.033000e-01	-4.609388e-01	7.006389e-01	6.833778e+01	
2  345.752	2.784556e+00	1.127427e-01	-8.796492e-01	-4.889085e-01	6.939446e-01	6.777578e+01	
1  347.075	2.788714e+00	1.144676e-01	-8.674339e-01	-4.763639e-01	6.931888e-01	6.811619e+01	
3  347.657	2.803139e+00	1.158805e-01	-8.517039e-01	-5.118662e-01	6.884253e-01	6.796217e+01	
3  347.057	2.793643e+00	1.174393e-01	-8.788175e-01	-5.426958e-01	6.854055e-01	6.797830e+01	
2  347.549	2.829069e+00	1.155353e-01	-9.055478e-01	-5.909077e-01	6.854463e-01	6.761940e+01	
1  346.396	2.825115e+00	1.143301e-01	-8.891796e-01	-5.838878e-01	6.954702e-01	6.842523e+01	
3  345.574	2.827866e+00	1.124546e-01	-8.920408e-01	-5.637695e-01	6.957987e-01	6.801707e+01	
4  345.823	2.802791e+00	1.145637e-01	-8.982082e-01	-5.999941e-01	6.935766e-01	6.821595e+01	
6  345.73	2.783274e+00	1.149134e-01	-9.053755e-01	-6.064011e-01	6.947821e-01	6.838757e+01	
6  345.337	2.795082e+00	1.126517e-01	-9.143155e-01	-6.688075e-01	7.020564e-01	6.869568e+01	
6  345.742	2.829493e+00	1.133353e-01	-9.311891e-01	-6.475629e-01	7.003842e-01	6.875363e+01	
1  346.265	2.838045e+00	1.136069e-01	-9.588312e-01	-6.282249e-01	7.028851e-01	6.912939e+01	
1  346.156	2.849813e+00	1.138208e-01	-9.409954e-01	-6.483934e-01	6.974645e-01	6.858722e+01	
3  345.919	2.845132e+00	1.136295e-01	-9.257736e-01	-6.244040e-01	6.979191e-01	6.858135e+01	
1  346.056	2.828103e+00	1.142250e-01	-9.075776e-01	-6.635469e-01	6.971419e-01	6.859573e+01	
4  347.631	2.853530e+00	1.150570e-01	-8.978333e-01	-7.157676e-01	6.874453e-01	6.778015e+01	
1  347.025	2.847988e+00	1.134830e-01	-9.122855e-01	-7.059553e-01	6.917663e-01	6.786522e+01	
1  347.67	2.841049e+00	1.137729e-01	-9.281393e-01	-7.472840e-01	7.051777e-01	6.944552e+01	
9  346.615	2.836304e+00	1.155597e-01	-9.071510e-01	-7.736738e-01	6.937494e-01	6.855296e+01	
1  346.912	2.850710e+00	1.149187e-01	-8.634524e-01	-8.235769e-01	6.945340e-01	6.852234e+01	
1  349.059	2.877091e+00	1.134356e-01	-8.716498e-01	-8.953791e-01	7.045825e-01	6.938118e+01	
5  350.505	2.897396e+00	1.129479e-01	-8.749437e-01	-8.932949e-01	6.865446e-01	6.728786e+01	
4  347.165	2.904498e+00	1.131380e-01	-8.790027e-01	-9.603363e-01	6.966062e-01	6.845741e+01	
3  347.413	2.906533e+00	1.139625e-01	-8.478704e-01	-9.899580e-01	6.953844e-01	6.852266e+01	
1  347.924	2.886302e+00	1.133413e-01	-7.856657e-01	-9.872127e-01	6.856812e-01	6.726224e+01	
1  348.498	2.884118e+00	1.126250e-01	-7.515281e-01	-9.890147e-01	6.838677e-01	6.689473e+01	
1  346.829	2.853394e+00	1.116991e-01	-7.715689e-01	-9.894496e-01	6.904457e-01	6.730647e+01	
3  347.525	2.861316e+00	1.131454e-01	-7.699074e-01	-9.713291e-01	6.922898e-01	6.787405e+01	
1  347.394	2.857385e+00	1.137610e-01	-8.487338e-01	-9.762031e-01	6.997473e-01	6.885131e+01	
1  347.078	2.856550e+00	1.137321e-01	-8.796400e-01	-9.884125e-01	6.936979e-01	6.815909e+01	
1  346.955	2.853417e+00	1.148123e-01	-8.572820e-01	-1.006684e+00	6.949426e-01	6.854926e+01	
3  348.312	2.834420e+00	1.166866e-01	-8.859679e-01	-1.053790e+00	6.971495e-01	6.920157e+01	
2  349.041	2.823006e+00	1.189435e-01	-9.153821e-01	-1.063322e+00	6.930983e-01	6.924929e+01	
3  348.949	2.822321e+00	1.172176e-01	-9.094820e-01	-1.043105e+00	6.989549e-01	6.950683e+01	
1  349.698	2.798802e+00	1.182674e-01	-9.013396e-01	-1.067508e+00	6.833512e-01	6.796215e+01	
2  348.411	2.808557e+00	1.181566e-01	-9.268578e-01	-1.053806e+00	6.939201e-01	6.912243e+01	
2  347.741	2.800414e+00	1.149082e-01	-9.006408e-01	-1.100425e+00	6.928080e-01	6.820715e+01	
1  348.401	2.807616e+00	1.168778e-01	-8.634764e-01	-1.111668e+00	6.972227e-01	6.919159e+01	
3  348.314	2.830010e+00	1.187537e-01	-8.221269e-01	-1.097328e+00	6.815867e-01	6.795831e+01	
3  348.444	2.811475e+00	1.185281e-01	-7.803042e-01	-1.043227e+00	6.829423e-01	6.800819e+01	
1  348.719	2.809916e+00	1.186657e-01	-7.606545e-01	-1.044704e+00	6.800251e-01	6.772564e+01	
2  347.948	2.809448e+00	1.192004e-01	-8.264013e-01	-1.038573e+00	6.827738e-01	6.814113e+01	
3  348.687	2.798584e+00	1.206884e-01	-8.212932e-01	-1.019362e+00	6.819710e-01	6.837298e+01	
1  348.896	2.796768e+00	1.197955e-01	-8.596480e-01	-9.942256e-01	6.894070e-01	6.897431e+01	
1  348.567	2.814775e+00	1.188860e-01	-8.586151e-01	-1.017308e+00	6.903907e-01	6.891305e+01	
2  349.913	2.804266e+00	1.193933e-01	-7.875244e-01	-1.081230e+00	6.866954e-01	6.859907e+01	
3  350.02	2.796428e+00	1.171698e-01	-7.641111e-01	-1.076005e+00	6.904864e-01	6.847703e+01	
1  348.521	2.796970e+00	1.156137e-01	-7.318199e-01	-1.048784e+00	6.853825e-01	6.755549e+01	
3  346.683	2.798132e+00	1.133586e-01	-7.700797e-01	-1.001799e+00	6.896803e-01	6.748820e+01	
1  347.313	2.815222e+00	1.133637e-01	-7.880328e-01	-1.011806e+00	6.859440e-01	6.712729e+01	
1  347.37	2.828833e+00	1.150302e-01	-8.402198e-01	-9.953481e-01	6.868353e-01	6.764952e+01	
1  347.09	2.839107e+00	1.156896e-01	-8.459655e-01	-9.620050e-01	6.881449e-01	6.797142e+01	
3  354.12	2.848529e+00	1.153994e-01	-8.250637e-01	-9.200047e-01	6.736223e-01	6.639678e+01	
1  348.104	2.849034e+00	1.174953e-01	-8.346182e-01	-8.805389e-01	6.878580e-01	6.838785e+01	
1  348.055	2.836927e+00	1.172346e-01	-8.026427e-01	-8.993878e-01	6.808722e-01	6.754669e+01	
1  347.365	2.836014e+00	1.161218e-01	-8.274777e-01	-9.514791e-01	6.851895e-01	6.774578e+01	
2  347.706	2.829831e+00	1.169843e-01	-8.249717e-01	-9.125723e-01	6.885457e-01	6.829827e+01	
3  347.822	2.837334e+00	1.171060e-01	-8.013754e-01	-9.471205e-01	6.839371e-01	6.784438e+01	
1  347.278	2.820801e+00	1.157681e-01	-8.028010e-01	-8.811348e-01	6.865837e-01	6.777734e+01	
1  348.35	2.799209e+00	1.171885e-01	-8.150468e-01	-9.098086e-01	6.902819e-01	6.846539e+01	
1  348.458	2.795612e+00	1.174947e-01	-7.960748e-01	-9.053830e-01	6.871381e-01	6.818388e+01	
1  349.295	2.814959e+00	1.201089e-01	-7.897479e-01	-8.471379e-01	6.734014e-01	6.737560e+01	
1  349.901	2.827960e+00	1.198814e-01	-7.795885e-01	-8.654232e-01	6.789048e-01	6.792820e+01	
5  349.156	2.831212e+00	1.200544e-01	-8.156793e-01	-8.290273e-01	6.743932e-01	6.750271e+01	
1  351.476	2.854907e+00	1.199250e-01	-8.109152e-01	-8.102966e-01	6.852197e-01	6.867862e+01	
4  349.881	2.836849e+00	1.216324e-01	-8.382200e-01	-8.050933e-01	6.797312e-01	6.843678e+01	
4  348.645	2.837944e+00	1.185995e-01	-8.349550e-01	-8.078516e-01	6.776523e-01	6.752510e+01	
1  348.083	2.842622e+00	1.170908e-01	-8.554265e-01	-8.466574e-01	6.823122e-01	6.767942e+01	
1  348.205	2.853819e+00	1.171897e-01	-8.761955e-01	-8.623430e-01	6.929467e-01	6.889132e+01	
13  347.701	2.869909e+00	1.164459e-01	-8.606173e-01	-8.847068e-01	6.870580e-01	6.810344e+01	
5  347.651	2.871453e+00	1.164624e-01	-8.598570e-01	-8.982359e-01	6.899091e-01	6.842335e+01	
3  348.181	2.871810e+00	1.176951e-01	-8.739171e-01	-8.820981e-01	6.886680e-01	6.857696e+01	
2  348.077	2.872637e+00	1.166618e-01	-8.633005e-01	-9.110315e-01	6.858635e-01	6.803077e+01	
4  347.787	2.872060e+00	1.161677e-01	-8.334776e-01	-9.171867e-01	6.899801e-01	6.836313e+01	
9  349.27	2.893217e+00	1.193952e-01	-8.805140e-01	-8.470462e-01	6.847217e-01	6.859043e+01	
1  347.911	2.846164e+00	1.178129e-01	-8.656992e-01	-8.542548e-01	6.838653e-01	6.802182e+01	
2  347.698	2.860319e+00	1.163468e-01	-8.762871e-01	-8.077107e-01	6.931980e-01	6.873533e+01	
1  346.559	2.845720e+00	1.148842e-01	-8.678408e-01	-7.753800e-01	6.914109e-01	6.815465e+01	
6  346.434	2.838184e+00	1.146124e-01	-8.579969e-01	-7.942619e-01	6.914994e-01	6.808184e+01	
1  346.427	2.858130e+00	1.135465e-01	-8.495377e-01	-7.707489e-01	6.922040e-01	6.795290e+01	
5  346.888	2.849469e+00	1.135198e-01	-8.402848e-01	-7.912333e-01	6.962416e-01	6.837576e+01	
3  346.317	2.862700e+00	1.127181e-01	-8.638784e-01	-7.259330e-01	6.977410e-01	6.838342e+01	
1  345.971	2.870571e+00	1.123423e-01	-8.806450e-01	-7.404844e-01	6.982494e-01	6.836903e+01	
2  346.831	2.885965e+00	1.136782e-01	-8.567566e-01	-6.880155e-01	6.911703e-01	6.793688e+01	
3  346.828	2.871539e+00	1.136182e-01	-8.594361e-01	-6.944743e-01	6.952864e-01	6.834517e+01	
2  347.67	2.874050e+00	1.116650e-01	-8.971641e-01	-6.853001e-01	6.918787e-01	6.750426e+01	
2  345.312	2.853605e+00	1.108832e-01	-9.262898e-01	-6.495787e-01	7.050148e-01	6.874820e+01	
1  344.651	2.836676e+00	1.083500e-01	-8.922140e-01	-6.341211e-01	7.076734e-01	6.838750e+01	
1  345.188	2.841823e+00	1.069304e-01	-8.553433e-01	-6.018512e-01	7.080651e-01	6.809009e+01	
5  345.025	2.841577e+00	1.081867e-01	-8.759907e-01	-5.869333e-01	7.014417e-01	6.764172e+01	
5  345.529	2.826320e+00	1.111027e-01	-8.895699e-01	-5.080902e-01	7.005828e-01	6.822442e+01	
1  345.375	2.835488e+00	1.101483e-01	-8.926561e-01	-4.944415e-01	7.027683e-01	6.826252e+01	
2  345.446	2.851961e+00	1.085814e-01	-9.206323e-01	-4.125383e-01	7.001973e-01	6.762426e+01	
7  345.614	2.830172e+00	1.104219e-01	-9.151246e-01	-3.425419e-01	7.029353e-01	6.833601e+01	
2  347.362	2.824975e+00	1.099913e-01	-9.197197e-01	-3.727865e-01	7.096189e-01	6.899765e+01	
1  348.835	2.810769e+00	1.083783e-01	-9.311552e-01	-3.694783e-01	7.166442e-01	6.940296e+01	
1  348.279	2.822427e+00	1.061336e-01	-9.454511e-01	-3.569701e-01	7.218921e-01	6.950641e+01	
5  344.479	2.833051e+00	1.066968e-01	-9.241272e-01	-3.343180e-01	7.097844e-01	6.821037e+01	
2  345.296	2.827714e+00	1.065947e-01	-8.971579e-01	-3.186247e-01	7.087637e-01	6.805152e+01	
3  344.841	2.806092e+00	1.053518e-01	-9.062914e-01	-4.297566e-01	7.063658e-01	6.740550e+01	
3  346.249	2.799662e+00	1.043060e-01	-8.950064e-01	-4.022325e-01	7.187350e-01	6.858457e+01	
4  344.569	2.830494e+00	1.039993e-01	-8.864155e-01	-3.977608e-01	7.118892e-01	6.776527e+01	
5  345.952	2.832719e+00	1.054515e-01	-9.305741e-01	-3.531146e-01	7.042470e-01	6.725566e+01	
4  344.572	2.850153e+00	1.033604e-01	-9.454691e-01	-3.423888e-01	7.116942e-01	6.762901e+01	
2  344.103	2.845917e+00	1.045684e-01	-9.750488e-01	-3.756205e-01	7.130570e-01	6.808837e+01	
10  343.358	2.845163e+00	1.031922e-01	-9.775563e-01	-3.863790e-01	7.207194e-01	6.865623e+01	
1  344.689	2.856999e+00	1.055077e-01	-9.787649e-01	-3.985692e-01	7.105561e-01	6.806063e+01	
1  345.413	2.859219e+00	1.075796e-01	-9.061011e-01	-4.365578e-01	7.103727e-01	6.856838e+01	
7  345.135	2.865934e+00	1.092339e-01	-9.509352e-01	-4.265318e-01	7.025377e-01	6.808564e+01	
3  346.145	2.884697e+00	1.088828e-01	-9.306240e-01	-4.541043e-01	6.992638e-01	6.767387e+01	
2  346.696	2.891701e+00	1.094917e-01	-8.883723e-01	-4.901217e-01	7.066788e-01	6.869261e+01	
10  346.826	2.885783e+00	1.088212e-01	-8.964491e-01	-5.667548e-01	6.967346e-01	6.737866e+01	
4  345.494	2.892603e+00	1.098322e-01	-9.028154e-01	-5.232990e-01	7.036240e-01	6.842390e+01	
1  346.103	2.918020e+00	1.104461e-01	-9.169998e-01	-5.111572e-01	7.044733e-01	6.873615e+01	
4  345.774	2.920240e+00	1.088057e-01	-8.803709e-01	-5.249845e-01	6.996250e-01	6.778293e+01	
3  345.265	2.908404e+00	1.077350e-01	-8.795747e-01	-5.619437e-01	7.064389e-01	6.826908e+01	
1  346.115	2.919344e+00	1.086677e-01	-9.086286e-01	-5.534136e-01	7.096252e-01	6.890352e+01	
6  345.121	2.900880e+00	1.084625e-01	-9.493477e-01	-5.959437e-01	7.098728e-01	6.883540e+01	
8  345.344	2.889703e+00	1.100770e-01	-9.420951e-01	-5.707398e-01	7.055014e-01	6.869502e+01	
3  345.497	2.889356e+00	1.068521e-01	-9.093203e-01	-5.583323e-01	7.035560e-01	6.766929e+01	
2  344.392	2.877567e+00	1.065708e-01	-9.100826e-01	-5.587100e-01	7.081734e-01	6.810218e+01	
4  344.537	2.889476e+00	1.072862e-01	-9.295869e-01	-5.571803e-01	7.088525e-01	6.839142e+01	
3  344.293	2.896633e+00	1.060914e-01	-9.508945e-01	-4.960393e-01	7.121543e-01	6.849832e+01	
2  344.509	2.897699e+00	1.058769e-01	-9.627758e-01	-4.863700e-01	7.115624e-01	6.837634e+01	
2  344.633	2.931609e+00	1.053326e-01	-9.443250e-01	-4.074256e-01	7.101062e-01	6.815248e+01	
2  345.946	2.940828e+00	1.064643e-01	-9.426146e-01	-4.066692e-01	7.157488e-01	6.913769e+01	
7  345.087	2.938514e+00	1.069631e-01	-9.555244e-01	-4.331219e-01	7.081144e-01	6.834683e+01	
2  346.993	2.925050e+00	1.055362e-01	-9.520926e-01	-4.252366e-01	7.047302e-01	6.756379e+01	
2  344.765	2.937305e+00	1.059115e-01	-9.713702e-01	-3.985444e-01	7.113763e-01	6.846335e+01	
1  344.471	2.926760e+00	1.051473e-01	-9.245847e-01	-4.460769e-01	7.103457e-01	6.812144e+01	
1  345.229	2.918553e+00	1.031095e-01	-9.029705e-01	-4.365326e-01	7.196528e-01	6.869477e+01	
2  344.392	2.902696e+00	1.050414e-01	-9.150275e-01	-4.750303e-01	7.098078e-01	6.797046e+01	
6  346.099	2.916352e+00	1.070762e-01	-8.989801e-01	-4.273599e-01	7.111591e-01	6.867878e+01	
7  346.137	2.923013e+00	1.059686e-01	-9.132322e-01	-4.021343e-01	7.150802e-01	6.888506e+01	
2  345.311	2.918795e+00	1.062779e-01	-8.878176e-01	-4.105715e-01	7.086820e-01	6.819165e+01	
4  345.633	2.929405e+00	1.066563e-01	-8.821965e-01	-4.012150e-01	7.025858e-01	6.760975e+01	
1  345.777	2.966330e+00	1.054644e-01	-9.005527e-01	-4.074896e-01	7.131311e-01	6.863260e+01	
2  345.771	2.981676e+00	1.068429e-01	-9.269664e-01	-3.994333e-01	7.111926e-01	6.878854e+01	
3  345.272	2.975037e+00	1.056839e-01	-8.998537e-01	-4.003352e-01	7.066863e-01	6.795136e+01	
1  344.976	2.965476e+00	1.043989e-01	-9.370628e-01	-3.987822e-01	7.172865e-01	6.885986e+01	
2  346.077	2.959075e+00	1.054905e-01	-1.037289e+00	-4.068809e-01	7.162011e-01	6.899097e+01	
3  346.375	2.964091e+00	1.069873e-01	-1.038407e+00	-4.245536e-01	7.161038e-01	6.937298e+01	
3  345.462	2.922558e+00	1.055721e-01	-1.010010e+00	-4.566153e-01	7.214897e-01	6.956977e+01	
2  345.1	2.953722e+00	1.036894e-01	-1.013035e+00	-4.359392e-01	7.186501e-01	6.881325e+01	
5  345.21	2.932891e+00	1.025004e-01	-1.005270e+00	-4.331669e-01	7.182388e-01	6.840146e+01	
2  343.934	2.908518e+00	1.009997e-01	-1.000322e+00	-4.494417e-01	7.238294e-01	6.863170e+01	
7  343.447	2.923318e+00	1.002867e-01	-9.734079e-01	-4.474532e-01	7.250252e-01	6.863122e+01	
4  343.618	2.927530e+00	9.936709e-02	-9.441284e-01	-4.298615e-01	7.279008e-01	6.875881e+01	
1  344.443	2.934640e+00	9.756438e-02	-9.350586e-01	-4.430841e-01	7.335825e-01	6.901887e+01	
1  345.601	2.956878e+00	9.851617e-02	-8.903376e-01	-4.453638e-01	7.292472e-01	6.878006e+01	
1  344.419	2.958548e+00	9.954620e-02	-9.320540e-01	-4.473502e-01	7.190546e-01	6.779621e+01	
2  344.516	2.946655e+00	9.889248e-02	-9.967377e-01	-4.947990e-01	7.263214e-01	6.848458e+01	
5  344.52	2.959951e+00	9.951186e-02	-1.007062e+00	-5.473627e-01	7.319563e-01	6.940320e+01	
3  344.69	2.972259e+00	1.017501e-01	-9.781108e-01	-5.954467e-01	7.229402e-01	6.888601e+01	
5  346.34	2.988991e+00	1.005750e-01	-9.725388e-01	-5.892069e-01	7.191760e-01	6.816003e+01	
3  345.896	2.979025e+00	1.009754e-01	-9.231691e-01	-5.862964e-01	7.145581e-01	6.768430e+01	
3  345.461	2.969439e+00	1.016614e-01	-9.230654e-01	-5.463087e-01	7.258126e-01	6.921511e+01	
1  344.739	3.004884e+00	1.030161e-01	-9.040713e-01	-4.884938e-01	7.127531e-01	6.806190e+01	
1  344.663	3.022633e+00	1.020120e-01	-8.833386e-01	-5.108340e-01	7.144746e-01	6.805443e+01	
1  344.548	3.033400e+00	1.014680e-01	-9.003261e-01	-4.728348e-01	7.159607e-01	6.811955e+01	
2  345.222	3.049495e+00	1.031660e-01	-8.912835e-01	-4.716365e-01	7.143513e-01	6.840473e+01	
3  346.067	3.051771e+00	1.025549e-01	-9.011349e-01	-3.647499e-01	7.085401e-01	6.757016e+01	
1  346.309	3.051794e+00	1.019493e-01	-9.428986e-01	-3.357557e-01	7.242092e-01	6.930497e+01	
1  344.743	3.047502e+00	1.002044e-01	-9.293090e-01	-3.172869e-01	7.167197e-01	6.791965e+01	
2  344.256	3.061812e+00	9.969176e-02	-9.465479e-01	-3.091883e-01	7.209613e-01	6.833709e+01	
1  345.173	3.075669e+00	9.989635e-02	-9.845850e-01	-2.690372e-01	7.284442e-01	6.936338e+01	
2  346.298	3.077896e+00	1.002835e-01	-9.485833e-01	-2.232096e-01	7.268358e-01	6.926713e+01	
8  344.557	3.070743e+00	1.002100e-01	-9.628617e-01	-1.782001e-01	7.199114e-01	6.836770e+01	
3  344.675	3.112062e+00	9.929499e-02	-9.542731e-01	-1.707090e-01	7.222987e-01	6.852922e+01	
1  344.538	3.079165e+00	9.795450e-02	-9.343812e-01	-1.830670e-01	7.263516e-01	6.859156e+01	
7  344.523	3.088190e+00	9.879478e-02	-9.719900e-01	-1.555424e-01	7.266865e-01	6.888115e+01	
4  344.695	3.080718e+00	9.927373e-02	-9.568328e-01	-1.729099e-01	7.253602e-01	6.882165e+01	
3  344.378	3.070813e+00	9.817690e-02	-1.005932e+00	-1.884061e-01	7.260733e-01	6.859368e+01	
1  345.092	3.076765e+00	9.736031e-02	-1.028453e+00	-2.097850e-01	7.277000e-01	6.859590e+01	
1  345.051	3.085204e+00	9.656508e-02	-1.054475e+00	-2.457550e-01	7.335460e-01	6.915169e+01	
1  344.309	3.074889e+00	9.458383e-02	-1.054989e+00	-2.255709e-01	7.401444e-01	6.944904e+01	
1  344.988	3.103261e+00	9.233314e-02	-1.069427e+00	-2.443145e-01	7.425526e-01	6.922342e+01	
1  344.793	3.095532e+00	9.302658e-02	-1.066998e+00	-2.612786e-01	7.426274e-01	6.940615e+01	
4  344.459	3.103055e+00	8.919970e-02	-1.032170e+00	-2.871315e-01	7.451706e-01	6.868820e+01	
5  344.109	3.083325e+00	9.254474e-02	-1.025253e+00	-3.001181e-01	7.395326e-01	6.882436e+01	
3  343.958	3.059406e+00	9.166745e-02	-1.035528e+00	-2.830207e-01	7.422140e-01	6.886764e+01	
2  344.707	3.050363e+00	9.193477e-02	-1.020460e+00	-3.473928e-01	7.485593e-01	6.978162e+01	
6  344.406	3.071989e+00	9.041880e-02	-1.057182e+00	-3.301908e-01	7.483406e-01	6.938009e+01	
3  343.592	3.074664e+00	9.075637e-02	-1.018408e+00	-3.383706e-01	7.450937e-01	6.904039e+01	
2  343.957	3.075993e+00	9.218654e-02	-1.022474e+00	-3.363292e-01	7.451209e-01	6.945299e+01	
4  343.788	3.073391e+00	9.197623e-02	-1.022888e+00	-3.278483e-01	7.422021e-01	6.899229e+01	
3  343.988	3.084950e+00	9.191375e-02	-9.885188e-01	-3.876777e-01	7.451560e-01	6.940599e+01	
8  343.139	3.105568e+00	9.122685e-02	-9.448737e-01	-3.749884e-01	7.389751e-01	6.844492e+01	
4  343.237	3.094432e+00	9.196707e-02	-9.669617e-01	-3.780388e-01	7.395929e-01	6.870205e+01	
4  344.013	3.081244e+00	9.207752e-02	-9.208436e-01	-3.923102e-01	7.408949e-01	6.886844e+01	
1  344.304	3.079826e+00	9.153797e-02	-9.042607e-01	-3.939955e-01	7.318571e-01	6.754518e+01	
1  343.408	3.056510e+00	9.488521e-02	-9.288579e-01	-3.430630e-01	7.321501e-01	6.843686e+01	
3  344.225	3.074359e+00	9.385279e-02	-9.191633e-01	-3.701775e-01	7.371156e-01	6.884467e+01	
5  343.648	3.069929e+00	9.529148e-02	-9.208271e-01	-4.088677e-01	7.323715e-01	6.861249e+01	
3  343.935	3.067269e+00	9.469250e-02	-9.740808e-01	-4.025312e-01	7.384446e-01	6.923196e+01	
7  344.37	3.091002e+00	9.261695e-02	-9.978660e-01	-4.589619e-01	7.444829e-01	6.952979e+01	
5  344.798	3.099046e+00	9.248449e-02	-1.022749e+00	-4.678163e-01	7.451889e-01	6.961139e+01	
1  346.922	3.083396e+00	9.547054e-02	-1.070297e+00	-4.792807e-01	7.434156e-01	7.016076e+01	
3  348.025	3.074169e+00	9.560398e-02	-1.049055e+00	-5.182042e-01	7.462497e-01	7.056298e+01	
1  345.971	3.080447e+00	9.654684e-02	-1.009193e+00	-5.254244e-01	7.395434e-01	6.992525e+01	
2  346.051	3.099158e+00	9.906321e-02	-9.833407e-01	-5.308601e-01	7.322945e-01	6.970028e+01	
1  344.884	3.084677e+00	1.007382e-01	-9.400174e-01	-5.075010e-01	7.219448e-01	6.879195e+01	
1  345.38	3.099376e+00	1.004485e-01	-9.634656e-01	-5.302566e-01	7.246465e-01	6.909111e+01	
2  345.12	3.125981e+00	9.959264e-02	-9.381266e-01	-5.208289e-01	7.246302e-01	6.893388e+01	
4  344.708	3.113000e+00	9.596415e-02	-8.523230e-01	-5.179997e-01	7.215950e-01	6.756539e+01	
3  344.139	3.119856e+00	9.636118e-02	-8.837079e-01	-5.521853e-01	7.253549e-01	6.815078e+01	
1  345.072	3.131261e+00	9.778745e-02	-8.975084e-01	-5.782168e-01	7.284861e-01	6.895523e+01	
1  344.328	3.140098e+00	9.636364e-02	-8.818555e-01	-5.848897e-01	7.252508e-01	6.819257e+01	
2  346.477	3.167283e+00	9.585455e-02	-8.521500e-01	-5.924920e-01	7.183577e-01	6.729035e+01	
2  345.855	3.167827e+00	9.557360e-02	-8.861097e-01	-5.467454e-01	7.218027e-01	6.763253e+01	
2  345.183	3.167537e+00	9.667960e-02	-8.280772e-01	-5.364101e-01	7.196768e-01	6.766699e+01	
2  345.619	3.178316e+00	9.800467e-02	-8.484390e-01	-5.478495e-01	7.231913e-01	6.847423e+01	
5  345.084	3.176987e+00	9.566767e-02	-8.399145e-01	-5.853595e-01	7.277399e-01	6.841584e+01	
3  345.41	3.176593e+00	9.740328e-02	-8.340190e-01	-6.160435e-01	7.180774e-01	6.768844e+01	
1  345.509	3.178902e+00	9.571697e-02	-8.029837e-01	-6.065913e-01	7.243479e-01	6.801187e+01	
6  344.677	3.168733e+00	9.626763e-02	-8.429207e-01	-5.967849e-01	7.235731e-01	6.803594e+01	
6  345.263	3.174797e+00	9.590204e-02	-9.551666e-01	-5.528245e-01	7.343498e-01	6.931948e+01	
1  346.3	3.195862e+00	9.454559e-02	-9.957162e-01	-5.623325e-01	7.356666e-01	6.917935e+01	
1  346.425	3.224555e+00	9.334250e-02	-9.676383e-01	-5.247376e-01	7.324233e-01	6.850937e+01	
2  344.711	3.204883e+00	9.556590e-02	-9.081762e-01	-5.470530e-01	7.286954e-01	6.858384e+01	
2  345.586	3.198012e+00	9.727302e-02	-9.431494e-01	-5.575792e-01	7.291494e-01	6.908053e+01	
2  345.792	3.225426e+00	9.530623e-02	-9.589844e-01	-5.306768e-01	7.354169e-01	6.943477e+01	
1  346.302	3.209379e+00	9.519947e-02	-9.602551e-01	-5.365385e-01	7.381470e-01	6.972265e+01	
3  345.111	3.219248e+00	9.485609e-02	-9.097128e-01	-5.166543e-01	7.269851e-01	6.821687e+01	
1  348.912	3.215063e+00	9.229223e-02	-9.219469e-01	-4.931231e-01	7.257688e-01	6.736379e+01	
2  345.259	3.226709e+00	9.326237e-02	-9.121770e-01	-5.491921e-01	7.296630e-01	6.814282e+01	
3  346.126	3.245974e+00	9.403324e-02	-8.474170e-01	-4.861272e-01	7.212596e-01	6.736483e+01	
2  344.579	3.212812e+00	9.298112e-02	-8.296451e-01	-5.292869e-01	7.291439e-01	6.796344e+01	
1  345.591	3.206533e+00	9.186115e-02	-7.945367e-01	-5.044774e-01	7.303298e-01	6.778998e+01	
1  344.515	3.224932e+00	9.143916e-02	-8.206980e-01	-5.309555e-01	7.301120e-01	6.769753e+01	
2  345.631	3.207511e+00	8.829167e-02	-7.669031e-01	-5.540123e-01	7.328599e-01	6.712493e+01	
1  345.364	3.200047e+00	8.673767e-02	-7.662777e-01	-5.891050e-01	7.374074e-01	6.724405e+01	
3  345.222	3.229105e+00	8.917326e-02	-7.819962e-01	-5.964761e-01	7.359423e-01	6.782268e+01	
5  345.301	3.209702e+00	9.035766e-02	-7.820681e-01	-6.141069e-01	7.282441e-01	6.712714e+01	
3  346.437	3.206120e+00	9.016516e-02	-7.487230e-01	-6.534138e-01	7.332755e-01	6.769413e+01	
3  346.173	3.178433e+00	8.787864e-02	-7.576774e-01	-6.824745e-01	7.400203e-01	6.784380e+01	
5  345.314	3.201193e+00	8.884575e-02	-7.577103e-01	-6.604312e-01	7.326726e-01	6.723809e+01	
1  349.056	3.189463e+00	8.820762e-02	-7.859357e-01	-6.965430e-01	7.468197e-01	6.887484e+01	
3  348.462	3.205915e+00	9.029243e-02	-8.075847e-01	-7.483812e-01	7.443154e-01	6.917553e+01	
1  346.244	3.179504e+00	9.074972e-02	-8.272125e-01	-7.825035e-01	7.429604e-01	6.904740e+01	
4  344.241	3.166625e+00	8.992901e-02	-8.524375e-01	-7.598378e-01	7.429776e-01	6.878169e+01	
10  343.451	3.187857e+00	8.878896e-02	-8.563548e-01	-6.973663e-01	7.406169e-01	6.820629e+01	
1  345.371	3.199833e+00	8.983560e-02	-7.797551e-01	-7.000276e-01	7.372567e-01	6.809549e+01	
1  346.284	3.187946e+00	8.999208e-02	-7.975240e-01	-6.912354e-01	7.407344e-01	6.856125e+01	
2  344.892	3.182679e+00	9.171967e-02	-7.879823e-01	-7.188911e-01	7.330461e-01	6.802945e+01	
1  344.803	3.193750e+00	9.093340e-02	-7.824243e-01	-7.209183e-01	7.336683e-01	6.792241e+01	
1  345.458	3.183150e+00	9.110786e-02	-7.596044e-01	-6.820860e-01	7.272343e-01	6.713525e+01	
1  344.526	3.168941e+00	9.124155e-02	-7.967465e-01	-6.392736e-01	7.317419e-01	6.769463e+01	
4  344.688	3.151211e+00	9.177070e-02	-7.976348e-01	-6.178497e-01	7.286631e-01	6.740574e+01	
1  344.67	3.142255e+00	9.044805e-02	-8.264510e-01	-5.752461e-01	7.306122e-01	6.726056e+01	
1  344.698	3.150802e+00	8.891579e-02	-8.248156e-01	-6.587174e-01	7.428967e-01	6.843879e+01	
2  344.019	3.153909e+00	8.888359e-02	-8.134455e-01	-6.205001e-01	7.366859e-01	6.762653e+01	
2  344.416	3.185286e+00	8.613962e-02	-7.892519e-01	-6.341292e-01	7.407653e-01	6.746532e+01	
3  344.856	3.183759e+00	8.667354e-02	-7.679616e-01	-6.750357e-01	7.386452e-01	6.733864e+01	
4  344.553	3.171514e+00	8.230418e-02	-7.925748e-01	-6.701984e-01	7.481126e-01	6.728001e+01	
12  344.089	3.180591e+00	8.158448e-02	-8.335311e-01	-7.195810e-01	7.513078e-01	6.752382e+01	
5  345.382	3.179140e+00	8.124910e-02	-8.426577e-01	-6.544286e-01	7.608225e-01	6.874750e+01	
5  348.864	3.192910e+00	8.160301e-02	-8.051316e-01	-6.599433e-01	7.420758e-01	6.634578e+01	
1  345.52	3.218046e+00	8.095251e-02	-8.019479e-01	-6.163329e-01	7.472042e-01	6.689746e+01	
3  345.244	3.216310e+00	8.159699e-02	-7.825995e-01	-5.602615e-01	7.506651e-01	6.754659e+01	
1  345.353	3.212263e+00	8.158487e-02	-7.807699e-01	-5.453791e-01	7.472890e-01	6.707836e+01	
4  345.234	3.213253e+00	8.068412e-02	-8.027731e-01	-5.319245e-01	7.487001e-01	6.700242e+01	
1  346.263	3.220954e+00	8.200127e-02	-7.546390e-01	-5.429281e-01	7.462234e-01	6.708537e+01	
2  346.896	3.222301e+00	7.984502e-02	-7.420233e-01	-5.981967e-01	7.521871e-01	6.724794e+01	
1  348.178	3.185128e+00	7.889903e-02	-7.688208e-01	-6.063561e-01	7.478826e-01	6.627825e+01	
1  347.207	3.180648e+00	8.069701e-02	-7.385370e-01	-5.917506e-01	7.477086e-01	6.677774e+01	
1  346.336	3.198326e+00	8.234925e-02	-7.459988e-01	-6.370379e-01	7.479613e-01	6.735212e+01	
3  344.936	3.199396e+00	8.156917e-02	-7.638645e-01	-7.195341e-01	7.501287e-01	6.741562e+01	
1  343.566	3.217907e+00	8.033142e-02	-8.492653e-01	-7.132215e-01	7.560490e-01	6.791179e+01	
1  343.78	3.228499e+00	7.932939e-02	-8.926026e-01	-7.369908e-01	7.612949e-01	6.838001e+01	
1  343.78	3.233726e+00	8.007037e-02	-8.896352e-01	-7.357277e-01	7.590615e-01	6.830379e+01	
2  343.801	3.227147e+00	7.785855e-02	-8.719524e-01	-7.571693e-01	7.658133e-01	6.857594e+01	
2  343.491	3.229271e+00	8.039786e-02	-8.395052e-01	-8.122080e-01	7.576348e-01	6.818811e+01	
8  343.825	3.228452e+00	8.275229e-02	-8.411414e-01	-8.074695e-01	7.501517e-01	6.785474e+01	
1  343.536	3.232343e+00	8.220950e-02	-8.529059e-01	-8.450920e-01	7.547411e-01	6.833651e+01	
2  345.554	3.265568e+00	8.072052e-02	-7.802204e-01	-8.096055e-01	7.580882e-01	6.845929e+01	
7  345.09	3.258869e+00	7.996616e-02	-7.347124e-01	-8.471236e-01	7.531660e-01	6.752734e+01	
6  344.993	3.256827e+00	7.957714e-02	-7.648005e-01	-8.522820e-01	7.581912e-01	6.810120e+01	
2  345.676	3.250199e+00	7.740758e-02	-7.471182e-01	-8.223732e-01	7.607526e-01	6.777884e+01	
5  344.285	3.272306e+00	7.741275e-02	-8.137238e-01	-7.829212e-01	7.644850e-01	6.838408e+01	
1  344.021	3.307770e+00	7.764772e-02	-8.274325e-01	-7.953722e-01	7.645406e-01	6.857497e+01	
3  344.419	3.323941e+00	7.686643e-02	-8.641365e-01	-7.888261e-01	7.618996e-01	6.800254e+01	
5  343.889	3.315102e+00	7.772976e-02	-8.284385e-01	-8.507730e-01	7.597196e-01	6.793114e+01	
4  343.85	3.311250e+00	7.992414e-02	-8.417896e-01	-9.236044e-01	7.595385e-01	6.856253e+01	
4  343.868	3.295122e+00	8.109591e-02	-8.375471e-01	-8.610249e-01	7.583380e-01	6.869704e+01	
1  344.243	3.296393e+00	8.019426e-02	-8.779524e-01	-8.506438e-01	7.582759e-01	6.842000e+01	
1  343.75	3.285233e+00	7.946267e-02	-8.227920e-01	-8.811647e-01	7.569107e-01	6.797292e+01	
2  344.477	3.264750e+00	8.117847e-02	-8.272824e-01	-9.582267e-01	7.600123e-01	6.886938e+01	
12  343.896	3.261416e+00	8.095819e-02	-8.212484e-01	-9.700959e-01	7.582571e-01	6.854243e+01	
2  345.32	3.271771e+00	8.027461e-02	-8.678694e-01	-1.000715e+00	7.575013e-01	6.826055e+01	
6  344.301	3.261391e+00	7.886381e-02	-8.428431e-01	-1.018579e+00	7.615327e-01	6.837221e+01	
5  344.259	3.253902e+00	7.778826e-02	-8.412814e-01	-1.006567e+00	7.655227e-01	6.859477e+01	
2  344.701	3.226052e+00	7.623390e-02	-8.581980e-01	-1.005200e+00	7.696707e-01	6.863238e+01	
1  344.08	3.209584e+00	7.835374e-02	-8.217716e-01	-9.995136e-01	7.624676e-01	6.818999e+01	
9  344.566	3.206993e+00	7.922765e-02	-7.493277e-01	-1.004640e+00	7.572265e-01	6.770836e+01	
2  344.611	3.231624e+00	8.051205e-02	-7.578807e-01	-1.028985e+00	7.508695e-01	6.729698e+01	
6  344.269	3.244806e+00	8.001904e-02	-7.998664e-01	-1.003453e+00	7.546466e-01	6.770438e+01	
1  343.778	3.242199e+00	8.093586e-02	-8.045840e-01	-1.007761e+00	7.563637e-01	6.821106e+01	
5  343.795	3.245112e+00	8.137348e-02	-7.892350e-01	-9.932190e-01	7.548740e-01	6.814333e+01	
1  344.188	3.245373e+00	8.167071e-02	-8.055557e-01	-9.730944e-01	7.511594e-01	6.772183e+01	
4  345.354	3.248544e+00	7.938232e-02	-8.634679e-01	-9.820267e-01	7.585543e-01	6.806796e+01	
1  345.601	3.251740e+00	8.184932e-02	-8.759545e-01	-1.003231e+00	7.546250e-01	6.827075e+01	
1  345.576	3.261961e+00	8.521300e-02	-8.543775e-01	-9.738831e-01	7.551395e-01	6.937026e+01	
5  345.446	3.282000e+00	8.501476e-02	-8.958419e-01	-9.533464e-01	7.508565e-01	6.877205e+01	
1  346.325	3.284315e+00	8.644691e-02	-8.947202e-01	-9.619588e-01	7.542217e-01	6.966752e+01	
4  347.571	3.271721e+00	8.651060e-02	-8.497131e-01	-9.604287e-01	7.548611e-01	6.974012e+01	
1  345.28	3.257269e+00	8.439811e-02	-8.347376e-01	-1.023006e+00	7.556619e-01	6.918996e+01	
4  343.938	3.254025e+00	8.592659e-02	-7.999113e-01	-1.007919e+00	7.447096e-01	6.812102e+01	
10  343.899	3.237312e+00	8.801304e-02	-8.264793e-01	-9.068496e-01	7.421700e-01	6.833160e+01	
4  343.738	3.237152e+00	8.610847e-02	-8.047862e-01	-9.031179e-01	7.454120e-01	6.821872e+01	
5  347.125	3.219261e+00	8.747636e-02	-8.047910e-01	-9.112751e-01	7.500358e-01	6.919136e+01	
11  344.101	3.235947e+00	8.722745e-02	-8.410392e-01	-9.178369e-01	7.429752e-01	6.821099e+01	
1  344.69	3.258360e+00	8.837542e-02	-8.235979e-01	-8.410829e-01	7.363067e-01	6.772821e+01	
2  344.589	3.265596e+00	8.921322e-02	-8.058339e-01	-8.083458e-01	7.336934e-01	6.764815e+01	
1  344.744	3.281070e+00	8.929534e-02	-8.132815e-01	-8.173247e-01	7.406237e-01	6.861254e+01	
2  344.912	3.280035e+00	9.007080e-02	-8.555880e-01	-8.272807e-01	7.415870e-01	6.895532e+01	
2  343.814	3.244416e+00	8.823948e-02	-8.282569e-01	-8.130545e-01	7.400314e-01	6.813398e+01	
2  343.806	3.251964e+00	8.705146e-02	-8.468768e-01	-8.199594e-01	7.433822e-01	6.826055e+01	
1  344.255	3.257488e+00	8.742066e-02	-8.416718e-01	-8.396946e-01	7.406433e-01	6.801956e+01	
1  345.072	3.258421e+00	9.112947e-02	-8.296256e-01	-8.433181e-01	7.388306e-01	6.882524e+01	
1  345.13	3.252154e+00	9.213310e-02	-8.030569e-01	-8.577409e-01	7.346747e-01	6.854328e+01	
1  345.175	3.248422e+00	9.092414e-02	-8.582435e-01	-9.352968e-01	7.362413e-01	6.840201e+01	
1  344.183	3.254367e+00	8.902743e-02	-8.038249e-01	-9.486039e-01	7.389057e-01	6.823645e+01	
1  344.387	3.264759e+00	8.938991e-02	-7.956171e-01	-9.140726e-01	7.352454e-01	6.789298e+01	
7  344.438	3.262001e+00	8.937425e-02	-7.764157e-01	-9.116734e-01	7.341171e-01	6.773677e+01	
3  344.534	3.251618e+00	9.094695e-02	-7.950855e-01	-8.860105e-01	7.349863e-01	6.825500e+01	
1  344.681	3.246395e+00	9.114988e-02	-8.177808e-01	-8.592550e-01	7.318158e-01	6.789174e+01	
2  345.396	3.257335e+00	9.300635e-02	-7.870998e-01	-8.896418e-01	7.317648e-01	6.842295e+01	
1  344.896	3.227725e+00	9.311685e-02	-7.850661e-01	-8.667644e-01	7.266008e-01	6.772359e+01	
1  345.158	3.230804e+00	9.252391e-02	-8.371314e-01	-8.798527e-01	7.299939e-01	6.799485e+01	
1  344.713	3.229837e+00	9.081424e-02	-8.152380e-01	-8.404190e-01	7.384204e-01	6.860398e+01	
4  344.462	3.248692e+00	9.040503e-02	-7.795096e-01	-8.371148e-01	7.326021e-01	6.779267e+01	
5  344.868	3.238948e+00	9.089398e-02	-7.703254e-01	-8.405715e-01	7.337002e-01	6.804042e+01	
6  344.497	3.241047e+00	9.161485e-02	-8.116854e-01	-8.156173e-01	7.309873e-01	6.789984e+01	
4  344.307	3.228780e+00	9.133057e-02	-8.385524e-01	-8.280340e-01	7.341703e-01	6.819299e+01	
6  344.694	3.229405e+00	9.049952e-02	-8.329513e-01	-8.142962e-01	7.403265e-01	6.876604e+01	
4  344.424	3.244917e+00	9.097621e-02	-8.448971e-01	-8.289581e-01	7.350793e-01	6.825654e+01	
6  344.343	3.213445e+00	9.212190e-02	-8.565367e-01	-8.211878e-01	7.348752e-01	6.845956e+01	
1  343.914	3.197114e+00	9.065384e-02	-8.442175e-01	-7.755750e-01	7.384831e-01	6.847619e+01	
2  344.994	3.227399e+00	8.997578e-02	-8.893047e-01	-7.676631e-01	7.452222e-01	6.926969e+01	
5  344.249	3.221053e+00	9.014805e-02	-8.952323e-01	-7.577137e-01	7.409687e-01	6.872917e+01	
1  344.656	3.219604e+00	8.938856e-02	-9.066181e-01	-7.501858e-01	7.406992e-01	6.847584e+01	
2  345.073	3.214558e+00	9.011606e-02	-9.356102e-01	-7.418753e-01	7.459836e-01	6.937679e+01	
3  344.709	3.210431e+00	8.959750e-02	-9.421577e-01	-7.027924e-01	7.459067e-01	6.920730e+01	
1  345.106	3.243829e+00	8.782064e-02	-9.423635e-01	-7.143099e-01	7.462314e-01	6.883982e+01	
1  346.9	3.255252e+00	8.890106e-02	-9.498450e-01	-7.551345e-01	7.421601e-01	6.863254e+01	
1  346.497	3.236438e+00	8.904304e-02	-9.137831e-01	-6.467213e-01	7.363809e-01	6.786317e+01	
2  345.166	3.232894e+00	9.128565e-02	-9.209998e-01	-6.499181e-01	7.433365e-01	6.939893e+01	
2  344.136	3.220158e+00	9.155820e-02	-8.898256e-01	-6.627204e-01	7.361039e-01	6.848151e+01	
3  343.605	3.217511e+00	8.808295e-02	-8.685811e-01	-6.928095e-01	7.444759e-01	6.860270e+01	
11  344.019	3.235554e+00	8.710555e-02	-8.989952e-01	-7.408647e-01	7.488811e-01	6.897211e+01	
2  344.685	3.259367e+00	8.875816e-02	-9.004805e-01	-7.313474e-01	7.411217e-01	6.846606e+01	
10  344.491	3.266020e+00	9.026284e-02	-8.717531e-01	-7.154306e-01	7.408856e-01	6.887647e+01	
6  344.376	3.261327e+00	8.919577e-02	-8.941572e-01	-7.127069e-01	7.440570e-01	6.898714e+01	
1  345.134	3.292867e+00	8.927093e-02	-8.829419e-01	-6.894800e-01	7.367163e-01	6.812758e+01	
1  345.616	3.282140e+00	9.030330e-02	-8.790845e-01	-7.213610e-01	7.340314e-01	6.803892e+01	
9  344.371	3.274438e+00	8.986122e-02	-8.612876e-01	-7.629272e-01	7.377224e-01	6.837141e+01	
2  344.458	3.285412e+00	9.051972e-02	-8.396142e-01	-7.471936e-01	7.344803e-01	6.816527e+01	
7  343.977	3.276646e+00	8.917811e-02	-8.476841e-01	-7.040895e-01	7.386340e-01	6.830566e+01	
4  344.141	3.263156e+00	8.716958e-02	-8.823841e-01	-6.993975e-01	7.482706e-01	6.898639e+01	
2  343.987	3.279325e+00	8.676256e-02	-8.696577e-01	-7.073072e-01	7.429735e-01	6.820189e+01	
6  344.535	3.288471e+00	8.595278e-02	-8.797481e-01	-7.363075e-01	7.442090e-01	6.816071e+01	
2  344.485	3.274931e+00	8.713837e-02	-9.165261e-01	-7.286311e-01	7.482044e-01	6.900224e+01	
8  344.887	3.274847e+00	8.795430e-02	-9.222016e-01	-7.389623e-01	7.482145e-01	6.923780e+01	
3  345.601	3.262262e+00	8.748289e-02	-9.594918e-01	-7.230846e-01	7.490983e-01	6.918782e+01	
1  345.912	3.256778e+00	8.824423e-02	-9.562423e-01	-7.785609e-01	7.492728e-01	6.941517e+01	
5  345.846	3.253939e+00	8.740127e-02	-9.583507e-01	-7.777481e-01	7.519034e-01	6.953010e+01	
2  345.295	3.251427e+00	8.855587e-02	-9.311042e-01	-8.003149e-01	7.474755e-01	6.924154e+01	
2  344.37	3.258150e+00	8.828701e-02	-8.866446e-01	-7.798320e-01	7.460435e-01	6.898853e+01	
1  345.088	3.260423e+00	8.767399e-02	-8.291653e-01	-7.358082e-01	7.463019e-01	6.885490e+01	
1  344.371	3.249756e+00	8.889150e-02	-7.886209e-01	-7.089364e-01	7.365066e-01	6.787423e+01	
1  345.466	3.228747e+00	8.819042e-02	-8.357631e-01	-7.083095e-01	7.465803e-01	6.894988e+01	
2  345.408	3.241706e+00	8.876982e-02	-9.244819e-01	-6.981270e-01	7.497231e-01	6.958529e+01	
1  346.516	3.266569e+00	8.656803e-02	-9.594981e-01	-7.298482e-01	7.477315e-01	6.874926e+01	
1  346.15	3.262452e+00	8.667955e-02	-8.941493e-01	-7.367981e-01	7.410142e-01	6.787184e+01	
3  343.869	3.282780e+00	8.813447e-02	-8.397934e-01	-7.280475e-01	7.405271e-01	6.827772e+01	
1  345.633	3.277496e+00	8.997749e-02	-8.802795e-01	-6.766271e-01	7.338131e-01	6.790812e+01	
3  344.1	3.275048e+00	8.861961e-02	-8.485086e-01	-6.939834e-01	7.376875e-01	6.802152e+01	
12  344.185	3.260320e+00	8.890383e-02	-8.742029e-01	-7.641865e-01	7.432147e-01	6.878846e+01	
6  343.94	3.271321e+00	8.845892e-02	-8.182902e-01	-7.678628e-01	7.389349e-01	6.812820e+01	
1  344.942	3.258891e+00	8.768854e-02	-7.976229e-01	-8.231224e-01	7.350118e-01	6.737190e+01	
1  343.871	3.260691e+00	8.732511e-02	-8.047572e-01	-7.841361e-01	7.396064e-01	6.786602e+01	
1  344.26	3.235047e+00	8.438714e-02	-7.690107e-01	-7.835153e-01	7.453632e-01	6.770875e+01	
15  343.974	3.234688e+00	8.434269e-02	-7.815666e-01	-7.993870e-01	7.441763e-01	6.753760e+01	
4  345.557	3.215573e+00	8.196472e-02	-7.713341e-01	-7.540726e-01	7.445481e-01	6.683857e+01	
1  345.1	3.184595e+00	8.170686e-02	-7.666780e-01	-7.647060e-01	7.471338e-01	6.701215e+01	
4  343.859	3.194677e+00	8.309132e-02	-8.146668e-01	-7.461925e-01	7.479088e-01	6.755258e+01	
2  343.487	3.202629e+00	8.350648e-02	-8.576263e-01	-7.071624e-01	7.497499e-01	6.794625e+01	
1  343.496	3.203742e+00	8.510300e-02	-8.664277e-01	-8.018240e-01	7.493593e-01	6.836402e+01	
1  343.605	3.193678e+00	8.533175e-02	-8.780999e-01	-7.514274e-01	7.480122e-01	6.821831e+01	
2  343.647	3.193985e+00	8.422861e-02	-8.944606e-01	-7.825149e-01	7.542143e-01	6.874891e+01	
10  343.693	3.199194e+00	8.248197e-02	-8.884880e-01	-7.961894e-01	7.579307e-01	6.876753e+01	
1  343.833	3.202064e+00	8.298805e-02	-8.972224e-01	-7.971007e-01	7.576696e-01	6.889082e+01	
4  345.412	3.205488e+00	8.121182e-02	-9.072068e-01	-7.712695e-01	7.656265e-01	6.951793e+01	
1  344.284	3.171462e+00	7.978641e-02	-9.246902e-01	-7.736446e-01	7.642755e-01	6.877603e+01	
1  345.354	3.160233e+00	7.838493e-02	-9.199138e-01	-8.143867e-01	7.642402e-01	6.830246e+01	
1  344.209	3.131816e+00	7.912377e-02	-8.943450e-01	-8.015114e-01	7.659042e-01	6.868630e+01	
1  344.174	3.147900e+00	7.821088e-02	-8.478734e-01	-7.595300e-01	7.642615e-01	6.821313e+01	
2  345.576	3.152481e+00	7.945516e-02	-8.050316e-01	-7.782993e-01	7.624209e-01	6.834680e+01	
1  344.299	3.149435e+00	8.155741e-02	-7.903333e-01	-7.903692e-01	7.530874e-01	6.766546e+01	
6  344.619	3.141327e+00	8.158944e-02	-7.848279e-01	-7.499057e-01	7.513746e-01	6.741735e+01	
2  344.104	3.138313e+00	8.216012e-02	-8.056120e-01	-7.636755e-01	7.511485e-01	6.754769e+01	
1  344.132	3.184481e+00	8.313655e-02	-7.914329e-01	-7.445240e-01	7.498543e-01	6.779804e+01	
2  343.426	3.211194e+00	8.384552e-02	-8.313918e-01	-7.438724e-01	7.486393e-01	6.792046e+01	
3  343.434	3.226905e+00	8.346215e-02	-8.257675e-01	-7.138047e-01	7.491343e-01	6.792108e+01	
2  343.419	3.211701e+00	8.385784e-02	-8.294209e-01	-7.344896e-01	7.500275e-01	6.811391e+01	
1  343.922	3.194550e+00	8.124221e-02	-8.192562e-01	-7.539132e-01	7.565969e-01	6.819250e+01	
7  343.519	3.165385e+00	8.350241e-02	-8.680045e-01	-7.271539e-01	7.510585e-01	6.801350e+01	
2  344.079	3.170364e+00	8.486616e-02	-9.102443e-01	-7.123984e-01	7.562766e-01	6.915832e+01	
4  343.701	3.156875e+00	8.666798e-02	-8.808280e-01	-7.193088e-01	7.503837e-01	6.882398e+01	
1  343.565	3.157727e+00	8.734323e-02	-8.589809e-01	-7.581281e-01	7.471943e-01	6.858591e+01	
1  344.014	3.138228e+00	8.879335e-02	-8.547552e-01	-7.353205e-01	7.379260e-01	6.771677e+01	
3  344.944	3.117186e+00	8.890898e-02	-8.583422e-01	-7.583088e-01	7.362730e-01	6.747759e+01	
2  344.571	3.111370e+00	8.923696e-02	-8.679359e-01	-7.913622e-01	7.474274e-01	6.902893e+01	
8  344.028	3.097119e+00	8.865971e-02	-8.909303e-01	-8.065899e-01	7.422425e-01	6.812649e+01	
4  344.051	3.108049e+00	9.005080e-02	-9.120325e-01	-8.156912e-01	7.425333e-01	6.859107e+01	
1  343.72	3.128166e+00	8.926185e-02	-8.913137e-01	-8.095484e-01	7.453321e-01	6.879943e+01	
4  343.777	3.144410e+00	8.736741e-02	-8.834188e-01	-8.030064e-01	7.449135e-01	6.824731e+01	
3  343.778	3.171254e+00	8.857874e-02	-8.971060e-01	-7.736237e-01	7.457766e-01	6.878747e+01	
1  344.238	3.186941e+00	8.972521e-02	-8.890047e-01	-8.009351e-01	7.446573e-01	6.900737e+01	
2  344.85	3.188936e+00	8.871148e-02	-8.564936e-01	-7.185596e-01	7.466373e-01	6.899281e+01	
2  344.953	3.200861e+00	8.822482e-02	-8.740317e-01	-6.933013e-01	7.376536e-01	6.769788e+01	
3  346.111	3.190450e+00	8.778975e-02	-8.631845e-01	-7.305698e-01	7.510950e-01	6.934574e+01	
2  345.343	3.195704e+00	8.400752e-02	-7.933668e-01	-7.394811e-01	7.518712e-01	6.836346e+01	
2  344.587	3.206470e+00	8.637921e-02	-7.749896e-01	-8.006541e-01	7.440553e-01	6.802731e+01	
1  343.768	3.216556e+00	8.455027e-02	-8.051744e-01	-7.472065e-01	7.477987e-01	6.802855e+01	
4  345.011	3.227188e+00	8.483662e-02	-7.798055e-01	-6.970729e-01	7.470590e-01	6.804318e+01	
7  344.935	3.210476e+00	8.354429e-02	-7.716694e-01	-7.452183e-01	7.426036e-01	6.703008e+01	
4  344.872	3.220292e+00	8.258040e-02	-7.733289e-01	-7.633893e-01	7.447220e-01	6.705523e+01	
2  344.558	3.235748e+00	7.872864e-02	-7.775195e-01	-7.325022e-01	7.552393e-01	6.736884e+01	
13  344.291	3.249367e+00	7.872059e-02	-7.896496e-01	-7.039165e-01	7.555007e-01	6.744371e+01	
2  344.733	3.259956e+00	7.982601e-02	-7.931411e-01	-7.549362e-01	7.508450e-01	6.717347e+01	
5  344.896	3.267752e+00	7.804918e-02	-8.038749e-01	-7.312617e-01	7.546690e-01	6.718154e+01	
1  344.21	3.257645e+00	8.179097e-02	-8.021823e-01	-7.019857e-01	7.478720e-01	6.735047e+01	
1  343.523	3.277387e+00	8.110732e-02	-8.622036e-01	-6.657451e-01	7.536374e-01	6.798900e+01	
9  343.58	3.256159e+00	8.008841e-02	-8.350526e-01	-6.950881e-01	7.584083e-01	6.828488e+01	
3  344.583	3.257763e+00	7.812102e-02	-8.213490e-01	-6.798929e-01	7.634144e-01	6.840330e+01	
3  343.766	3.265894e+00	7.719607e-02	-8.406803e-01	-6.658002e-01	7.609764e-01	6.779373e+01	
3  344.223	3.247875e+00	7.759511e-02	-8.227503e-01	-6.622445e-01	7.631442e-01	6.817107e+01	
6  343.751	3.257366e+00	7.755564e-02	-8.428750e-01	-6.162566e-01	7.630393e-01	6.817313e+01	
1  344.502	3.240265e+00	7.792384e-02	-8.187006e-01	-5.977333e-01	7.617348e-01	6.804710e+01	
3  344.786	3.248656e+00	7.900595e-02	-8.044939e-01	-6.613815e-01	7.601829e-01	6.818404e+01	
3  343.572	3.245174e+00	7.877340e-02	-8.330204e-01	-7.061263e-01	7.596680e-01	6.802925e+01	
9  344.142	3.250099e+00	8.116100e-02	-8.186184e-01	-6.922229e-01	7.499957e-01	6.742701e+01	
2  343.53	3.268333e+00	8.034535e-02	-8.605262e-01	-6.417633e-01	7.549242e-01	6.791162e+01	
5  344.309	3.262695e+00	7.742279e-02	-8.372239e-01	-6.564486e-01	7.652146e-01	6.846348e+01	
6  344.252	3.281060e+00	7.732255e-02	-8.825018e-01	-6.226033e-01	7.607531e-01	6.784781e+01	
7  343.57	3.298389e+00	7.727593e-02	-8.473341e-01	-6.373826e-01	7.638822e-01	6.833517e+01	
7  343.928	3.276186e+00	7.736819e-02	-8.296520e-01	-6.176537e-01	7.628274e-01	6.814291e+01	
5  343.731	3.276918e+00	7.604626e-02	-9.250521e-01	-5.666286e-01	7.699915e-01	6.878177e+01	
2  345.505	3.248981e+00	7.250403e-02	-9.757849e-01	-5.480641e-01	7.819343e-01	6.938861e+01	
3  345.445	3.277822e+00	7.325453e-02	-9.962168e-01	-4.902009e-01	7.809386e-01	6.957242e+01	
1  345.358	3.280739e+00	7.234410e-02	-9.625061e-01	-4.672134e-01	7.819266e-01	6.943946e+01	
1  344.86	3.284287e+00	7.150182e-02	-9.521495e-01	-4.509673e-01	7.816433e-01	6.912767e+01	
2  345.714	3.292001e+00	6.978203e-02	-9.470358e-01	-4.056467e-01	7.856784e-01	6.922398e+01	
3  345.541	3.278290e+00	6.834073e-02	-9.433078e-01	-3.746356e-01	7.823468e-01	6.816223e+01	
6  344.922	3.298169e+00	6.919473e-02	-9.548928e-01	-3.577813e-01	7.816232e-01	6.840252e+01	
2  344.656	3.285782e+00	7.156140e-02	-9.585657e-01	-3.275783e-01	7.809719e-01	6.904628e+01	
1  344.713	3.314677e+00	7.176667e-02	-8.675496e-01	-3.763611e-01	7.701267e-01	6.755714e+01	
4  343.483	3.318539e+00	7.453275e-02	-8.966875e-01	-3.656083e-01	7.679746e-01	6.813600e+01	
3  343.665	3.321352e+00	7.273318e-02	-9.381611e-01	-3.356798e-01	7.750050e-01	6.862103e+01	
2  343.386	3.350152e+00	7.320733e-02	-9.241089e-01	-2.710599e-01	7.717966e-01	6.838158e+01	
8  344.794	3.344092e+00	7.105389e-02	-8.708037e-01	-2.298440e-01	7.732887e-01	6.789077e+01	
4  345.086	3.356003e+00	7.144756e-02	-8.689414e-01	-2.708700e-01	7.748050e-01	6.828589e+01	
2  345.666	3.363135e+00	7.106514e-02	-8.675371e-01	-2.541162e-01	7.678095e-01	6.714967e+01	
1  345.38	3.373140e+00	6.903793e-02	-8.594793e-01	-2.833301e-01	7.734777e-01	6.735600e+01	
2  345.415	3.384121e+00	6.951391e-02	-9.041778e-01	-2.777089e-01	7.821492e-01	6.887894e+01	
2  344.779	3.397824e+00	6.806921e-02	-8.545107e-01	-3.633684e-01	7.777145e-01	6.775565e+01	
1  346.976	3.408726e+00	6.993160e-02	-8.703686e-01	-3.180549e-01	7.812094e-01	6.895118e+01	
8  345.499	3.440720e+00	7.095327e-02	-8.076691e-01	-2.855081e-01	7.665772e-01	6.718421e+01	
2  346.005	3.421706e+00	7.133973e-02	-8.143814e-01	-3.027686e-01	7.640803e-01	6.688997e+01	
6  345.888	3.435229e+00	7.064813e-02	-7.991041e-01	-3.507318e-01	7.711762e-01	6.773995e+01	
2  346.961	3.457762e+00	6.894519e-02	-8.028782e-01	-3.570295e-01	7.670208e-01	6.665910e+01	
1  345.622	3.463061e+00	6.786787e-02	-8.051849e-01	-3.531254e-01	7.728695e-01	6.717706e+01	
3  345.6	3.463728e+00	6.655615e-02	-8.124730e-01	-4.001991e-01	7.801089e-01	6.783789e+01	
3  347.614	3.465763e+00	6.560664e-02	-7.716728e-01	-3.681820e-01	7.750183e-01	6.675741e+01	
2  346.85	3.460062e+00	6.578597e-02	-7.754010e-01	-4.113284e-01	7.772101e-01	6.712589e+01	
1  348.868	3.445303e+00	6.740179e-02	-8.362374e-01	-4.798753e-01	7.706109e-01	6.663531e+01	
2  344.788	3.435143e+00	6.699257e-02	-8.899665e-01	-5.028954e-01	7.861428e-01	6.883941e+01	
2  344.669	3.428321e+00	6.603822e-02	-9.046663e-01	-5.221827e-01	7.872320e-01	6.866630e+01	
2  346.565	3.418474e+00	6.401954e-02	-8.481301e-01	-5.235751e-01	7.909322e-01	6.853645e+01	
1  345.1	3.424028e+00	6.453324e-02	-8.716638e-01	-5.077507e-01	7.880581e-01	6.826717e+01	
4  345.051	3.438104e+00	6.525077e-02	-8.678349e-01	-5.290269e-01	7.835685e-01	6.784826e+01	
7  346.187	3.429576e+00	6.586760e-02	-8.153587e-01	-5.607167e-01	7.777623e-01	6.713447e+01	
4  347.728	3.418717e+00	6.555505e-02	-7.694026e-01	-5.824939e-01	7.754892e-01	6.665319e+01	
2  348.252	3.404002e+00	6.370702e-02	-7.591020e-01	-5.795165e-01	7.809541e-01	6.680120e+01	
2  347.075	3.426715e+00	6.332291e-02	-7.760630e-01	-5.915703e-01	7.839309e-01	6.720575e+01	
4  346.737	3.430873e+00	6.550415e-02	-8.195171e-01	-6.262898e-01	7.782908e-01	6.709673e+01	
1  347.619	3.419011e+00	6.392800e-02	-8.071411e-01	-5.801138e-01	7.807859e-01	6.690219e+01	
3  347.868	3.401617e+00	6.553717e-02	-7.647416e-01	-5.993464e-01	7.759572e-01	6.665955e+01	
1  347.432	3.416719e+00	6.427984e-02	-7.608021e-01	-6.616174e-01	7.850971e-01	6.768308e+01	
2  347.167	3.408045e+00	6.513868e-02	-7.887386e-01	-6.213532e-01	7.859924e-01	6.808996e+01	
2  347.105	3.415824e+00	6.303285e-02	-8.022404e-01	-6.107257e-01	7.899937e-01	6.802946e+01	
9  346.691	3.444199e+00	6.375438e-02	-7.894711e-01	-6.042628e-01	7.817687e-01	6.707941e+01	
3  346.506	3.445170e+00	6.570753e-02	-8.264695e-01	-5.480292e-01	7.870074e-01	6.857459e+01	
1  345.93	3.491439e+00	6.846586e-02	-7.905362e-01	-5.587990e-01	7.785616e-01	6.832700e+01	
3  346.148	3.480885e+00	6.808836e-02	-7.480036e-01	-5.484756e-01	7.732662e-01	6.736645e+01	
1  346.666	3.503264e+00	6.631836e-02	-7.518550e-01	-5.739119e-01	7.792076e-01	6.775198e+01	
4  348.234	3.506891e+00	6.596452e-02	-7.388537e-01	-5.960176e-01	7.703259e-01	6.632489e+01	
3  348.402	3.499405e+00	6.553340e-02	-7.117738e-01	-5.853644e-01	7.718114e-01	6.637360e+01	
19  348.21	3.511278e+00	6.584801e-02	-7.123768e-01	-6.138715e-01	7.782150e-01	6.746993e+01	
1  348.404	3.535518e+00	6.346227e-02	-7.905565e-01	-5.668057e-01	7.770018e-01	6.656810e+01	
7  347.921	3.543333e+00	6.225183e-02	-8.477447e-01	-6.269532e-01	7.837732e-01	6.721397e+01	
1  345.348	3.543523e+00	6.175774e-02	-8.158077e-01	-6.323863e-01	7.914536e-01	6.826783e+01	
1  346.361	3.550201e+00	6.151748e-02	-8.602910e-01	-6.123859e-01	7.966331e-01	6.906999e+01	
1  349.553	3.533161e+00	5.964604e-02	-8.720835e-01	-6.587906e-01	7.906628e-01	6.735774e+01	
1  346.792	3.536300e+00	6.017659e-02	-8.346557e-01	-7.048530e-01	7.906080e-01	6.754787e+01	
4  346.578	3.538618e+00	6.193570e-02	-8.487364e-01	-7.630325e-01	7.963965e-01	6.913733e+01	
2  344.843	3.543547e+00	6.293883e-02	-8.364660e-01	-7.623177e-01	7.901411e-01	6.846634e+01	
8  345.393	3.522540e+00	6.171000e-02	-8.286181e-01	-7.601651e-01	7.928232e-01	6.840229e+01	
7  346.19	3.522615e+00	5.961496e-02	-8.539472e-01	-7.249836e-01	7.958187e-01	6.815384e+01	
1  346.57	3.522941e+00	5.834660e-02	-8.197782e-01	-7.685244e-01	7.984612e-01	6.814013e+01	
3  346.683	3.547620e+00	5.804293e-02	-8.118493e-01	-8.013511e-01	7.999935e-01	6.837985e+01	
1  347.689	3.523715e+00	5.755508e-02	-8.095788e-01	-7.938082e-01	8.022652e-01	6.850373e+01	
2  347.45	3.539987e+00	5.652544e-02	-8.164199e-01	-8.501943e-01	8.008057e-01	6.793273e+01	
1  348.097	3.537315e+00	5.823370e-02	-7.959461e-01	-7.891000e-01	7.925585e-01	6.717474e+01	
4  349.158	3.530051e+00	5.855359e-02	-7.705637e-01	-7.900232e-01	7.894086e-01	6.675846e+01	
1  347.503	3.549307e+00	5.793904e-02	-8.052186e-01	-8.040056e-01	8.015702e-01	6.861904e+01	
1  346.402	3.555963e+00	5.879777e-02	-7.771868e-01	-8.246293e-01	7.962150e-01	6.804588e+01	
1  346.568	3.545374e+00	5.874097e-02	-7.777569e-01	-8.516582e-01	7.967831e-01	6.808216e+01	
4  346.346	3.524753e+00	6.194756e-02	-7.472632e-01	-7.847863e-01	7.883897e-01	6.777254e+01	
24  344.913	3.533693e+00	6.324899e-02	-8.011835e-01	-7.991088e-01	7.882189e-01	6.822818e+01	
7  346.233	3.535914e+00	6.143746e-02	-8.572865e-01	-7.434074e-01	7.968689e-01	6.903064e+01	
2  346.369	3.517291e+00	6.213819e-02	-8.518760e-01	-7.397795e-01	7.882859e-01	6.779635e+01	
2  346.456	3.493404e+00	5.973115e-02	-8.614150e-01	-7.267558e-01	7.967147e-01	6.824049e+01	
1  346.891	3.481958e+00	5.954203e-02	-8.372577e-01	-8.131495e-01	7.959670e-01	6.800603e+01	
7  347.144	3.503446e+00	6.061988e-02	-9.077475e-01	-7.900851e-01	7.997770e-01	6.911866e+01	
3  347.551	3.475818e+00	6.337625e-02	-9.414076e-01	-7.713255e-01	7.936766e-01	6.896623e+01	
4  346.768	3.474730e+00	6.413855e-02	-9.190424e-01	-8.142840e-01	7.940793e-01	6.929741e+01	
1  347.56	3.478407e+00	6.512938e-02	-9.348805e-01	-8.098281e-01	7.891118e-01	6.883128e+01	
1  347.305	3.454282e+00	6.408402e-02	-9.321035e-01	-7.841930e-01	7.960577e-01	6.954148e+01	
6  345.497	3.455204e+00	6.413582e-02	-8.653797e-01	-7.479098e-01	7.912084e-01	6.875042e+01	
1  345.968	3.444295e+00	6.568654e-02	-9.113944e-01	-7.104399e-01	7.865057e-01	6.848380e+01	
3  345.049	3.459053e+00	6.693223e-02	-9.195709e-01	-6.357529e-01	7.875461e-01	6.912727e+01	
1  346.048	3.452480e+00	6.601897e-02	-8.822500e-01	-6.650948e-01	7.903663e-01	6.925434e+01	
1  345.739	3.445434e+00	6.733900e-02	-8.989572e-01	-6.697412e-01	7.806859e-01	6.812812e+01	
2  345.955	3.445174e+00	6.747657e-02	-8.984763e-01	-6.898778e-01	7.802790e-01	6.811012e+01	
1  345.382	3.446495e+00	6.695782e-02	-8.971546e-01	-6.644684e-01	7.882285e-01	6.920445e+01	
1  345.274	3.452215e+00	6.536673e-02	-8.614879e-01	-6.989580e-01	7.838967e-01	6.798731e+01	
6  345.341	3.426595e+00	6.611392e-02	-8.695063e-01	-6.723963e-01	7.826494e-01	6.795836e+01	
3  344.555	3.409160e+00	6.779727e-02	-8.518416e-01	-6.770729e-01	7.797637e-01	6.801723e+01	
1  346.931	3.434876e+00	6.701085e-02	-8.798878e-01	-6.988845e-01	7.899956e-01	6.947335e+01	
2  345.753	3.442022e+00	6.576041e-02	-9.231244e-01	-6.950864e-01	7.905154e-01	6.915377e+01	
2  346.164	3.442323e+00	6.571663e-02	-9.217301e-01	-6.568989e-01	7.922582e-01	6.942910e+01	
1  350.651	3.433055e+00	6.742502e-02	-9.382282e-01	-6.624708e-01	7.950489e-01	7.046183e+01	
18  345.121	3.416586e+00	6.775422e-02	-9.423004e-01	-5.725245e-01	7.869756e-01	6.916959e+01	
1  344.671	3.410548e+00	6.952292e-02	-9.356343e-01	-5.872316e-01	7.813727e-01	6.884734e+01	
1  348.26	3.431577e+00	6.959551e-02	-9.616337e-01	-5.380385e-01	7.896036e-01	7.027683e+01	
1  347.348	3.425254e+00	7.103193e-02	-9.786194e-01	-5.137622e-01	7.865303e-01	7.022860e+01	
1  345.697	3.401534e+00	7.115548e-02	-9.936320e-01	-5.225904e-01	7.831755e-01	6.964556e+01	
3  345.58	3.409977e+00	7.068610e-02	-9.892492e-01	-4.794121e-01	7.844476e-01	6.972281e+01	
1  345.971	3.384146e+00	6.919285e-02	-9.960931e-01	-4.209130e-01	7.883447e-01	6.977123e+01	
2  345.257	3.385170e+00	7.167049e-02	-9.890642e-01	-3.552195e-01	7.829889e-01	6.973181e+01	
2  345.779	3.384467e+00	7.371022e-02	-9.508883e-01	-4.074647e-01	7.790032e-01	6.976250e+01	
2  344.462	3.376132e+00	7.157342e-02	-9.609408e-01	-4.461178e-01	7.765758e-01	6.866268e+01	
7  344.573	3.345325e+00	7.192074e-02	-9.405222e-01	-4.302091e-01	7.800491e-01	6.921558e+01	
9  343.786	3.352135e+00	7.193249e-02	-9.038643e-01	-4.061720e-01	7.756160e-01	6.855439e+01	
5  344.173	3.367455e+00	7.014208e-02	-9.451527e-01	-3.532482e-01	7.815633e-01	6.893990e+01	
2  346.209	3.352187e+00	7.090049e-02	-9.792124e-01	-3.395387e-01	7.749869e-01	6.812286e+01	
4  343.951	3.356154e+00	7.103283e-02	-9.670064e-01	-3.096423e-01	7.784837e-01	6.871497e+01	
8  344.333	3.351201e+00	7.076890e-02	-9.685625e-01	-3.207510e-01	7.778225e-01	6.850975e+01	
6  344.8	3.374721e+00	6.748957e-02	-9.686217e-01	-3.458594e-01	7.871228e-01	6.896117e+01	
1  344.761	3.410066e+00	6.827941e-02	-9.937762e-01	-3.070953e-01	7.845087e-01	6.892754e+01	
1  344.975	3.418758e+00	6.974889e-02	-1.005205e+00	-3.538251e-01	7.844956e-01	6.944739e+01	
4  344.705	3.407637e+00	6.989373e-02	-9.400834e-01	-4.398575e-01	7.834753e-01	6.929478e+01	
13  345.217	3.443415e+00	6.756571e-02	-9.634056e-01	-4.677269e-01	7.840729e-01	6.872998e+01	
4  344.896	3.427318e+00	6.732258e-02	-8.933468e-01	-5.074735e-01	7.798970e-01	6.793988e+01	
2  344.655	3.406134e+00	6.880547e-02	-8.641790e-01	-4.976743e-01	7.753836e-01	6.767323e+01	
3  344.33	3.402053e+00	6.922900e-02	-8.385604e-01	-5.119731e-01	7.751698e-01	6.776676e+01	
1  344.546	3.402401e+00	6.959723e-02	-8.660776e-01	-5.014202e-01	7.738099e-01	6.768424e+01	
1  343.57	3.421649e+00	7.175856e-02	-8.698472e-01	-5.009667e-01	7.739836e-01	6.847497e+01	
3  344.391	3.432007e+00	7.240653e-02	-9.296733e-01	-4.744830e-01	7.711978e-01	6.829772e+01	
4  343.554	3.430149e+00	7.147056e-02	-8.889470e-01	-5.195575e-01	7.755798e-01	6.865221e+01	
2  343.837	3.417258e+00	7.294126e-02	-9.128905e-01	-5.066766e-01	7.706147e-01	6.833449e+01	
1  343.472	3.416217e+00	7.132141e-02	-8.807777e-01	-4.694218e-01	7.740745e-01	6.832975e+01	
7  345.537	3.397028e+00	7.268490e-02	-8.391664e-01	-4.092222e-01	7.729194e-01	6.853319e+01	
1  343.531	3.416642e+00	7.350217e-02	-8.710254e-01	-4.070771e-01	7.701653e-01	6.844421e+01	
3  344.605	3.437531e+00	7.426363e-02	-8.579830e-01	-3.742804e-01	7.697201e-01	6.868546e+01	
3  343.284	3.459816e+00	7.449234e-02	-9.027643e-01	-3.231884e-01	7.648019e-01	6.810462e+01	
2  343.11	3.460041e+00	7.224651e-02	-9.017064e-01	-2.876324e-01	7.712510e-01	6.834415e+01	
2  343.518	3.450180e+00	7.350848e-02	-9.245444e-01	-2.573211e-01	7.670485e-01	6.809258e+01	
1  343.52	3.425494e+00	7.202192e-02	-8.918463e-01	-2.526878e-01	7.696708e-01	6.792738e+01	
7  343.452	3.435594e+00	7.095406e-02	-9.033358e-01	-2.581219e-01	7.750053e-01	6.841458e+01	
2  343.816	3.449990e+00	7.185298e-02	-8.849043e-01	-3.140807e-01	7.683030e-01	6.775080e+01	
