1  7401.6	2.247295e+00	1.257893e-01	1.041795e+00	3.073984e+00	9.557425e-01	8.035099e-02	6.100000e+01	1.300000e-01	6.860000e+00	2.229000e+02	3.800000e+01	3.520000e+01	1.026000e+02	0.000000e+00	6.750000e+00	9.410000e+00	1.928000e+01	8.170000e+01	2.082000e-01	5.227000e-02	1.471000e-01	9.790000e-02	2.464000e-01	6.670000e-01	1.840000e-01	2.054000e-01	3.460000e-01	1.892000e-01	3.750000e-01	1.409000e+00	9.985900e+02	9.958900e+02	1.000280e+02	1.027939e+01	6.525482e-01	2.478835e-01	6.547299e+01	2.162790e+00	8.379443e-01	
2  7372.63	2.242875e+00	1.239430e-01	1.041900e+00	3.070801e+00	9.574608e-01	8.031604e-02	6.100000e+01	1.300000e-01	6.860000e+00	2.229000e+02	3.800000e+01	3.520000e+01	1.026000e+02	0.000000e+00	6.750000e+00	9.410000e+00	1.928000e+01	8.170000e+01	2.082000e-01	5.227000e-02	1.471000e-01	9.790000e-02	2.464000e-01	6.670000e-01	1.840000e-01	2.054000e-01	3.460000e-01	1.892000e-01	3.750000e-01	1.409000e+00	9.985900e+02	9.958900e+02	1.000280e+02	1.024991e+01	6.633056e-01	2.478647e-01	6.608724e+01	2.155917e+00	8.317454e-01	
12  6798.64	2.242069e+00	1.216127e-01	1.041764e+00	3.069087e+00	9.504115e-01	6.024435e-02	6.100000e+01	1.300000e-01	6.860000e+00	2.229000e+02	3.800000e+01	3.520000e+01	1.026000e+02	0.000000e+00	6.750000e+00	9.410000e+00	1.928000e+01	8.170000e+01	2.082000e-01	5.227000e-02	1.471000e-01	9.790000e-02	2.464000e-01	6.670000e-01	1.840000e-01	2.054000e-01	3.460000e-01	1.892000e-01	3.750000e-01	1.409000e+00	9.985900e+02	9.958900e+02	1.000280e+02	8.305283e+00	6.760259e-01	2.478613e-01	6.683435e+01	2.152225e+00	8.213608e-01	
1  6792.7	2.242069e+00	1.216127e-01	1.041764e+00	3.069087e+00	9.504115e-01	6.024435e-02	6.229891e+01	1.140598e-01	7.696772e+00	2.188641e+02	3.770136e+01	3.204165e+01	1.014736e+02	2.136927e+00	7.081215e+00	8.914715e+00	2.094694e+01	8.203598e+01	2.070363e-01	5.213348e-02	1.418691e-01	9.365641e-02	2.560829e-01	6.608337e-01	1.550558e-01	2.163979e-01	3.401471e-01	1.789016e-01	3.649081e-01	1.573928e+00	9.984296e+02	9.957158e+02	9.992259e+01	8.305283e+00	6.760259e-01	2.478613e-01	6.683435e+01	2.152225e+00	8.213608e-01	
5  6786.93	2.242069e+00	1.216127e-01	1.041764e+00	3.069087e+00	9.504115e-01	6.024435e-02	6.030003e+01	3.722424e-02	6.796777e+00	2.016351e+02	3.480932e+01	3.122254e+01	1.120564e+02	2.947108e+00	8.203709e+00	8.426584e+00	2.030603e+01	7.879177e+01	2.010623e-01	5.281889e-02	1.546847e-01	9.560905e-02	2.599790e-01	7.052575e-01	5.030486e-02	2.426926e-01	5.083876e-01	1.680731e-01	3.742355e-01	1.559583e+00	9.981671e+02	9.959735e+02	1.000931e+02	8.305283e+00	6.760259e-01	2.478613e-01	6.683435e+01	2.152225e+00	8.213608e-01	
6  6782.89	2.242069e+00	1.216127e-01	1.041764e+00	3.069087e+00	9.504115e-01	6.024435e-02	5.857076e+01	2.462027e-03	7.166634e+00	2.071745e+02	3.698725e+01	3.062701e+01	1.162287e+02	3.542852e+00	9.415286e+00	8.695193e+00	2.270298e+01	7.835477e+01	1.939837e-01	5.287573e-02	1.545925e-01	9.786615e-02	2.519005e-01	7.642022e-01	4.988011e-02	2.075350e-01	5.967142e-01	1.373384e-01	3.501423e-01	1.577309e+00	9.980072e+02	9.958421e+02	9.997228e+01	8.305283e+00	6.760259e-01	2.478613e-01	6.683435e+01	2.152225e+00	8.213608e-01	
10  6765.68	2.242069e+00	1.216127e-01	1.041764e+00	3.069087e+00	9.504115e-01	6.024435e-02	6.034476e+01	9.107019e-02	8.234964e+00	2.256748e+02	3.757484e+01	3.095172e+01	1.220398e+02	8.838097e-01	8.995894e+00	8.043229e+00	2.289257e+01	8.188913e+01	1.932052e-01	4.976554e-02	1.498242e-01	9.587338e-02	2.670215e-01	7.701009e-01	5.377103e-02	1.901253e-01	5.531027e-01	1.816673e-01	3.951159e-01	1.764960e+00	9.973813e+02	9.948124e+02	1.000228e+02	8.305283e+00	6.760259e-01	2.478613e-01	6.683435e+01	2.152225e+00	8.213608e-01	
2  6744.17	2.242069e+00	1.216127e-01	1.041764e+00	3.069087e+00	9.504115e-01	6.024435e-02	6.120670e+01	1.292802e-01	8.533787e+00	2.232491e+02	3.630335e+01	3.033594e+01	1.179768e+02	9.692220e-01	8.335958e+00	1.031019e+01	2.295899e+01	8.539249e+01	1.861276e-01	5.129371e-02	1.499884e-01	9.458405e-02	2.956861e-01	7.896597e-01	1.542624e-02	2.045412e-01	6.281897e-01	1.903118e-01	3.482026e-01	1.787252e+00	9.975574e+02	9.951209e+02	1.000747e+02	8.305283e+00	6.760259e-01	2.478613e-01	6.683435e+01	2.152225e+00	8.213608e-01	
7  6707.89	2.242069e+00	1.216127e-01	1.041764e+00	3.069087e+00	9.504115e-01	6.024435e-02	6.318370e+01	1.130199e-01	8.668883e+00	2.364601e+02	3.578458e+01	2.895468e+01	1.162107e+02	2.664559e+00	8.160268e+00	8.467015e+00	2.682042e+01	8.872777e+01	1.758040e-01	5.314606e-02	1.464947e-01	9.381321e-02	3.025195e-01	8.057521e-01	6.845711e-02	2.461875e-01	7.679628e-01	1.716273e-01	3.509184e-01	1.865684e+00	9.973911e+02	9.967694e+02	1.003159e+02	8.305283e+00	6.760259e-01	2.478613e-01	6.683435e+01	2.152225e+00	8.213608e-01	
8  6688.8	2.242069e+00	1.216127e-01	1.041764e+00	3.069087e+00	9.504115e-01	6.024435e-02	6.233695e+01	3.055309e-03	9.616622e+00	2.442353e+02	3.481203e+01	2.853855e+01	1.242213e+02	5.041007e+00	8.505855e+00	7.708517e+00	2.329805e+01	8.651068e+01	1.657402e-01	5.296180e-02	1.553763e-01	9.296681e-02	2.884380e-01	8.126865e-01	5.175043e-02	2.430313e-01	6.688751e-01	1.898063e-01	3.750460e-01	1.827593e+00	9.977752e+02	9.976712e+02	1.003919e+02	8.305283e+00	6.760259e-01	2.478613e-01	6.683435e+01	2.152225e+00	8.213608e-01	
2  6660.47	2.242069e+00	1.216127e-01	1.041764e+00	3.069087e+00	9.504115e-01	6.024435e-02	6.090426e+01	8.757954e-02	9.673334e+00	2.511887e+02	3.222732e+01	2.585726e+01	1.190266e+02	7.190233e+00	6.812334e+00	7.246817e+00	2.331576e+01	8.333553e+01	1.589355e-01	5.450472e-02	1.642531e-01	9.309679e-02	2.791173e-01	8.489990e-01	1.039999e-02	2.517983e-01	4.944395e-01	2.054688e-01	3.845539e-01	1.790251e+00	9.977516e+02	9.965910e+02	1.003832e+02	8.305283e+00	6.760259e-01	2.478613e-01	6.683435e+01	2.152225e+00	8.213608e-01	
7  6657.09	2.242069e+00	1.216127e-01	1.041764e+00	3.069087e+00	9.504115e-01	6.024435e-02	6.349015e+01	8.042624e-02	9.010081e+00	2.638135e+02	3.171362e+01	2.346247e+01	1.110891e+02	7.041954e+00	6.463061e+00	7.046469e+00	1.936250e+01	8.186005e+01	1.527516e-01	5.455246e-02	1.693428e-01	9.132782e-02	2.768154e-01	8.855788e-01	3.022677e-02	2.440053e-01	4.793913e-01	1.948123e-01	3.563502e-01	1.858280e+00	9.979264e+02	9.966089e+02	1.001039e+02	8.305283e+00	6.760259e-01	2.478613e-01	6.683435e+01	2.152225e+00	8.213608e-01	
19  6656.99	2.242069e+00	1.216127e-01	1.041764e+00	3.069087e+00	9.504115e-01	6.024435e-02	6.164238e+01	1.446665e-01	7.929738e+00	2.492944e+02	3.254912e+01	2.701093e+01	1.166900e+02	7.734238e+00	5.679284e+00	6.856320e+00	1.978181e+01	8.439195e+01	1.529921e-01	5.363697e-02	1.803436e-01	8.991495e-02	2.920543e-01	9.079468e-01	1.085279e-01	2.570188e-01	5.664598e-01	1.718668e-01	3.954089e-01	1.919326e+00	9.981181e+02	9.972290e+02	1.001189e+02	8.305283e+00	6.760259e-01	2.478613e-01	6.683435e+01	2.152225e+00	8.213608e-01	
3  6640.39	2.242069e+00	1.216127e-01	1.041764e+00	3.069087e+00	9.504115e-01	6.024435e-02	5.727016e+01	7.258644e-02	6.923228e+00	2.435760e+02	3.175167e+01	3.081834e+01	1.299896e+02	5.099375e+00	6.302160e+00	8.323195e+00	2.045320e+01	9.032094e+01	1.483599e-01	5.407898e-02	1.712579e-01	9.132002e-02	2.860664e-01	8.588565e-01	1.252312e-01	2.605191e-01	6.032306e-01	1.649439e-01	4.730948e-01	1.776156e+00	9.980122e+02	9.984566e+02	1.003278e+02	8.305283e+00	6.760259e-01	2.478613e-01	6.683435e+01	2.152225e+00	8.213608e-01	
4  6637.69	2.242069e+00	1.216127e-01	1.041764e+00	3.069087e+00	9.504115e-01	6.024435e-02	5.555823e+01	3.157881e-02	6.182739e+00	2.564089e+02	3.445121e+01	3.378203e+01	1.286922e+02	3.087693e+00	6.841428e+00	1.069931e+01	1.860132e+01	8.834020e+01	1.533447e-01	5.477434e-02	1.637087e-01	9.171539e-02	2.898606e-01	8.523552e-01	1.042840e-01	2.631772e-01	5.493250e-01	1.749941e-01	4.753750e-01	1.536832e+00	9.976849e+02	9.987095e+02	1.003925e+02	8.305283e+00	6.760259e-01	2.478613e-01	6.683435e+01	2.152225e+00	8.213608e-01	
6  6631.22	2.242069e+00	1.216127e-01	1.041764e+00	3.069087e+00	9.504115e-01	6.024435e-02	5.922421e+01	1.584366e-01	7.475624e+00	2.739704e+02	3.552284e+01	4.027916e+01	1.162026e+02	3.641166e+00	6.717083e+00	1.072669e+01	1.846260e+01	9.303397e+01	1.537625e-01	5.531309e-02	1.629026e-01	8.997817e-02	2.777577e-01	8.267825e-01	7.611415e-02	2.518360e-01	5.040578e-01	1.755166e-01	4.781687e-01	1.602819e+00	9.981200e+02	1.000973e+03	1.001470e+02	8.305283e+00	6.760259e-01	2.478613e-01	6.683435e+01	2.152225e+00	8.213608e-01	
2  6631.56	2.242069e+00	1.216127e-01	1.041764e+00	3.069087e+00	9.504115e-01	6.024435e-02	5.901222e+01	3.572545e-01	7.429145e+00	2.604309e+02	3.248625e+01	4.015320e+01	1.251318e+02	4.829532e+00	6.785882e+00	1.034208e+01	2.069096e+01	9.231966e+01	1.466483e-01	5.481686e-02	1.645301e-01	8.538588e-02	2.769485e-01	8.379691e-01	1.144568e-01	2.638081e-01	4.373005e-01	1.995462e-01	4.730139e-01	1.369526e+00	9.979583e+02	1.001193e+03	1.002579e+02	8.305283e+00	6.760259e-01	2.478613e-01	6.683435e+01	2.152225e+00	8.213608e-01	
3  6619.07	2.242069e+00	1.216127e-01	1.041764e+00	3.069087e+00	9.504115e-01	6.024435e-02	5.929227e+01	4.242824e-01	7.377669e+00	2.570548e+02	3.110933e+01	3.883634e+01	1.277389e+02	4.879042e+00	7.895980e+00	8.080270e+00	2.397207e+01	9.099608e+01	1.362806e-01	5.617162e-02	1.697790e-01	8.852237e-02	2.902299e-01	8.178202e-01	1.355309e-01	2.457634e-01	2.864438e-01	2.046232e-01	4.019208e-01	1.468196e+00	9.973605e+02	1.001189e+03	1.004374e+02	8.305283e+00	6.760259e-01	2.478613e-01	6.683435e+01	2.152225e+00	8.213608e-01	
