2  352.88	6.799560e+01	2.223766e+00	1.208568e-01	-8.837452e-01	-3.837226e-01	6.710959e-01	
3  348.292	6.667355e+01	2.205849e+00	1.224595e-01	-9.041478e-01	-3.787048e-01	6.672972e-01	
1  347.061	6.680805e+01	2.198459e+00	1.230855e-01	-1.002084e+00	-3.505701e-01	6.707427e-01	
3  345.519	6.788814e+01	2.203170e+00	1.222926e-01	-9.729150e-01	-3.581221e-01	6.585972e-01	
2  344.208	6.778786e+01	2.199078e+00	1.225076e-01	-1.000703e+00	-4.004904e-01	6.597459e-01	
6  343.127	6.837117e+01	2.167731e+00	1.229485e-01	-1.059963e+00	-4.715458e-01	6.620170e-01	
2  344.035	6.858492e+01	2.186922e+00	1.262653e-01	-1.017691e+00	-5.329679e-01	6.916579e-01	
11  343.354	6.853528e+01	2.166961e+00	1.274376e-01	-1.053619e+00	-4.848026e-01	7.174405e-01	
4  343.207	6.870203e+01	2.184502e+00	1.273975e-01	-1.064304e+00	-5.268792e-01	7.158322e-01	
1  343.919	6.871037e+01	2.178385e+00	1.267490e-01	-1.027918e+00	-5.623327e-01	7.147276e-01	
2  344.591	6.864002e+01	2.181291e+00	1.248814e-01	-1.006348e+00	-5.746570e-01	7.425116e-01	
1  343.441	6.929352e+01	2.187353e+00	1.248787e-01	-1.091768e+00	-6.204539e-01	7.786401e-01	
2  343.434	6.929237e+01	2.187313e+00	1.253480e-01	-1.105131e+00	-5.345924e-01	7.450296e-01	
1  344.009	6.815325e+01	2.196336e+00	1.247034e-01	-1.090596e+00	-5.235283e-01	7.446755e-01	
7  343.651	6.799445e+01	2.128675e+00	1.291658e-01	-1.053526e+00	-6.015144e-01	7.554389e-01	
1  344.096	6.777463e+01	2.138710e+00	1.310044e-01	-1.018260e+00	-5.636673e-01	7.480281e-01	
8  344.28	6.759314e+01	2.124535e+00	1.281069e-01	-1.000184e+00	-5.650234e-01	7.456850e-01	
2  345.182	6.740395e+01	2.154855e+00	1.267020e-01	-9.718652e-01	-5.107392e-01	7.514794e-01	
1  345.002	6.733695e+01	2.125740e+00	1.245089e-01	-1.025202e+00	-5.540561e-01	7.723675e-01	
3  346.158	6.697645e+01	2.105186e+00	1.235533e-01	-1.002121e+00	-5.393270e-01	7.658088e-01	
1  344.803	6.734349e+01	2.112767e+00	1.238060e-01	-9.755449e-01	-6.472756e-01	7.594768e-01	
2  345.883	6.775912e+01	2.075167e+00	1.218319e-01	-9.676891e-01	-6.334138e-01	7.901347e-01	
2  345.873	6.732385e+01	2.113083e+00	1.222616e-01	-9.601434e-01	-5.847117e-01	7.986855e-01	
1  344.219	6.778397e+01	2.088358e+00	1.211703e-01	-1.040084e+00	-5.529353e-01	8.089907e-01	
4  344.067	6.870458e+01	2.058485e+00	1.213912e-01	-1.068258e+00	-5.649591e-01	8.219224e-01	
2  344.816	6.922793e+01	2.031968e+00	1.209760e-01	-1.095069e+00	-5.848484e-01	8.125658e-01	
5  343.837	6.873203e+01	2.007743e+00	1.218881e-01	-1.122971e+00	-5.134366e-01	7.912512e-01	
1  344.301	6.887848e+01	1.990648e+00	1.206420e-01	-1.149653e+00	-4.643724e-01	7.966293e-01	
1  344.821	6.927505e+01	2.006247e+00	1.245523e-01	-1.115709e+00	-4.483627e-01	7.782873e-01	
1  345.965	6.923901e+01	1.979592e+00	1.205735e-01	-1.128812e+00	-3.699981e-01	7.988113e-01	
2  346.324	6.826629e+01	1.934829e+00	1.195621e-01	-1.176858e+00	-3.821778e-01	7.784400e-01	
2  347.74	6.735047e+01	1.936888e+00	1.212751e-01	-1.121256e+00	-3.438861e-01	7.785482e-01	
1  347.901	6.740181e+01	1.915321e+00	1.226224e-01	-1.034380e+00	-3.666909e-01	7.937655e-01	
11  347.477	6.782401e+01	1.898959e+00	1.267964e-01	-1.035757e+00	-3.570944e-01	7.728815e-01	
1  346.972	6.713733e+01	1.913591e+00	1.295319e-01	-1.047203e+00	-2.895104e-01	7.648611e-01	
3  345.895	6.774972e+01	1.948085e+00	1.279211e-01	-1.052900e+00	-2.987615e-01	7.578470e-01	
8  346.054	6.812608e+01	1.933098e+00	1.281287e-01	-1.066274e+00	-2.840889e-01	7.578310e-01	
2  345.358	6.751481e+01	1.913699e+00	1.303462e-01	-1.096878e+00	-3.040906e-01	7.639676e-01	
1  345.275	6.799440e+01	1.908341e+00	1.298216e-01	-1.075692e+00	-3.173066e-01	7.521431e-01	
3  346.37	6.779801e+01	1.892474e+00	1.282020e-01	-1.045701e+00	-3.853103e-01	7.644836e-01	
3  349.106	6.771394e+01	1.906120e+00	1.288530e-01	-9.937279e-01	-3.948481e-01	7.642211e-01	
2  349.599	6.824808e+01	1.913128e+00	1.256570e-01	-1.011894e+00	-4.200990e-01	7.566992e-01	
4  347.689	6.717409e+01	1.899008e+00	1.272400e-01	-1.020546e+00	-3.681670e-01	7.667115e-01	
2  346.385	6.806712e+01	1.865975e+00	1.274431e-01	-1.065239e+00	-3.874866e-01	7.575671e-01	
5  344.491	6.839229e+01	1.874397e+00	1.288005e-01	-1.123498e+00	-3.477450e-01	7.647096e-01	
1  343.654	6.909175e+01	1.878354e+00	1.306403e-01	-1.189453e+00	-3.693401e-01	7.558097e-01	
11  344.087	6.865240e+01	1.936952e+00	1.305813e-01	-1.125986e+00	-2.794611e-01	7.370197e-01	
2  346.898	6.765431e+01	1.983074e+00	1.323916e-01	-1.173920e+00	-2.747159e-01	7.237008e-01	
1  343.959	6.853149e+01	2.000811e+00	1.360437e-01	-1.182538e+00	-2.789746e-01	7.337987e-01	
2  343.837	6.813315e+01	2.008516e+00	1.324043e-01	-1.137868e+00	-2.971539e-01	7.211334e-01	
8  343.202	6.882539e+01	2.020145e+00	1.333994e-01	-1.157388e+00	-2.976875e-01	7.160924e-01	
2  343.239	6.890828e+01	2.016836e+00	1.328197e-01	-1.175785e+00	-3.531978e-01	7.155025e-01	
2  343.876	6.794699e+01	1.997987e+00	1.342637e-01	-1.081468e+00	-3.973179e-01	7.116907e-01	
1  343.591	6.823723e+01	1.991979e+00	1.321536e-01	-1.097864e+00	-3.442241e-01	7.004336e-01	
3  343.524	6.822012e+01	1.999392e+00	1.318306e-01	-1.118310e+00	-2.958602e-01	6.958766e-01	
4  343.236	6.868832e+01	2.005599e+00	1.320832e-01	-1.139408e+00	-2.952295e-01	6.806352e-01	
1  344.08	6.809708e+01	2.001011e+00	1.359860e-01	-1.141382e+00	-2.921356e-01	6.780133e-01	
4  343.917	6.811137e+01	2.012726e+00	1.352837e-01	-1.130127e+00	-3.070536e-01	6.848892e-01	
1  345.044	6.810861e+01	1.973183e+00	1.400582e-01	-1.158026e+00	-4.062736e-01	7.007984e-01	
1  344.987	6.804337e+01	1.968188e+00	1.424862e-01	-1.063229e+00	-3.617491e-01	6.980904e-01	
2  351.149	6.971106e+01	1.980362e+00	1.448966e-01	-1.071163e+00	-3.917160e-01	7.039902e-01	
4  350.88	6.897215e+01	2.027276e+00	1.476850e-01	-1.026971e+00	-3.352345e-01	7.138629e-01	
2  349.827	6.732027e+01	2.023725e+00	1.517757e-01	-1.076171e+00	-3.660532e-01	7.182008e-01	
2  347.934	6.859032e+01	2.056070e+00	1.528117e-01	-1.131346e+00	-3.422020e-01	7.168309e-01	
5  348.866	6.820403e+01	2.040525e+00	1.528619e-01	-1.147219e+00	-3.327664e-01	7.312297e-01	
1  347.689	6.816097e+01	2.043945e+00	1.511706e-01	-1.098665e+00	-2.443817e-01	7.448694e-01	
3  346.972	6.854482e+01	2.027973e+00	1.509749e-01	-1.124102e+00	-2.399202e-01	7.348356e-01	
2  347.711	6.946591e+01	2.027464e+00	1.507656e-01	-1.162472e+00	-1.803877e-01	7.327459e-01	
1  348.126	6.873462e+01	2.030096e+00	1.501367e-01	-1.103926e+00	-1.252132e-01	7.440935e-01	
2  348.107	6.781456e+01	2.038300e+00	1.480090e-01	-1.066821e+00	-1.144236e-01	7.269054e-01	
1  348.565	6.770033e+01	2.059078e+00	1.472102e-01	-1.059296e+00	-9.186170e-02	7.216774e-01	
1  349.295	6.868120e+01	2.057955e+00	1.472628e-01	-1.054385e+00	-1.653316e-01	7.161602e-01	
1  347.406	6.778768e+01	2.038288e+00	1.455035e-01	-1.058859e+00	-1.388014e-01	7.266756e-01	
3  347.496	6.878759e+01	2.065675e+00	1.451365e-01	-1.100696e+00	-7.638543e-02	7.274467e-01	
1  347.769	6.890881e+01	2.057245e+00	1.462523e-01	-1.094553e+00	-1.457040e-01	7.230691e-01	
1  347.269	6.911790e+01	2.047118e+00	1.457482e-01	-1.112611e+00	-1.656341e-01	7.087361e-01	
2  348.174	6.799592e+01	2.059151e+00	1.452616e-01	-1.132370e+00	-4.304179e-02	7.029840e-01	
3  347.131	6.861695e+01	2.043567e+00	1.435650e-01	-1.080031e+00	-1.010295e-01	6.871548e-01	
2  345.48	6.824713e+01	2.058171e+00	1.393658e-01	-1.117730e+00	-4.760843e-02	6.732699e-01	
7  345.062	6.884874e+01	2.041960e+00	1.342430e-01	-1.119119e+00	-1.490925e-03	6.347317e-01	
4  347.11	6.770932e+01	2.048751e+00	1.358926e-01	-1.096832e+00	-8.838751e-03	6.408636e-01	
2  347.66	6.769976e+01	2.068501e+00	1.334829e-01	-1.114087e+00	-3.521902e-03	6.526912e-01	
2  345.965	6.785506e+01	2.049388e+00	1.330209e-01	-1.033828e+00	-2.200508e-02	6.561729e-01	
1  346.114	6.744044e+01	2.033908e+00	1.351481e-01	-1.060883e+00	-5.168809e-02	6.458249e-01	
1  347.786	6.862610e+01	2.026992e+00	1.344072e-01	-1.044362e+00	-7.891531e-02	6.537896e-01	
1  343.714	6.855371e+01	2.027761e+00	1.339548e-01	-1.137178e+00	-1.029398e-01	6.406587e-01	
3  344.136	6.859030e+01	1.995846e+00	1.347271e-01	-1.108092e+00	-2.168991e-01	6.297205e-01	
8  343.811	6.845506e+01	1.993022e+00	1.359848e-01	-1.123826e+00	-1.816335e-01	6.219753e-01	
2  343.775	6.864616e+01	1.971524e+00	1.400879e-01	-1.186384e+00	-1.449082e-01	6.298223e-01	
8  344.38	6.873778e+01	1.994058e+00	1.407843e-01	-1.221413e+00	-1.118359e-01	6.362944e-01	
3  345.409	6.915808e+01	1.970984e+00	1.428926e-01	-1.150618e+00	-1.422282e-01	6.254062e-01	
1  344.455	6.871516e+01	2.007501e+00	1.430397e-01	-1.168927e+00	-1.572910e-01	6.049351e-01	
1  346.206	6.926663e+01	2.014677e+00	1.426808e-01	-1.143169e+00	-9.375884e-02	6.119652e-01	
1  346.275	6.792975e+01	2.063897e+00	1.425041e-01	-1.135895e+00	-1.064762e-01	6.182617e-01	
1  346.349	6.942202e+01	2.063099e+00	1.427949e-01	-1.150832e+00	-1.381864e-01	6.123433e-01	
1  344.936	6.851507e+01	2.018986e+00	1.439889e-01	-1.158089e+00	-1.403307e-01	6.235457e-01	
2  345.684	6.792693e+01	2.034184e+00	1.429487e-01	-1.091903e+00	-1.402337e-01	6.149018e-01	
6  346.284	6.794834e+01	2.054555e+00	1.426097e-01	-1.053166e+00	-1.340297e-01	5.981543e-01	
2  349.083	6.793746e+01	2.027855e+00	1.445854e-01	-9.897695e-01	-1.476227e-01	5.939303e-01	
3  347.115	6.774698e+01	2.011704e+00	1.420992e-01	-1.002877e+00	-2.258109e-01	5.992459e-01	
2  345.636	6.777992e+01	2.016499e+00	1.396124e-01	-1.031690e+00	-2.376201e-01	5.917677e-01	
8  347.076	6.850630e+01	2.069119e+00	1.428349e-01	-1.041252e+00	-2.095101e-01	5.935879e-01	
1  345.567	6.778277e+01	2.058331e+00	1.398035e-01	-1.036525e+00	-2.356458e-01	5.859838e-01	
1  344.601	6.821705e+01	2.047063e+00	1.376567e-01	-1.061135e+00	-2.791778e-01	5.995768e-01	
2  345.948	6.743005e+01	2.054332e+00	1.376813e-01	-1.022443e+00	-2.134907e-01	5.897785e-01	
4  347.642	6.689763e+01	2.066229e+00	1.349295e-01	-9.641562e-01	-2.320734e-01	5.928327e-01	
1  347.679	6.716916e+01	2.048466e+00	1.333048e-01	-9.501174e-01	-2.219196e-01	5.772164e-01	
3  348.055	6.682007e+01	2.054705e+00	1.339783e-01	-9.477976e-01	-2.336052e-01	5.816109e-01	
2  347.189	6.732145e+01	2.055018e+00	1.320192e-01	-9.564655e-01	-2.745693e-01	5.986456e-01	
2  348.869	6.701218e+01	2.066919e+00	1.304449e-01	-9.188095e-01	-2.517613e-01	5.926290e-01	
7  345.475	6.726626e+01	2.081446e+00	1.287090e-01	-1.052424e+00	-2.441049e-01	6.056713e-01	
1  345.34	6.744817e+01	2.088613e+00	1.339216e-01	-1.065408e+00	-2.886440e-01	5.836932e-01	
1  344.614	6.829518e+01	2.082231e+00	1.359487e-01	-1.056324e+00	-2.486867e-01	5.747001e-01	
1  344.245	6.798283e+01	2.070318e+00	1.351294e-01	-1.112401e+00	-2.032140e-01	5.970774e-01	
2  343.612	6.870899e+01	2.087765e+00	1.355514e-01	-1.142103e+00	-2.658191e-01	5.956130e-01	
3  344.289	6.881804e+01	2.095663e+00	1.372536e-01	-1.195454e+00	-2.511002e-01	5.838087e-01	
1  343.993	6.914713e+01	2.096183e+00	1.369173e-01	-1.188164e+00	-2.547423e-01	5.722002e-01	
1  344.71	6.931243e+01	2.097058e+00	1.374066e-01	-1.145349e+00	-2.686019e-01	5.633438e-01	
1  344.43	6.844619e+01	2.106970e+00	1.388773e-01	-1.089801e+00	-3.404320e-01	5.682685e-01	
2  344.964	6.777472e+01	2.046450e+00	1.387773e-01	-1.045787e+00	-2.832507e-01	5.589763e-01	
3  344.561	6.859682e+01	2.044991e+00	1.405247e-01	-1.089094e+00	-3.272368e-01	5.676978e-01	
5  343.762	6.870285e+01	2.027397e+00	1.393052e-01	-1.146460e+00	-3.104190e-01	5.542767e-01	
2  344.102	6.883176e+01	2.029778e+00	1.407584e-01	-1.138910e+00	-3.272588e-01	5.646996e-01	
1  343.859	6.883455e+01	2.031539e+00	1.399324e-01	-1.159303e+00	-3.718676e-01	5.393271e-01	
3  344.157	6.858379e+01	2.036413e+00	1.398583e-01	-1.091499e+00	-3.888841e-01	5.286139e-01	
2  343.932	6.819050e+01	2.012494e+00	1.380440e-01	-1.080828e+00	-3.409756e-01	5.337839e-01	
3  346.048	6.784184e+01	2.002588e+00	1.401052e-01	-9.848738e-01	-3.639725e-01	5.292693e-01	
11  346.026	6.817931e+01	1.998902e+00	1.416452e-01	-1.011785e+00	-3.519950e-01	5.391084e-01	
2  346.195	6.750672e+01	2.019411e+00	1.391522e-01	-1.109514e+00	-3.963007e-01	5.466786e-01	
2  344.633	6.897488e+01	2.030387e+00	1.435119e-01	-1.154411e+00	-3.649228e-01	5.406480e-01	
5  344.748	6.925855e+01	2.060229e+00	1.404272e-01	-1.243121e+00	-2.997814e-01	5.400519e-01	
1  344.815	6.851449e+01	2.030482e+00	1.381885e-01	-1.216417e+00	-3.032070e-01	5.612589e-01	
1  344.106	6.909295e+01	2.059547e+00	1.394172e-01	-1.186612e+00	-3.283454e-01	5.499898e-01	
1  344.344	6.863013e+01	2.051957e+00	1.403002e-01	-1.176731e+00	-3.119309e-01	5.411939e-01	
1  344.943	6.915594e+01	2.047326e+00	1.430909e-01	-1.149431e+00	-3.726331e-01	5.387910e-01	
2  344.658	6.841605e+01	2.030675e+00	1.434219e-01	-1.107605e+00	-3.772919e-01	5.385664e-01	
4  345.043	6.768809e+01	2.031546e+00	1.406214e-01	-1.050194e+00	-4.120628e-01	5.093539e-01	
5  344.47	6.772552e+01	2.023955e+00	1.381277e-01	-1.046775e+00	-4.615447e-01	5.268677e-01	
4  346.425	6.804015e+01	2.007863e+00	1.381591e-01	-9.602710e-01	-5.003800e-01	5.530795e-01	
4  344.462	6.770855e+01	2.031223e+00	1.375161e-01	-1.047149e+00	-5.154097e-01	5.471537e-01	
3  344.044	6.831385e+01	2.027400e+00	1.390968e-01	-1.129184e+00	-4.640217e-01	5.545318e-01	
3  343.949	6.867439e+01	2.038049e+00	1.360842e-01	-1.184923e+00	-4.757497e-01	5.478506e-01	
1  346.604	6.878425e+01	2.045763e+00	1.384958e-01	-1.252742e+00	-5.455121e-01	5.450747e-01	
2  346.254	6.870016e+01	2.049871e+00	1.385186e-01	-1.249287e+00	-4.766319e-01	5.310112e-01	
1  345.874	7.031068e+01	2.050018e+00	1.360901e-01	-1.283267e+00	-4.882294e-01	5.113420e-01	
2  345.626	6.897256e+01	2.054938e+00	1.347573e-01	-1.279694e+00	-4.978872e-01	5.011116e-01	
3  344.658	6.934665e+01	2.052652e+00	1.348405e-01	-1.275371e+00	-5.595186e-01	4.750458e-01	
1  344.373	6.959825e+01	2.071624e+00	1.344955e-01	-1.269099e+00	-4.490642e-01	4.807177e-01	
1  344.394	6.963674e+01	2.038110e+00	1.380149e-01	-1.251259e+00	-3.898682e-01	4.736911e-01	
2  345.807	7.017002e+01	1.990078e+00	1.384055e-01	-1.269721e+00	-3.933471e-01	4.577425e-01	
2  345.304	7.024904e+01	1.950657e+00	1.372411e-01	-1.337338e+00	-3.509605e-01	4.707225e-01	
2  345.501	7.014668e+01	1.947434e+00	1.317915e-01	-1.279684e+00	-4.545804e-01	4.557287e-01	
1  345.299	6.942554e+01	1.957099e+00	1.318243e-01	-1.144860e+00	-4.033215e-01	4.520257e-01	
2  347.31	6.969786e+01	1.928163e+00	1.292875e-01	-1.153090e+00	-4.109566e-01	4.269839e-01	
1  350.331	7.052092e+01	1.916499e+00	1.337655e-01	-1.211543e+00	-4.271213e-01	4.492087e-01	
1  343.127	6.899530e+01	1.903541e+00	1.340624e-01	-1.204368e+00	-5.279884e-01	4.428931e-01	
3  344.072	6.916450e+01	1.870823e+00	1.318918e-01	-1.186225e+00	-5.537467e-01	4.117088e-01	
3  343.235	6.887665e+01	1.876834e+00	1.370830e-01	-1.183482e+00	-5.014415e-01	4.048408e-01	
1  343.135	6.879492e+01	1.895697e+00	1.389332e-01	-1.169037e+00	-5.636454e-01	4.184644e-01	
1  343.466	6.808121e+01	1.907262e+00	1.392671e-01	-1.111520e+00	-4.930477e-01	4.250891e-01	
1  343.722	6.868482e+01	1.862936e+00	1.374521e-01	-1.125617e+00	-4.869559e-01	4.241182e-01	
1  343.384	6.845117e+01	1.863681e+00	1.350614e-01	-1.128789e+00	-4.985817e-01	4.263299e-01	
1  343.609	6.827733e+01	1.840431e+00	1.323163e-01	-1.159301e+00	-4.318583e-01	4.398322e-01	
1  343.395	6.840222e+01	1.836637e+00	1.340818e-01	-1.169743e+00	-4.200165e-01	4.497897e-01	
3  343.531	6.810572e+01	1.820827e+00	1.363103e-01	-1.141192e+00	-4.483368e-01	4.201373e-01	
6  344.334	6.802551e+01	1.845299e+00	1.354951e-01	-1.228830e+00	-4.005869e-01	4.445954e-01	
1  344.179	6.838731e+01	1.875968e+00	1.367646e-01	-1.258821e+00	-4.995863e-01	4.499133e-01	
1  344.163	6.879375e+01	1.947631e+00	1.368141e-01	-1.293333e+00	-4.374345e-01	4.397437e-01	
4  343.737	6.870153e+01	1.977225e+00	1.392234e-01	-1.231110e+00	-3.959769e-01	4.374033e-01	
5  343.617	6.924378e+01	1.950785e+00	1.380136e-01	-1.280410e+00	-4.223384e-01	4.569487e-01	
3  343.744	6.953561e+01	1.899618e+00	1.385169e-01	-1.285311e+00	-3.856255e-01	4.296908e-01	
3  343.127	6.903523e+01	1.923645e+00	1.367982e-01	-1.234246e+00	-3.855411e-01	4.342443e-01	
3  343.61	6.833950e+01	1.915905e+00	1.423087e-01	-1.164328e+00	-3.664141e-01	4.497286e-01	
1  343.782	6.910725e+01	1.904433e+00	1.415310e-01	-1.181296e+00	-4.178186e-01	4.677816e-01	
1  343.666	6.796999e+01	1.899314e+00	1.380308e-01	-1.136535e+00	-4.042423e-01	4.643895e-01	
3  344.773	6.757162e+01	1.903586e+00	1.417051e-01	-1.094602e+00	-4.480898e-01	4.775209e-01	
5  344.148	6.784258e+01	1.916742e+00	1.410757e-01	-1.104955e+00	-3.616480e-01	4.812134e-01	
2  343.272	6.838915e+01	1.927138e+00	1.384368e-01	-1.172023e+00	-3.240901e-01	4.599211e-01	
2  343.077	6.869148e+01	1.954716e+00	1.353567e-01	-1.183216e+00	-2.852823e-01	4.627584e-01	
3  343.207	6.851439e+01	1.987600e+00	1.357972e-01	-1.150006e+00	-2.971183e-01	4.699948e-01	
2  343.308	6.825786e+01	2.007539e+00	1.336420e-01	-1.130139e+00	-2.715870e-01	4.823093e-01	
1  344.252	6.928299e+01	1.995300e+00	1.339455e-01	-1.164554e+00	-2.638739e-01	4.856893e-01	
1  345.078	6.937282e+01	1.974481e+00	1.333498e-01	-1.164835e+00	-1.844664e-01	4.851712e-01	
1  344.363	6.950209e+01	1.994110e+00	1.357454e-01	-1.206560e+00	-1.810989e-01	4.991375e-01	
1  343.274	6.870863e+01	1.980373e+00	1.350908e-01	-1.229896e+00	-1.863604e-01	4.948819e-01	
4  343.619	6.875508e+01	1.977237e+00	1.363866e-01	-1.146128e+00	-2.176166e-01	4.820021e-01	
5  343.663	6.851234e+01	1.970607e+00	1.355996e-01	-1.127102e+00	-1.876712e-01	4.763968e-01	
1  344.29	6.821425e+01	2.016880e+00	1.373093e-01	-1.069406e+00	-2.248774e-01	4.847552e-01	
1  344.654	6.799580e+01	2.015556e+00	1.370468e-01	-1.048552e+00	-1.802877e-01	4.710818e-01	
4  344.528	6.865369e+01	1.995834e+00	1.404322e-01	-1.111208e+00	-1.862928e-01	4.640155e-01	
1  344.829	6.820318e+01	2.011843e+00	1.410259e-01	-1.061854e+00	-2.196593e-01	4.540555e-01	
5  345.565	6.826059e+01	1.979667e+00	1.412080e-01	-1.044096e+00	-1.802502e-01	4.522945e-01	
3  345.856	6.762821e+01	1.971232e+00	1.428842e-01	-1.024291e+00	-1.628017e-01	4.466359e-01	
2  344.782	6.801091e+01	1.987040e+00	1.431209e-01	-1.101123e+00	-1.672880e-01	4.386661e-01	
1  345.073	6.814192e+01	2.034315e+00	1.433955e-01	-1.134587e+00	-1.824826e-01	4.564119e-01	
4  344.233	6.812026e+01	2.037648e+00	1.394877e-01	-1.102012e+00	-2.330838e-01	4.402567e-01	
1  344.498	6.870068e+01	2.046831e+00	1.405702e-01	-1.109256e+00	-2.534325e-01	4.313781e-01	
1  344.464	6.853946e+01	2.082564e+00	1.402624e-01	-1.157114e+00	-3.056146e-01	4.275027e-01	
2  344.485	6.909841e+01	2.098740e+00	1.385592e-01	-1.232050e+00	-3.040162e-01	4.336206e-01	
1  348.108	7.030085e+01	2.086436e+00	1.399258e-01	-1.212926e+00	-3.012368e-01	4.540247e-01	
1  347.896	7.043156e+01	2.098147e+00	1.426954e-01	-1.295619e+00	-3.258801e-01	4.679386e-01	
1  346.379	6.973762e+01	2.101499e+00	1.427670e-01	-1.298760e+00	-2.953989e-01	4.680100e-01	
3  345.451	6.899549e+01	2.084385e+00	1.414499e-01	-1.255575e+00	-3.300494e-01	4.457307e-01	
2  346.733	6.909476e+01	2.073673e+00	1.413139e-01	-1.331812e+00	-3.013564e-01	4.505948e-01	
1  346.553	6.939699e+01	2.108846e+00	1.383264e-01	-1.361476e+00	-2.159110e-01	4.534605e-01	
1  349.786	6.903103e+01	2.138315e+00	1.375972e-01	-1.406786e+00	-2.439494e-01	4.351125e-01	
1  351.273	6.827600e+01	2.125403e+00	1.391536e-01	-1.337709e+00	-2.662290e-01	4.316338e-01	
4  351.696	6.762915e+01	2.141859e+00	1.392475e-01	-1.236621e+00	-2.831497e-01	4.176277e-01	
3  345.902	6.927101e+01	2.132914e+00	1.384827e-01	-1.309985e+00	-2.898551e-01	4.205196e-01	
4  346.205	6.907436e+01	2.150970e+00	1.343294e-01	-1.326669e+00	-3.435632e-01	4.051176e-01	
1  346.135	6.950836e+01	2.139118e+00	1.368452e-01	-1.345151e+00	-3.311325e-01	4.156804e-01	
6  345.838	6.907632e+01	2.142302e+00	1.369526e-01	-1.302956e+00	-2.479934e-01	4.239415e-01	
1  347.097	7.037032e+01	2.128952e+00	1.344111e-01	-1.263439e+00	-2.186094e-01	4.127879e-01	
3  344.311	6.945857e+01	2.140046e+00	1.333635e-01	-1.284836e+00	-2.276853e-01	4.073306e-01	
1  344.956	6.947378e+01	2.126542e+00	1.335828e-01	-1.347026e+00	-2.814040e-01	3.900487e-01	
2  344.878	6.980925e+01	2.133914e+00	1.333990e-01	-1.352656e+00	-1.852288e-01	3.788272e-01	
1  344.329	6.950070e+01	2.141452e+00	1.310767e-01	-1.335826e+00	-1.833524e-01	3.776692e-01	
2  344.981	6.993244e+01	2.129614e+00	1.332726e-01	-1.333659e+00	-1.506295e-01	3.519644e-01	
3  344.778	6.926830e+01	2.126497e+00	1.339729e-01	-1.338864e+00	-2.184839e-01	3.750188e-01	
4  344.226	6.937151e+01	2.133680e+00	1.328703e-01	-1.302985e+00	-2.808403e-01	3.608104e-01	
1  343.857	6.871595e+01	2.067974e+00	1.345313e-01	-1.259114e+00	-2.720954e-01	3.663515e-01	
7  343.588	6.906484e+01	2.031428e+00	1.367723e-01	-1.263228e+00	-2.824718e-01	3.818710e-01	
1  343.486	6.901601e+01	2.023134e+00	1.349068e-01	-1.279791e+00	-3.140073e-01	3.800454e-01	
1  343.795	6.857204e+01	2.017432e+00	1.347276e-01	-1.265142e+00	-3.168121e-01	3.633904e-01	
1  343.019	6.859490e+01	1.987017e+00	1.337738e-01	-1.204117e+00	-2.706697e-01	3.669562e-01	
1  343.175	6.904520e+01	1.968141e+00	1.338063e-01	-1.279686e+00	-3.380298e-01	3.859287e-01	
2  343.228	6.890255e+01	1.948640e+00	1.327369e-01	-1.295662e+00	-2.886473e-01	3.880634e-01	
4  343.845	6.949111e+01	1.971807e+00	1.339191e-01	-1.264488e+00	-2.662729e-01	3.823336e-01	
1  343.662	6.930108e+01	1.985289e+00	1.347311e-01	-1.222415e+00	-3.430551e-01	3.734257e-01	
5  343.21	6.855362e+01	2.012761e+00	1.351415e-01	-1.195535e+00	-2.950907e-01	3.815858e-01	
2  343.82	6.892666e+01	2.018234e+00	1.372700e-01	-1.147540e+00	-2.954213e-01	3.751115e-01	
2  344.609	6.777511e+01	2.006311e+00	1.366167e-01	-1.139010e+00	-3.336010e-01	3.907814e-01	
2  344.733	6.796704e+01	2.036471e+00	1.406738e-01	-1.117110e+00	-3.365330e-01	3.911272e-01	
5  344.154	6.817688e+01	2.032205e+00	1.403151e-01	-1.093467e+00	-3.651079e-01	3.728443e-01	
1  344.811	6.876234e+01	2.025031e+00	1.442079e-01	-1.120468e+00	-4.170411e-01	3.739058e-01	
2  344.59	6.856081e+01	2.019710e+00	1.438208e-01	-1.163918e+00	-4.808054e-01	3.736669e-01	
1  344.946	6.838005e+01	2.033129e+00	1.444205e-01	-1.137283e+00	-4.485867e-01	3.714660e-01	
2  345.662	6.937159e+01	1.977442e+00	1.444115e-01	-1.149692e+00	-4.581733e-01	3.879992e-01	
1  349.527	6.993189e+01	1.987464e+00	1.452572e-01	-1.131398e+00	-4.040832e-01	3.814907e-01	
6  344.575	6.822136e+01	1.985289e+00	1.440674e-01	-1.082847e+00	-3.504721e-01	3.771504e-01	
3  345.376	6.862289e+01	1.993650e+00	1.433552e-01	-1.063435e+00	-2.830161e-01	3.658088e-01	
1  346.216	6.897988e+01	1.974808e+00	1.415650e-01	-1.053599e+00	-3.717782e-01	3.342144e-01	
2  344.813	6.754239e+01	1.946673e+00	1.407807e-01	-9.993192e-01	-4.023540e-01	3.413192e-01	
3  344.155	6.816035e+01	1.982257e+00	1.388854e-01	-1.021769e+00	-4.569999e-01	3.574687e-01	
5  344.044	6.779356e+01	1.936487e+00	1.387365e-01	-1.113439e+00	-4.935415e-01	3.547596e-01	
1  345.228	6.894041e+01	1.937910e+00	1.380694e-01	-1.069319e+00	-4.817417e-01	3.568606e-01	
1  343.881	6.822637e+01	1.944122e+00	1.376383e-01	-1.043750e+00	-4.660871e-01	3.541612e-01	
5  343.989	6.769843e+01	1.975272e+00	1.343745e-01	-1.082646e+00	-4.830970e-01	3.453071e-01	
2  344.115	6.768870e+01	1.942161e+00	1.381349e-01	-1.081728e+00	-4.426623e-01	3.599762e-01	
3  343.195	6.847443e+01	1.972245e+00	1.369096e-01	-1.127508e+00	-4.768825e-01	3.604730e-01	
9  343.245	6.890399e+01	1.973117e+00	1.376475e-01	-1.204811e+00	-4.762330e-01	3.649912e-01	
2  343.603	6.908134e+01	1.992829e+00	1.378723e-01	-1.174473e+00	-5.271303e-01	3.725356e-01	
1  344.904	6.970199e+01	2.033526e+00	1.393306e-01	-1.233139e+00	-5.499044e-01	3.934952e-01	
1  343.756	6.939227e+01	2.028024e+00	1.353969e-01	-1.237719e+00	-5.506787e-01	3.960064e-01	
1  343.903	6.936932e+01	2.036350e+00	1.365745e-01	-1.201812e+00	-5.780632e-01	4.094057e-01	
2  344.023	6.871662e+01	2.028792e+00	1.377009e-01	-1.202681e+00	-6.285300e-01	4.047654e-01	
3  344.089	6.936726e+01	2.019027e+00	1.372406e-01	-1.267018e+00	-6.346890e-01	3.954958e-01	
1  344.687	6.976470e+01	2.016808e+00	1.380735e-01	-1.253272e+00	-6.292889e-01	4.061930e-01	
3  348.716	7.054327e+01	2.015627e+00	1.395940e-01	-1.225453e+00	-6.331773e-01	4.129658e-01	
1  348.443	7.057512e+01	2.020492e+00	1.410129e-01	-1.240463e+00	-7.114976e-01	4.273536e-01	
4  344.759	6.964745e+01	1.980622e+00	1.409246e-01	-1.281791e+00	-7.090513e-01	4.296138e-01	
1  345.21	6.943985e+01	1.945230e+00	1.411794e-01	-1.344698e+00	-6.621281e-01	4.388889e-01	
2  344.666	6.953502e+01	1.977645e+00	1.421485e-01	-1.257967e+00	-6.919621e-01	4.408180e-01	
2  347.331	7.043518e+01	1.977597e+00	1.422483e-01	-1.254114e+00	-7.589901e-01	4.438620e-01	
1  346.541	7.034114e+01	2.001295e+00	1.408562e-01	-1.327334e+00	-7.210869e-01	4.487780e-01	
1  346.111	6.918597e+01	1.978127e+00	1.387658e-01	-1.319165e+00	-7.864788e-01	4.548732e-01	
2  345.9	6.936652e+01	2.008064e+00	1.424306e-01	-1.275283e+00	-8.401482e-01	4.491958e-01	
2  344.659	6.890221e+01	2.004860e+00	1.435966e-01	-1.166402e+00	-8.212794e-01	4.356787e-01	
1  344.57	6.935713e+01	1.983662e+00	1.418127e-01	-1.145590e+00	-8.250342e-01	4.023617e-01	
2  345.902	6.993899e+01	1.967167e+00	1.403043e-01	-1.193001e+00	-8.188857e-01	3.931317e-01	
2  345.36	6.975674e+01	1.952784e+00	1.405173e-01	-1.190311e+00	-7.663462e-01	3.784838e-01	
3  343.777	6.919688e+01	1.945665e+00	1.395666e-01	-1.271977e+00	-7.824783e-01	3.642705e-01	
1  344.923	6.956412e+01	1.951193e+00	1.446217e-01	-1.297657e+00	-7.362406e-01	3.826002e-01	
5  345.64	6.988051e+01	1.919432e+00	1.426459e-01	-1.228816e+00	-7.165822e-01	3.795570e-01	
1  344.116	6.917330e+01	1.984181e+00	1.416427e-01	-1.225099e+00	-6.870874e-01	3.939250e-01	
3  344.46	6.892372e+01	2.005156e+00	1.430272e-01	-1.183088e+00	-8.098338e-01	3.722150e-01	
1  345.837	6.826508e+01	2.015980e+00	1.425660e-01	-1.189674e+00	-7.634115e-01	3.725417e-01	
4  344.365	6.801082e+01	1.989619e+00	1.381379e-01	-1.128633e+00	-7.385948e-01	3.739694e-01	
2  343.7	6.880359e+01	1.988001e+00	1.408251e-01	-1.155204e+00	-7.143134e-01	3.634925e-01	
2  343.884	6.886415e+01	2.004648e+00	1.409575e-01	-1.139539e+00	-7.422118e-01	3.545695e-01	
4  343.542	6.886280e+01	2.020927e+00	1.375748e-01	-1.117511e+00	-7.622700e-01	3.509231e-01	
1  343.343	6.812577e+01	1.994931e+00	1.360245e-01	-1.051871e+00	-7.222011e-01	3.699524e-01	
1  343.348	6.858869e+01	2.014752e+00	1.353255e-01	-1.054714e+00	-7.564034e-01	3.770088e-01	
3  343.939	6.779703e+01	1.974613e+00	1.301994e-01	-1.074965e+00	-8.263550e-01	3.709975e-01	
3  343.235	6.848047e+01	1.978272e+00	1.301492e-01	-1.044984e+00	-8.413983e-01	3.714560e-01	
2  343.501	6.849403e+01	2.010361e+00	1.300004e-01	-1.002026e+00	-8.797859e-01	3.977678e-01	
1  343.501	6.793634e+01	2.009286e+00	1.304401e-01	-1.037621e+00	-9.571063e-01	3.902432e-01	
3  343.134	6.833817e+01	1.992321e+00	1.283455e-01	-1.067727e+00	-9.846561e-01	3.952216e-01	
2  343.846	6.770214e+01	1.998986e+00	1.281441e-01	-1.013533e+00	-9.049314e-01	3.728170e-01	
1  343.921	6.783155e+01	1.990564e+00	1.264579e-01	-1.052465e+00	-8.902794e-01	3.771389e-01	
1  344.586	6.770478e+01	1.967546e+00	1.254720e-01	-1.070040e+00	-8.711326e-01	3.825595e-01	
1  343.883	6.802643e+01	1.955276e+00	1.260009e-01	-1.096979e+00	-8.229543e-01	3.827519e-01	
3  343.631	6.817644e+01	1.954925e+00	1.263295e-01	-1.094643e+00	-9.141356e-01	3.746514e-01	
1  344.578	6.830443e+01	1.944149e+00	1.217597e-01	-1.041472e+00	-8.818940e-01	3.733158e-01	
2  344.746	6.811508e+01	1.889630e+00	1.238223e-01	-1.049549e+00	-8.441913e-01	3.786979e-01	
2  347.702	6.888873e+01	1.904993e+00	1.243264e-01	-9.935966e-01	-8.414295e-01	3.693721e-01	
2  346.216	6.872190e+01	1.886097e+00	1.228966e-01	-1.044404e+00	-8.526583e-01	3.916489e-01	
1  344.818	6.867508e+01	1.867866e+00	1.251081e-01	-1.097762e+00	-8.611796e-01	3.890157e-01	
4  344.712	6.787648e+01	1.872404e+00	1.252532e-01	-1.081578e+00	-8.090486e-01	3.714822e-01	
2  344.038	6.841128e+01	1.898495e+00	1.261642e-01	-1.095164e+00	-7.617720e-01	3.624246e-01	
1  345.851	6.900708e+01	1.853114e+00	1.310265e-01	-1.078787e+00	-7.258085e-01	3.644786e-01	
1  345.719	6.876317e+01	1.872692e+00	1.311273e-01	-1.024692e+00	-7.745590e-01	3.560688e-01	
2  344.45	6.834599e+01	1.879906e+00	1.305199e-01	-1.033506e+00	-6.972550e-01	3.522308e-01	
2  344.435	6.826565e+01	1.872794e+00	1.328436e-01	-1.015566e+00	-7.069839e-01	3.597764e-01	
1  344.297	6.747016e+01	1.868375e+00	1.384374e-01	-1.022721e+00	-6.948746e-01	3.502603e-01	
1  345.127	6.715720e+01	1.910648e+00	1.366678e-01	-9.605933e-01	-6.486514e-01	3.493105e-01	
1  345.28	6.783749e+01	1.888991e+00	1.335642e-01	-9.279147e-01	-7.049774e-01	3.518094e-01	
3  344.694	6.836868e+01	1.924544e+00	1.340979e-01	-9.790754e-01	-7.173062e-01	3.490273e-01	
2  343.507	6.788315e+01	1.886654e+00	1.348236e-01	-1.032417e+00	-8.229691e-01	3.573488e-01	
1  343.53	6.784047e+01	1.895441e+00	1.338896e-01	-1.051197e+00	-8.235235e-01	3.384017e-01	
3  343.557	6.825603e+01	1.898931e+00	1.314841e-01	-1.045318e+00	-8.094058e-01	3.350100e-01	
2  344.839	6.862852e+01	1.906493e+00	1.333706e-01	-1.009257e+00	-7.662990e-01	3.381142e-01	
5  345.07	6.714162e+01	1.933000e+00	1.323104e-01	-9.400851e-01	-7.494373e-01	3.506589e-01	
4  344.901	6.721158e+01	1.961002e+00	1.305779e-01	-9.219567e-01	-7.558033e-01	3.522847e-01	
1  344.953	6.754785e+01	1.979473e+00	1.326430e-01	-8.741330e-01	-7.705606e-01	3.536381e-01	
1  344.454	6.811111e+01	1.939372e+00	1.306370e-01	-9.428173e-01	-8.544412e-01	3.536650e-01	
2  344.49	6.854841e+01	1.965695e+00	1.315986e-01	-9.724418e-01	-8.827774e-01	3.729110e-01	
2  345.368	6.778536e+01	1.940998e+00	1.279706e-01	-8.853914e-01	-9.158700e-01	3.755454e-01	
3  344.895	6.766903e+01	1.957828e+00	1.255197e-01	-9.069614e-01	-9.282913e-01	3.806001e-01	
1  346.224	6.760080e+01	1.903546e+00	1.226775e-01	-9.124757e-01	-9.669797e-01	4.024573e-01	
1  346.672	6.842866e+01	1.890749e+00	1.239200e-01	-9.573850e-01	-9.631512e-01	3.757389e-01	
1  349.295	6.893467e+01	1.865361e+00	1.219818e-01	-9.941220e-01	-9.238375e-01	3.806721e-01	
1  345.147	6.873545e+01	1.900615e+00	1.253304e-01	-1.038730e+00	-9.371275e-01	4.132251e-01	
3  343.836	6.814032e+01	1.915258e+00	1.263700e-01	-1.032018e+00	-1.013773e+00	3.961972e-01	
1  344.895	6.839764e+01	1.907842e+00	1.267727e-01	-9.831792e-01	-9.730988e-01	3.894698e-01	
1  344.843	6.751136e+01	1.911971e+00	1.255401e-01	-9.513868e-01	-1.032543e+00	3.886287e-01	
9  344.48	6.778852e+01	1.939108e+00	1.236314e-01	-9.840811e-01	-1.014981e+00	3.698756e-01	
1  345.196	6.747136e+01	1.947707e+00	1.234826e-01	-1.017435e+00	-9.249521e-01	3.753002e-01	
1  345.398	6.781272e+01	1.957460e+00	1.231060e-01	-1.110896e+00	-1.008245e+00	3.652582e-01	
1  343.81	6.847659e+01	1.964507e+00	1.250233e-01	-1.136532e+00	-1.042345e+00	3.711069e-01	
1  344.345	6.894658e+01	1.965348e+00	1.217841e-01	-1.140000e+00	-9.766427e-01	3.603553e-01	
2  345.054	6.812382e+01	1.921718e+00	1.206592e-01	-1.105646e+00	-9.307758e-01	3.557115e-01	
1  345.832	6.913480e+01	1.867303e+00	1.234980e-01	-1.146294e+00	-8.552514e-01	3.746455e-01	
4  345.743	6.871613e+01	1.891044e+00	1.242451e-01	-1.054498e+00	-7.860510e-01	3.820563e-01	
3  345.631	6.872459e+01	1.926016e+00	1.221919e-01	-1.059897e+00	-7.439176e-01	3.872149e-01	
2  344.67	6.783277e+01	1.912446e+00	1.242562e-01	-1.087764e+00	-7.369778e-01	3.799057e-01	
1  344.282	6.836821e+01	1.927449e+00	1.229370e-01	-1.128765e+00	-6.642198e-01	3.469866e-01	
2  344.137	6.826132e+01	1.944440e+00	1.237791e-01	-1.169013e+00	-6.928793e-01	3.388459e-01	
2  344.107	6.883641e+01	1.934645e+00	1.235144e-01	-1.188456e+00	-7.028435e-01	3.579261e-01	
1  345.204	6.888658e+01	1.930744e+00	1.204292e-01	-1.149010e+00	-6.884512e-01	3.744779e-01	
1  344.123	6.867247e+01	1.976267e+00	1.212553e-01	-1.163895e+00	-6.724922e-01	3.609959e-01	
3  344.574	6.867328e+01	1.981185e+00	1.196598e-01	-1.129585e+00	-6.449133e-01	3.541364e-01	
1  345.131	6.792629e+01	1.977801e+00	1.187323e-01	-1.089686e+00	-6.332907e-01	3.612079e-01	
4  344.431	6.830435e+01	1.965849e+00	1.217413e-01	-1.071441e+00	-6.151146e-01	3.789686e-01	
5  344.135	6.834472e+01	1.912929e+00	1.252701e-01	-1.104004e+00	-6.003359e-01	3.824526e-01	
1  343.896	6.844527e+01	1.902379e+00	1.260261e-01	-1.138496e+00	-6.387650e-01	3.775835e-01	
1  345.429	6.782386e+01	1.900444e+00	1.270736e-01	-1.193627e+00	-7.576599e-01	3.457778e-01	
4  344.881	6.788461e+01	1.899925e+00	1.286194e-01	-1.198729e+00	-6.385514e-01	3.552584e-01	
2  343.862	6.884674e+01	1.903994e+00	1.263472e-01	-1.208722e+00	-5.800941e-01	3.570914e-01	
4  345.417	6.868298e+01	1.844595e+00	1.224138e-01	-1.228847e+00	-5.547961e-01	3.397779e-01	
3  345.431	6.888746e+01	1.836933e+00	1.228221e-01	-1.285069e+00	-5.020633e-01	3.387604e-01	
1  345.294	6.823725e+01	1.821427e+00	1.258833e-01	-1.284990e+00	-4.554596e-01	3.548175e-01	
1  344.149	6.877736e+01	1.826626e+00	1.285845e-01	-1.311471e+00	-5.470216e-01	3.537084e-01	
1  344.457	6.849282e+01	1.793259e+00	1.290535e-01	-1.293287e+00	-5.101538e-01	3.623342e-01	
1  343.63	6.866409e+01	1.802874e+00	1.321483e-01	-1.271436e+00	-5.055635e-01	3.746796e-01	
2  343.662	6.882221e+01	1.814635e+00	1.318533e-01	-1.259707e+00	-3.856209e-01	3.874915e-01	
1  343.651	6.919087e+01	1.831110e+00	1.323268e-01	-1.333832e+00	-4.228646e-01	3.768614e-01	
1  343.637	6.921012e+01	1.826787e+00	1.340630e-01	-1.304755e+00	-4.043504e-01	3.544050e-01	
1  343.809	6.853315e+01	1.787410e+00	1.337245e-01	-1.325488e+00	-4.137184e-01	3.626433e-01	
1  344.487	6.897608e+01	1.781134e+00	1.296803e-01	-1.293079e+00	-3.936298e-01	3.654249e-01	
9  344.743	6.852127e+01	1.771761e+00	1.287159e-01	-1.239268e+00	-3.651074e-01	3.822302e-01	
1  344.951	6.851414e+01	1.756673e+00	1.286011e-01	-1.242332e+00	-3.784554e-01	3.886070e-01	
2  345.302	6.897428e+01	1.747586e+00	1.277302e-01	-1.290201e+00	-4.827100e-01	4.000743e-01	
1  345.547	6.839268e+01	1.739610e+00	1.277546e-01	-1.286891e+00	-5.109216e-01	4.031622e-01	
2  344.338	6.866598e+01	1.743450e+00	1.315920e-01	-1.248908e+00	-4.272410e-01	4.242306e-01	
3  344.649	6.834452e+01	1.777181e+00	1.291846e-01	-1.175974e+00	-5.148153e-01	4.064433e-01	
2  344.795	6.929539e+01	1.786717e+00	1.316215e-01	-1.250817e+00	-4.923560e-01	4.048926e-01	
2  344.802	6.896319e+01	1.767958e+00	1.334621e-01	-1.183407e+00	-5.507054e-01	3.930179e-01	
1  345.272	6.816512e+01	1.704350e+00	1.323182e-01	-1.279606e+00	-5.763239e-01	4.146704e-01	
3  344.93	6.837790e+01	1.721532e+00	1.302350e-01	-1.239616e+00	-5.634751e-01	4.293637e-01	
13  345.713	6.962629e+01	1.770328e+00	1.333692e-01	-1.262118e+00	-5.236046e-01	4.024058e-01	
1  343.915	6.917490e+01	1.766819e+00	1.336264e-01	-1.301831e+00	-4.670722e-01	4.200660e-01	
1  344.273	6.885138e+01	1.736087e+00	1.348956e-01	-1.354386e+00	-5.307553e-01	4.288838e-01	
5  345.03	6.828000e+01	1.714171e+00	1.312752e-01	-1.259325e+00	-5.588793e-01	4.328456e-01	
1  344.455	6.860841e+01	1.761658e+00	1.304564e-01	-1.181126e+00	-6.284138e-01	4.356317e-01	
5  344.369	6.842779e+01	1.769295e+00	1.301431e-01	-1.188949e+00	-5.728248e-01	4.378511e-01	
1  344.785	6.820922e+01	1.769607e+00	1.286642e-01	-1.150282e+00	-6.914609e-01	4.256224e-01	
4  343.999	6.859006e+01	1.744215e+00	1.340778e-01	-1.167580e+00	-7.289236e-01	4.014909e-01	
1  346.543	6.751220e+01	1.729824e+00	1.303101e-01	-1.183282e+00	-6.983920e-01	3.928178e-01	
1  344.454	6.783631e+01	1.748807e+00	1.332993e-01	-1.122010e+00	-7.148733e-01	3.833958e-01	
2  345.05	6.846457e+01	1.759065e+00	1.319284e-01	-1.085053e+00	-8.062326e-01	3.831948e-01	
2  344.82	6.797539e+01	1.738694e+00	1.318289e-01	-1.097221e+00	-7.627526e-01	3.741020e-01	
3  345.543	6.733962e+01	1.734035e+00	1.345544e-01	-1.107012e+00	-6.696182e-01	3.815954e-01	
4  344.703	6.780955e+01	1.745926e+00	1.348451e-01	-1.066077e+00	-6.689295e-01	3.848586e-01	
1  344.942	6.733813e+01	1.764580e+00	1.376771e-01	-1.049747e+00	-6.241046e-01	3.514454e-01	
1  344.418	6.775026e+01	1.744880e+00	1.375964e-01	-1.190471e+00	-7.218170e-01	3.592850e-01	
2  344.103	6.855509e+01	1.738543e+00	1.372197e-01	-1.347148e+00	-7.307671e-01	3.645905e-01	
6  343.347	6.868379e+01	1.723752e+00	1.401394e-01	-1.282788e+00	-8.523890e-01	3.903331e-01	
1  343.353	6.856692e+01	1.737511e+00	1.387236e-01	-1.243111e+00	-8.102797e-01	4.166715e-01	
1  344.413	6.827036e+01	1.765093e+00	1.378960e-01	-1.259124e+00	-8.358857e-01	4.179403e-01	
3  343.825	6.869520e+01	1.766143e+00	1.361389e-01	-1.306497e+00	-7.094614e-01	4.051137e-01	
3  343.6	6.864772e+01	1.773692e+00	1.382184e-01	-1.309009e+00	-7.069990e-01	3.838756e-01	
1  347.517	6.773594e+01	1.799424e+00	1.360499e-01	-1.321293e+00	-7.022935e-01	3.618057e-01	
2  346.091	6.771217e+01	1.792354e+00	1.354017e-01	-1.285973e+00	-6.745534e-01	3.343481e-01	
2  343.125	6.886498e+01	1.810260e+00	1.366020e-01	-1.275358e+00	-6.312504e-01	3.403081e-01	
1  343.339	6.895413e+01	1.841775e+00	1.337316e-01	-1.243956e+00	-6.216193e-01	3.452216e-01	
12  343.239	6.873343e+01	1.888321e+00	1.315454e-01	-1.267066e+00	-5.917913e-01	3.248927e-01	
1  343.611	6.895482e+01	1.906513e+00	1.300525e-01	-1.330575e+00	-6.391901e-01	3.222473e-01	
3  344.038	6.869416e+01	1.956250e+00	1.278044e-01	-1.327380e+00	-5.814585e-01	3.147175e-01	
1  344.075	6.807781e+01	1.984127e+00	1.285316e-01	-1.206567e+00	-5.286868e-01	3.147181e-01	
1  344.158	6.932068e+01	1.991749e+00	1.246227e-01	-1.229401e+00	-4.821288e-01	3.370779e-01	
1  343.981	6.893523e+01	1.978149e+00	1.244751e-01	-1.334094e+00	-4.036478e-01	3.295930e-01	
1  343.184	6.899298e+01	1.980225e+00	1.291952e-01	-1.248094e+00	-3.826378e-01	3.146808e-01	
3  344.91	6.804779e+01	1.974291e+00	1.312824e-01	-1.276564e+00	-3.776848e-01	3.224233e-01	
1  343.864	6.955838e+01	2.005079e+00	1.288981e-01	-1.402981e+00	-3.315315e-01	3.110686e-01	
1  343.851	6.944293e+01	2.007462e+00	1.258415e-01	-1.342535e+00	-3.919972e-01	3.040771e-01	
2  343.755	6.935445e+01	2.022040e+00	1.266301e-01	-1.250861e+00	-4.023792e-01	3.193502e-01	
2  343.269	6.909791e+01	2.070146e+00	1.284904e-01	-1.255725e+00	-4.625271e-01	3.299482e-01	
3  343.408	6.911308e+01	2.053385e+00	1.276626e-01	-1.296048e+00	-4.369756e-01	3.250484e-01	
2  344.546	6.889311e+01	2.045429e+00	1.293105e-01	-1.372075e+00	-4.779102e-01	3.160733e-01	
2  343.999	6.948219e+01	2.032940e+00	1.319398e-01	-1.360467e+00	-4.966279e-01	3.364900e-01	
4  344.496	6.976261e+01	2.060867e+00	1.325397e-01	-1.347615e+00	-6.048457e-01	3.337440e-01	
2  344.448	6.962942e+01	2.079832e+00	1.297634e-01	-1.347311e+00	-6.720273e-01	3.332656e-01	
3  344.429	6.980519e+01	2.071074e+00	1.294401e-01	-1.323728e+00	-6.370054e-01	3.311120e-01	
2  344.678	6.959767e+01	2.085712e+00	1.300540e-01	-1.376969e+00	-6.511967e-01	3.258801e-01	
3  344.703	6.989271e+01	2.114821e+00	1.272135e-01	-1.294591e+00	-6.605880e-01	3.654589e-01	
6  347.513	7.064528e+01	2.137590e+00	1.281094e-01	-1.297825e+00	-6.392330e-01	3.630770e-01	
1  346.435	6.902393e+01	2.111333e+00	1.248171e-01	-1.360077e+00	-6.750483e-01	3.669207e-01	
1  344.899	6.935698e+01	2.139044e+00	1.236703e-01	-1.331648e+00	-6.719888e-01	3.478604e-01	
3  346.089	7.026069e+01	2.152565e+00	1.255062e-01	-1.399915e+00	-6.551977e-01	3.514722e-01	
1  344.881	6.996335e+01	2.158488e+00	1.254629e-01	-1.276068e+00	-6.174501e-01	3.487537e-01	
1  344.656	6.971194e+01	2.157518e+00	1.308373e-01	-1.282861e+00	-5.779487e-01	3.344695e-01	
1  344.719	6.950732e+01	2.170682e+00	1.331774e-01	-1.232830e+00	-6.454357e-01	3.350667e-01	
3  344.252	6.921347e+01	2.141460e+00	1.320388e-01	-1.243424e+00	-7.686011e-01	3.065858e-01	
3  344.01	6.859138e+01	2.169131e+00	1.296699e-01	-1.160471e+00	-7.629010e-01	2.906268e-01	
2  344.625	6.845332e+01	2.160169e+00	1.300285e-01	-1.195655e+00	-7.453771e-01	2.785644e-01	
2  344.453	6.918935e+01	2.163654e+00	1.325854e-01	-1.245671e+00	-7.576846e-01	2.822630e-01	
1  344.818	6.868544e+01	2.150780e+00	1.347958e-01	-1.194577e+00	-8.184427e-01	2.777920e-01	
1  348.071	6.812781e+01	2.157736e+00	1.338151e-01	-1.261583e+00	-8.274831e-01	2.710371e-01	
3  346.257	6.907453e+01	2.169955e+00	1.348839e-01	-1.357993e+00	-8.114333e-01	2.608743e-01	
2  347.328	6.902103e+01	2.168911e+00	1.311292e-01	-1.405445e+00	-9.664880e-01	2.739855e-01	
2  346.381	6.977517e+01	2.227457e+00	1.315108e-01	-1.394177e+00	-9.109747e-01	2.555820e-01	
1  347.112	7.010023e+01	2.234807e+00	1.335890e-01	-1.365940e+00	-9.025095e-01	2.630373e-01	
2  346.969	6.915261e+01	2.233577e+00	1.338983e-01	-1.332957e+00	-8.829576e-01	2.594438e-01	
1  346.635	6.948548e+01	2.234301e+00	1.361281e-01	-1.274603e+00	-8.847906e-01	2.709522e-01	
3  346.905	7.005382e+01	2.248812e+00	1.332331e-01	-1.294210e+00	-9.110807e-01	2.632521e-01	
2  347.076	7.001837e+01	2.242870e+00	1.329343e-01	-1.345025e+00	-9.156180e-01	2.864833e-01	
1  346.842	7.008169e+01	2.208026e+00	1.339767e-01	-1.326947e+00	-9.038651e-01	2.991550e-01	
2  346.557	6.975806e+01	2.207353e+00	1.360811e-01	-1.266517e+00	-8.822610e-01	3.163790e-01	
3  347.008	6.930144e+01	2.208537e+00	1.389425e-01	-1.232544e+00	-8.848075e-01	3.187166e-01	
2  348.13	6.913734e+01	2.204151e+00	1.409350e-01	-1.252731e+00	-9.330824e-01	3.123377e-01	
7  346.598	6.910211e+01	2.211403e+00	1.369491e-01	-1.235317e+00	-8.272387e-01	3.158757e-01	
1  347.362	7.002797e+01	2.225794e+00	1.367242e-01	-1.256711e+00	-8.761964e-01	3.101083e-01	
4  345.963	6.955411e+01	2.214998e+00	1.332637e-01	-1.294193e+00	-8.590195e-01	2.938796e-01	
1  344.974	6.934579e+01	2.181688e+00	1.299404e-01	-1.307201e+00	-8.770927e-01	2.782086e-01	
1  345.006	6.985972e+01	2.172899e+00	1.280508e-01	-1.279642e+00	-8.951092e-01	2.922372e-01	
1  345.332	7.003358e+01	2.148219e+00	1.251395e-01	-1.277910e+00	-9.616076e-01	2.896964e-01	
1  345.094	6.994986e+01	2.133242e+00	1.247331e-01	-1.266129e+00	-9.261062e-01	2.881203e-01	
7  345.396	7.000182e+01	2.184579e+00	1.233933e-01	-1.226185e+00	-9.580087e-01	2.854787e-01	
1  345.212	6.999356e+01	2.148174e+00	1.244739e-01	-1.295921e+00	-9.677324e-01	2.964094e-01	
2  344.917	6.981755e+01	2.157672e+00	1.275831e-01	-1.290970e+00	-1.014217e+00	2.809346e-01	
1  344.63	6.883943e+01	2.159704e+00	1.308056e-01	-1.222561e+00	-9.878734e-01	2.720778e-01	
4  345.506	6.954970e+01	2.190363e+00	1.310655e-01	-1.305297e+00	-1.033146e+00	2.808886e-01	
1  347.195	7.038852e+01	2.182167e+00	1.321820e-01	-1.282550e+00	-9.575821e-01	3.012230e-01	
7  347.24	7.022717e+01	2.215395e+00	1.333009e-01	-1.343201e+00	-9.164500e-01	3.061652e-01	
1  346.552	6.924266e+01	2.216596e+00	1.302885e-01	-1.339992e+00	-9.043682e-01	2.923947e-01	
2  346.805	6.904957e+01	2.224244e+00	1.266904e-01	-1.367265e+00	-8.794994e-01	2.786033e-01	
3  344.786	6.967183e+01	2.236264e+00	1.250555e-01	-1.310970e+00	-7.588338e-01	2.651194e-01	
5  344.359	6.947330e+01	2.218835e+00	1.257526e-01	-1.287261e+00	-6.721765e-01	2.770210e-01	
1  344.538	6.912617e+01	2.212812e+00	1.258302e-01	-1.294380e+00	-5.999442e-01	2.920069e-01	
1  344.689	6.909651e+01	2.204553e+00	1.245128e-01	-1.325546e+00	-5.740021e-01	2.859984e-01	
2  345.477	7.007374e+01	2.211397e+00	1.180640e-01	-1.369854e+00	-5.499181e-01	2.905943e-01	
1  345.227	7.001794e+01	2.242406e+00	1.223170e-01	-1.278481e+00	-6.471111e-01	2.839195e-01	
2  347.454	7.057520e+01	2.234393e+00	1.269024e-01	-1.320684e+00	-5.404238e-01	2.972369e-01	
1  346.836	7.040018e+01	2.228390e+00	1.287375e-01	-1.283134e+00	-6.278291e-01	3.322526e-01	
2  347.346	7.061230e+01	2.193662e+00	1.273798e-01	-1.328797e+00	-7.312651e-01	3.284601e-01	
2  346.467	7.021790e+01	2.195836e+00	1.307751e-01	-1.373675e+00	-8.010241e-01	2.972069e-01	
3  346.314	6.985566e+01	2.210972e+00	1.306790e-01	-1.407532e+00	-7.326421e-01	2.908351e-01	
2  346.287	6.951723e+01	2.193115e+00	1.310294e-01	-1.400563e+00	-7.840243e-01	2.881954e-01	
1  347.259	6.917386e+01	2.184615e+00	1.282713e-01	-1.427705e+00	-8.448469e-01	2.881805e-01	
1  346.472	7.036153e+01	2.187820e+00	1.278037e-01	-1.424755e+00	-8.243593e-01	2.678574e-01	
2  345.978	7.020551e+01	2.165726e+00	1.296833e-01	-1.383008e+00	-8.004080e-01	2.492219e-01	
2  343.896	6.929694e+01	2.142559e+00	1.277517e-01	-1.306028e+00	-8.061438e-01	2.379442e-01	
1  344.242	6.918001e+01	2.126823e+00	1.275115e-01	-1.379330e+00	-8.378203e-01	2.306622e-01	
1  345.54	7.005640e+01	2.116373e+00	1.294487e-01	-1.362403e+00	-7.608075e-01	2.124032e-01	
2  343.897	6.949380e+01	2.094731e+00	1.272506e-01	-1.389648e+00	-8.147179e-01	1.860392e-01	
3  343.324	6.895967e+01	2.059990e+00	1.306008e-01	-1.368409e+00	-8.382693e-01	1.659274e-01	
1  343.337	6.902759e+01	2.064801e+00	1.276162e-01	-1.377605e+00	-7.886489e-01	1.739137e-01	
5  343.4	6.909276e+01	2.058804e+00	1.257268e-01	-1.350498e+00	-7.635781e-01	1.414148e-01	
2  344.905	6.803098e+01	2.053567e+00	1.239727e-01	-1.377513e+00	-7.991361e-01	1.377483e-01	
1  345.081	6.798133e+01	2.030184e+00	1.199567e-01	-1.318341e+00	-8.856512e-01	1.296649e-01	
1  343.369	6.877230e+01	2.059083e+00	1.232735e-01	-1.221447e+00	-8.904426e-01	1.235343e-01	
1  343.281	6.826308e+01	2.075556e+00	1.268776e-01	-1.170478e+00	-9.326628e-01	1.340904e-01	
4  343.092	6.854914e+01	2.106200e+00	1.241066e-01	-1.175533e+00	-9.323231e-01	1.181666e-01	
2  344.027	6.809607e+01	2.133509e+00	1.225651e-01	-1.207460e+00	-8.787990e-01	1.199898e-01	
1  343.983	6.802437e+01	2.158714e+00	1.244149e-01	-1.132947e+00	-8.274332e-01	1.184897e-01	
4  343.733	6.918478e+01	2.191366e+00	1.254587e-01	-1.152882e+00	-8.940954e-01	1.186332e-01	
1  343.377	6.895075e+01	2.196902e+00	1.260369e-01	-1.192292e+00	-8.603721e-01	1.063466e-01	
5  343.344	6.876435e+01	2.178716e+00	1.281749e-01	-1.168042e+00	-9.371405e-01	8.850503e-02	
5  343.659	6.907600e+01	2.168777e+00	1.285492e-01	-1.184259e+00	-1.013384e+00	9.633383e-02	
6  344.57	6.951193e+01	2.186032e+00	1.260946e-01	-1.226566e+00	-9.955314e-01	1.042098e-01	
2  345.332	6.963178e+01	2.193607e+00	1.265864e-01	-1.188284e+00	-1.019601e+00	8.279203e-02	
1  344.633	6.950005e+01	2.199709e+00	1.269562e-01	-1.288544e+00	-9.767001e-01	7.410474e-02	
2  344.06	6.807585e+01	2.149368e+00	1.280291e-01	-1.305507e+00	-9.140441e-01	5.595110e-02	
1  344.098	6.930644e+01	2.139251e+00	1.278606e-01	-1.334174e+00	-9.542038e-01	6.575820e-02	
1  343.416	6.881558e+01	2.155439e+00	1.292404e-01	-1.346213e+00	-9.605694e-01	8.456801e-02	
1  344.351	6.949127e+01	2.164081e+00	1.275884e-01	-1.338761e+00	-8.942342e-01	9.973304e-02	
15  343.865	6.936959e+01	2.156977e+00	1.271397e-01	-1.359879e+00	-1.026449e+00	1.274200e-01	
2  343.845	6.929488e+01	2.112399e+00	1.246266e-01	-1.287739e+00	-1.067306e+00	1.196105e-01	
3  343.253	6.873624e+01	2.091786e+00	1.255301e-01	-1.310812e+00	-1.146953e+00	1.284280e-01	
1  344.065	6.830947e+01	2.079194e+00	1.286985e-01	-1.372097e+00	-1.101890e+00	1.247494e-01	
5  343.249	6.890783e+01	2.059137e+00	1.265066e-01	-1.346538e+00	-1.121273e+00	1.372066e-01	
1  343.362	6.855453e+01	2.088772e+00	1.263998e-01	-1.268810e+00	-1.059550e+00	1.465534e-01	
1  343.51	6.839911e+01	2.080257e+00	1.260740e-01	-1.249524e+00	-1.026630e+00	1.505321e-01	
3  343.608	6.847529e+01	2.062852e+00	1.232179e-01	-1.264250e+00	-1.023265e+00	1.594314e-01	
1  343.368	6.892695e+01	2.101483e+00	1.228815e-01	-1.176557e+00	-9.710913e-01	1.645179e-01	
1  343.443	6.890523e+01	2.068972e+00	1.232279e-01	-1.189635e+00	-8.957969e-01	1.645466e-01	
1  343.7	6.860292e+01	2.056138e+00	1.204774e-01	-1.228822e+00	-9.026229e-01	1.665283e-01	
1  343.698	6.895840e+01	2.056369e+00	1.216975e-01	-1.228704e+00	-9.390552e-01	1.734003e-01	
5  343.62	6.880109e+01	2.041696e+00	1.221155e-01	-1.206356e+00	-9.244876e-01	1.508716e-01	
2  344.236	6.797729e+01	2.037003e+00	1.219726e-01	-1.182486e+00	-9.350179e-01	1.366044e-01	
1  344.276	6.879503e+01	2.035530e+00	1.200382e-01	-1.114064e+00	-9.460351e-01	1.508396e-01	
1  344.059	6.857437e+01	2.031362e+00	1.196432e-01	-1.115855e+00	-9.945038e-01	1.487303e-01	
1  344.074	6.805920e+01	2.075068e+00	1.181045e-01	-9.823576e-01	-1.065108e+00	1.612216e-01	
2  343.517	6.848707e+01	2.104029e+00	1.204505e-01	-9.758487e-01	-1.019171e+00	1.763367e-01	
1  343.42	6.823273e+01	2.114373e+00	1.203730e-01	-1.021825e+00	-1.049254e+00	1.571326e-01	
2  343.514	6.801030e+01	2.121505e+00	1.224193e-01	-1.005551e+00	-1.004373e+00	1.563333e-01	
4  343.095	6.854820e+01	2.119640e+00	1.232851e-01	-1.045457e+00	-9.484529e-01	1.583697e-01	
2  343.495	6.886103e+01	2.105303e+00	1.216943e-01	-1.129643e+00	-9.349490e-01	1.362540e-01	
1  344.309	6.790512e+01	2.107816e+00	1.208646e-01	-1.135325e+00	-9.008573e-01	1.230257e-01	
2  343.222	6.861714e+01	2.108975e+00	1.220585e-01	-1.108443e+00	-9.194491e-01	1.204999e-01	
4  343.228	6.867328e+01	2.095112e+00	1.230770e-01	-1.112621e+00	-8.852123e-01	1.318802e-01	
1  344.03	6.908348e+01	2.116417e+00	1.199001e-01	-1.172754e+00	-8.265215e-01	1.268303e-01	
1  343.303	6.872117e+01	2.125915e+00	1.207339e-01	-1.194647e+00	-8.311983e-01	1.142505e-01	
4  343.282	6.878872e+01	2.135079e+00	1.210619e-01	-1.242862e+00	-8.006564e-01	1.214765e-01	
1  343.836	6.912947e+01	2.105276e+00	1.203767e-01	-1.319039e+00	-8.711610e-01	1.230283e-01	
1  343.831	6.847587e+01	2.073731e+00	1.204096e-01	-1.319653e+00	-9.198251e-01	1.318570e-01	
3  343.126	6.874835e+01	2.059364e+00	1.256379e-01	-1.248995e+00	-8.491574e-01	1.390341e-01	
1  343.581	6.835326e+01	2.065524e+00	1.226797e-01	-1.248563e+00	-8.485717e-01	1.441874e-01	
2  343.992	6.931214e+01	2.086054e+00	1.257631e-01	-1.240838e+00	-8.517428e-01	1.453525e-01	
1  343.297	6.846088e+01	2.096579e+00	1.237571e-01	-1.210119e+00	-8.868349e-01	1.496358e-01	
2  343.219	6.896651e+01	2.084769e+00	1.268323e-01	-1.290453e+00	-9.286815e-01	1.459590e-01	
1  343.702	6.827002e+01	2.058868e+00	1.226336e-01	-1.248582e+00	-9.825936e-01	1.282751e-01	
1  344.709	6.784465e+01	2.069972e+00	1.242370e-01	-1.230531e+00	-8.627347e-01	1.298111e-01	
2  345.699	6.766561e+01	2.049988e+00	1.225639e-01	-1.236525e+00	-9.105065e-01	1.372700e-01	
1  345.466	6.790842e+01	2.055024e+00	1.195790e-01	-1.296850e+00	-9.124267e-01	1.393193e-01	
1  343.765	6.886987e+01	2.083227e+00	1.199944e-01	-1.215017e+00	-8.179862e-01	1.271977e-01	
1  343.43	6.831637e+01	2.099322e+00	1.212987e-01	-1.167988e+00	-8.421489e-01	1.204205e-01	
3  343.465	6.886289e+01	2.087948e+00	1.232193e-01	-1.158665e+00	-8.930035e-01	1.111541e-01	
2  344.938	6.776741e+01	2.083730e+00	1.239280e-01	-1.194563e+00	-1.006247e+00	1.210265e-01	
2  343.865	6.795837e+01	2.065386e+00	1.270599e-01	-1.148326e+00	-1.026919e+00	1.246173e-01	
1  343.206	6.831508e+01	2.061484e+00	1.266535e-01	-1.177236e+00	-1.014268e+00	1.289914e-01	
1  343.3	6.884499e+01	2.057898e+00	1.252142e-01	-1.173150e+00	-1.004623e+00	1.443770e-01	
1  343.53	6.902567e+01	2.086320e+00	1.257530e-01	-1.175787e+00	-9.957595e-01	1.208474e-01	
3  343.512	6.897560e+01	2.103411e+00	1.269338e-01	-1.122668e+00	-9.711303e-01	1.072063e-01	
3  343.469	6.892972e+01	2.127370e+00	1.284892e-01	-1.090450e+00	-9.750077e-01	1.082597e-01	
1  344.577	6.919958e+01	2.104841e+00	1.301513e-01	-1.030302e+00	-1.005485e+00	1.028483e-01	
1  345.652	6.941099e+01	2.105898e+00	1.292771e-01	-9.997526e-01	-1.027726e+00	8.915048e-02	
3  343.816	6.797781e+01	2.092618e+00	1.339180e-01	-9.469865e-01	-1.047526e+00	9.252574e-02	
1  344.061	6.803366e+01	2.113074e+00	1.352656e-01	-9.431160e-01	-1.017469e+00	1.248369e-01	
1  343.995	6.803764e+01	2.104405e+00	1.353989e-01	-9.482982e-01	-1.009429e+00	1.320948e-01	
1  343.395	6.815615e+01	2.080863e+00	1.330879e-01	-8.921187e-01	-1.045315e+00	1.138101e-01	
5  343.881	6.778569e+01	2.061163e+00	1.339076e-01	-9.056633e-01	-1.066149e+00	1.090970e-01	
1  343.431	6.822365e+01	2.094182e+00	1.332243e-01	-8.984136e-01	-1.051231e+00	1.026204e-01	
1  344.444	6.777959e+01	2.106488e+00	1.336981e-01	-9.682902e-01	-9.788120e-01	9.896849e-02	
1  344.349	6.783509e+01	2.091837e+00	1.352392e-01	-9.599701e-01	-9.657611e-01	7.864167e-02	
1  344.633	6.807455e+01	2.106617e+00	1.388801e-01	-9.090730e-01	-9.504721e-01	6.579898e-02	
4  343.953	6.788174e+01	2.064123e+00	1.355263e-01	-8.931453e-01	-9.836264e-01	5.291784e-02	
1  344.797	6.796371e+01	2.103946e+00	1.382922e-01	-8.802597e-01	-9.510499e-01	1.169084e-02	
1  344.343	6.814577e+01	2.096199e+00	1.383916e-01	-7.786869e-01	-1.001721e+00	1.685954e-02	
2  343.957	6.838339e+01	2.090495e+00	1.373353e-01	-7.879572e-01	-9.696667e-01	2.428145e-02	
3  344.498	6.764730e+01	2.042516e+00	1.367598e-01	-7.463657e-01	-9.611345e-01	2.608523e-02	
2  343.92	6.805850e+01	2.050270e+00	1.375987e-01	-6.630834e-01	-9.685817e-01	5.059351e-02	
1  344.286	6.808530e+01	2.043458e+00	1.401802e-01	-6.306006e-01	-9.773642e-01	4.231957e-02	
3  344.41	6.792740e+01	2.087469e+00	1.383074e-01	-6.127916e-01	-8.643668e-01	3.953563e-02	
2  344.755	6.775888e+01	2.135284e+00	1.358437e-01	-5.820341e-01	-8.986528e-01	3.857677e-02	
2  344.26	6.781874e+01	2.123362e+00	1.340171e-01	-5.309444e-01	-8.727420e-01	2.442631e-02	
3  343.684	6.883118e+01	2.133743e+00	1.283072e-01	-4.518411e-01	-9.423922e-01	1.045620e-02	
3  343.123	6.827169e+01	2.154195e+00	1.271886e-01	-4.507017e-01	-9.106280e-01	1.527701e-02	
2  343.086	6.823380e+01	2.156480e+00	1.258246e-01	-3.523426e-01	-9.605732e-01	1.608195e-02	
1  343.359	6.794621e+01	2.150052e+00	1.273208e-01	-3.487292e-01	-9.788915e-01	2.699680e-02	
2  344.216	6.766174e+01	2.179338e+00	1.270388e-01	-3.503329e-01	-9.680480e-01	2.308819e-02	
1  343.148	6.861683e+01	2.203804e+00	1.235229e-01	-3.503826e-01	-9.586625e-01	1.227953e-02	
1  343.108	6.859283e+01	2.214582e+00	1.231781e-01	-3.103737e-01	-9.630713e-01	1.041050e-02	
3  343.108	6.865077e+01	2.225841e+00	1.208493e-01	-2.904564e-01	-9.327295e-01	1.064358e-03	
4  344.091	6.786370e+01	2.214151e+00	1.208163e-01	-3.473734e-01	-9.281421e-01	5.028002e-03	
2  343.667	6.817186e+01	2.223432e+00	1.254688e-01	-3.005575e-01	-8.941147e-01	1.306333e-03	
7  343.769	6.889312e+01	2.236378e+00	1.279656e-01	-2.807555e-01	-9.486035e-01	2.542465e-03	
1  343.631	6.841824e+01	2.253726e+00	1.279556e-01	-3.046159e-01	-8.539562e-01	1.424150e-02	
2  343.864	6.870898e+01	2.234742e+00	1.287554e-01	-2.997604e-01	-8.227961e-01	2.194307e-02	
2  344.162	6.818843e+01	2.214739e+00	1.307905e-01	-1.767286e-01	-7.812494e-01	4.125638e-02	
2  343.45	6.813459e+01	2.253657e+00	1.256665e-01	-1.455642e-01	-7.262789e-01	3.232972e-02	
1  346.235	6.923093e+01	2.219767e+00	1.253700e-01	-1.544550e-01	-7.110983e-01	2.811314e-02	
1  345.284	6.864752e+01	2.204214e+00	1.250680e-01	-1.750948e-01	-7.054425e-01	4.681728e-02	
2  343.722	6.817015e+01	2.194264e+00	1.260944e-01	-1.886143e-01	-6.472916e-01	4.099379e-02	
2  343.568	6.789736e+01	2.179066e+00	1.261009e-01	-1.390415e-01	-7.112460e-01	3.689121e-02	
1  343.34	6.842515e+01	2.204388e+00	1.279272e-01	-1.252441e-01	-7.162375e-01	1.375262e-02	
1  344.603	6.757630e+01	2.206611e+00	1.289219e-01	-1.717892e-01	-7.329699e-01	2.556931e-02	
11  348.801	6.695360e+01	2.181245e+00	1.260765e-01	-2.074122e-01	-7.203787e-01	6.633050e-03	
1  346.593	6.728274e+01	2.164634e+00	1.238461e-01	-2.011314e-01	-7.644997e-01	1.672196e-03	
1  346.421	6.713877e+01	2.111266e+00	1.232231e-01	-2.422338e-01	-7.900428e-01	8.936519e-03	
1  344.265	6.892168e+01	2.136651e+00	1.230759e-01	-3.414738e-01	-7.471758e-01	1.454515e-02	
4  344.102	6.879951e+01	2.166884e+00	1.205245e-01	-3.331396e-01	-8.004469e-01	2.166140e-02	
4  344.467	6.734375e+01	2.176965e+00	1.228389e-01	-2.829127e-01	-7.569684e-01	4.245764e-02	
7  343.598	6.795434e+01	2.174073e+00	1.273044e-01	-2.648428e-01	-7.393997e-01	4.463782e-02	
4  343.618	6.811321e+01	2.154628e+00	1.313481e-01	-2.603841e-01	-6.871177e-01	2.653045e-02	
2  343.554	6.802595e+01	2.140396e+00	1.301767e-01	-2.922063e-01	-7.516115e-01	3.474457e-02	
2  344.741	6.743102e+01	2.146819e+00	1.307614e-01	-3.177451e-01	-6.741729e-01	3.385224e-02	
1  343.486	6.818970e+01	2.131929e+00	1.300998e-01	-2.979453e-01	-6.846747e-01	3.015930e-02	
1  343.482	6.820451e+01	2.101743e+00	1.327365e-01	-3.260154e-01	-6.033587e-01	1.948831e-02	
2  343.541	6.805016e+01	2.050389e+00	1.334886e-01	-3.291082e-01	-6.202210e-01	2.439983e-02	
2  345.121	6.724201e+01	2.023142e+00	1.352787e-01	-3.057165e-01	-5.789818e-01	2.519170e-02	
3  344.574	6.787548e+01	2.039783e+00	1.384817e-01	-2.453516e-01	-7.134236e-01	3.947378e-02	
1  346.201	6.694681e+01	2.017857e+00	1.380705e-01	-2.353944e-01	-7.884065e-01	4.637141e-02	
1  346.934	6.671661e+01	1.988867e+00	1.382497e-01	-2.187607e-01	-8.164510e-01	5.133420e-02	
4  347.003	6.668335e+01	1.961209e+00	1.391331e-01	-2.737609e-01	-8.179710e-01	6.628311e-02	
3  347.641	6.656691e+01	1.948497e+00	1.410189e-01	-3.053661e-01	-8.572836e-01	6.807859e-02	
1  345.82	6.731469e+01	1.958767e+00	1.413233e-01	-3.133580e-01	-8.992989e-01	7.168376e-02	
1  346.268	6.685345e+01	1.953124e+00	1.389073e-01	-3.246778e-01	-9.979004e-01	4.979860e-02	
3  345.03	6.722411e+01	1.937306e+00	1.389379e-01	-4.103071e-01	-9.727931e-01	2.830735e-02	
6  344.322	6.777190e+01	1.977819e+00	1.410014e-01	-3.790816e-01	-9.113884e-01	1.193351e-03	
8  343.986	6.791941e+01	1.975626e+00	1.407044e-01	-3.341225e-01	-8.960764e-01	6.462560e-05	
1  344.047	6.785890e+01	1.986235e+00	1.401373e-01	-3.864590e-01	-8.327855e-01	6.690176e-03	
1  343.883	6.824341e+01	1.992842e+00	1.403153e-01	-4.313883e-01	-8.211871e-01	9.235131e-03	
4  344.434	6.794813e+01	1.981893e+00	1.433105e-01	-4.527543e-01	-8.399790e-01	4.744659e-03	
3  344.562	6.793470e+01	1.976021e+00	1.435001e-01	-4.598417e-01	-7.825964e-01	2.742866e-02	
3  345.1	6.731338e+01	1.939553e+00	1.419766e-01	-4.703984e-01	-8.172281e-01	3.953171e-02	
1  344.198	6.764787e+01	1.939530e+00	1.408417e-01	-5.174968e-01	-8.594231e-01	2.355924e-02	
2  344.358	6.762455e+01	1.922455e+00	1.424963e-01	-6.011506e-01	-8.663434e-01	1.942408e-02	
5  344.185	6.798986e+01	1.903104e+00	1.420118e-01	-5.774645e-01	-8.781530e-01	3.725775e-02	
1  343.848	6.784968e+01	1.890727e+00	1.421520e-01	-5.456493e-01	-7.782712e-01	9.259119e-03	
1  344.225	6.761311e+01	1.914070e+00	1.415923e-01	-5.280735e-01	-8.107656e-01	1.143836e-02	
2  343.909	6.796213e+01	1.935524e+00	1.410297e-01	-4.475254e-01	-8.227011e-01	1.846151e-02	
6  344.445	6.772498e+01	1.947358e+00	1.431269e-01	-4.498353e-01	-8.142110e-01	1.119383e-02	
1  344.307	6.834857e+01	1.955364e+00	1.419623e-01	-4.985759e-01	-7.722718e-01	1.932762e-02	
1  344.485	6.739477e+01	1.943636e+00	1.381824e-01	-5.620688e-01	-7.721427e-01	3.706142e-02	
4  344.069	6.835119e+01	1.958280e+00	1.404880e-01	-6.495432e-01	-8.291850e-01	2.580852e-02	
5  344.724	6.766875e+01	1.969390e+00	1.431941e-01	-6.909433e-01	-9.299029e-01	3.882566e-02	
1  345.831	6.797634e+01	2.031877e+00	1.469645e-01	-6.643257e-01	-9.634799e-01	3.434474e-02	
1  345.761	6.848043e+01	2.033295e+00	1.465808e-01	-6.950015e-01	-9.799926e-01	3.562312e-02	
2  345.765	6.880336e+01	2.066427e+00	1.432548e-01	-6.772668e-01	-9.720718e-01	3.165151e-02	
7  345.037	6.868674e+01	2.097560e+00	1.412119e-01	-7.202536e-01	-1.081639e+00	1.669243e-02	
1  345.602	6.867270e+01	2.090928e+00	1.437160e-01	-7.397813e-01	-1.074909e+00	1.996451e-02	
3  345.458	6.892756e+01	2.107833e+00	1.406554e-01	-7.843709e-01	-1.081878e+00	2.197221e-02	
10  345.886	6.919386e+01	2.082481e+00	1.400414e-01	-8.361086e-01	-1.042867e+00	1.305603e-03	
1  345.278	6.898591e+01	2.032979e+00	1.406446e-01	-8.262872e-01	-1.084651e+00	1.345188e-02	
8  346.233	6.925453e+01	2.038877e+00	1.398399e-01	-7.641606e-01	-1.150456e+00	9.689671e-03	
1  344.047	6.871030e+01	2.073698e+00	1.366873e-01	-7.268914e-01	-1.266215e+00	1.100779e-02	
1  344.388	6.885400e+01	2.097041e+00	1.364307e-01	-7.438585e-01	-1.353458e+00	1.515704e-02	
1  343.997	6.867163e+01	2.063306e+00	1.364806e-01	-7.697565e-01	-1.301745e+00	2.598722e-02	
2  344.412	6.766024e+01	2.056849e+00	1.345743e-01	-8.092647e-01	-1.351129e+00	2.539306e-02	
1  344.453	6.760673e+01	2.046960e+00	1.342233e-01	-7.996429e-01	-1.446974e+00	2.671960e-02	
4  343.56	6.839506e+01	2.059160e+00	1.357086e-01	-7.945223e-01	-1.357024e+00	3.263443e-02	
1  343.606	6.788140e+01	2.046412e+00	1.334141e-01	-7.376801e-01	-1.367184e+00	2.314144e-02	
1  344.644	6.883673e+01	2.007407e+00	1.310901e-01	-7.006920e-01	-1.405973e+00	3.938417e-02	
2  343.351	6.842809e+01	2.023053e+00	1.313990e-01	-6.624104e-01	-1.425999e+00	2.366592e-02	
3  343.315	6.814466e+01	1.990789e+00	1.303914e-01	-5.797218e-01	-1.400220e+00	2.395310e-02	
3  343.711	6.770402e+01	1.973013e+00	1.293158e-01	-5.005647e-01	-1.402534e+00	1.223298e-02	
1  343.553	6.831617e+01	1.976828e+00	1.294367e-01	-5.334456e-01	-1.374490e+00	1.711931e-02	
2  343.428	6.808914e+01	1.954347e+00	1.302265e-01	-5.434806e-01	-1.288227e+00	1.350516e-02	
2  343.741	6.833485e+01	1.953576e+00	1.305565e-01	-6.043373e-01	-1.183887e+00	2.172441e-02	
1  343.336	6.810513e+01	1.959486e+00	1.308082e-01	-6.202089e-01	-1.252597e+00	1.243882e-02	
2  343.53	6.779161e+01	1.982058e+00	1.325038e-01	-6.594623e-01	-1.224928e+00	4.737405e-03	
4  343.879	6.872444e+01	2.006069e+00	1.333783e-01	-7.612638e-01	-1.180489e+00	1.156738e-02	
1  343.458	6.864561e+01	2.043200e+00	1.325003e-01	-7.259499e-01	-1.194945e+00	1.113092e-03	
6  345.26	6.913870e+01	2.023670e+00	1.332580e-01	-6.752499e-01	-1.229622e+00	8.657767e-03	
6  343.394	6.815465e+01	2.038975e+00	1.345161e-01	-6.370123e-01	-1.234396e+00	2.906617e-02	
2  343.856	6.854219e+01	1.984759e+00	1.358920e-01	-4.940666e-01	-1.174677e+00	1.387566e-02	
4  344.02	6.757884e+01	1.963994e+00	1.368240e-01	-4.958642e-01	-1.096831e+00	2.994439e-02	
2  343.529	6.781036e+01	1.927987e+00	1.350174e-01	-4.890429e-01	-1.048250e+00	1.356836e-02	
1  344.333	6.737158e+01	1.939559e+00	1.348405e-01	-5.587975e-01	-1.041130e+00	4.077712e-02	
2  344.183	6.747248e+01	1.925083e+00	1.316181e-01	-5.307367e-01	-9.703032e-01	3.645130e-02	
2  344.919	6.828442e+01	1.935585e+00	1.310974e-01	-5.458458e-01	-1.113118e+00	5.822221e-02	
1  344.097	6.823969e+01	1.969093e+00	1.307754e-01	-5.692491e-01	-1.099927e+00	4.990455e-02	
1  343.674	6.774396e+01	2.000201e+00	1.290517e-01	-5.385038e-01	-1.108625e+00	4.671277e-02	
6  344.376	6.832067e+01	1.992026e+00	1.307070e-01	-5.563527e-01	-1.130251e+00	6.079827e-02	
1  345.111	6.872825e+01	1.994950e+00	1.312517e-01	-6.168568e-01	-1.075535e+00	5.072108e-02	
1  344.062	6.832650e+01	1.996837e+00	1.320810e-01	-6.251983e-01	-9.564936e-01	5.813479e-02	
3  344.258	6.854734e+01	1.995488e+00	1.325515e-01	-6.973581e-01	-9.141595e-01	5.251714e-02	
1  344.244	6.740777e+01	2.009951e+00	1.308685e-01	-6.645343e-01	-8.770044e-01	5.879210e-02	
2  344.691	6.730422e+01	2.048727e+00	1.279220e-01	-6.465794e-01	-8.603456e-01	5.089734e-02	
1  343.875	6.762489e+01	2.043779e+00	1.290746e-01	-5.834135e-01	-8.118245e-01	2.214849e-02	
2  345.08	6.730453e+01	2.049686e+00	1.272867e-01	-5.771415e-01	-7.847739e-01	1.896502e-02	
1  345.02	6.738882e+01	2.096826e+00	1.274250e-01	-5.679799e-01	-7.560442e-01	1.760471e-02	
2  343.17	6.833509e+01	2.073211e+00	1.272914e-01	-5.816398e-01	-7.588394e-01	1.869594e-02	
1  343.42	6.807602e+01	2.105463e+00	1.316305e-01	-5.841256e-01	-7.579875e-01	1.830463e-02	
1  344.613	6.756871e+01	2.091732e+00	1.337165e-01	-6.206631e-01	-6.764148e-01	2.980566e-02	
5  343.502	6.818198e+01	2.109875e+00	1.328627e-01	-6.881108e-01	-6.490733e-01	4.041234e-02	
1  344.054	6.815113e+01	2.121684e+00	1.358079e-01	-7.611884e-01	-6.711232e-01	2.430337e-02	
3  343.784	6.820021e+01	2.142611e+00	1.333566e-01	-8.217857e-01	-7.159954e-01	2.840194e-02	
2  343.854	6.858494e+01	2.142093e+00	1.342696e-01	-8.609975e-01	-6.824806e-01	2.421365e-02	
2  344.05	6.836609e+01	2.150487e+00	1.352103e-01	-9.007216e-01	-6.947375e-01	4.330500e-02	
1  344.017	6.845765e+01	2.176623e+00	1.339557e-01	-8.652750e-01	-6.162925e-01	4.894671e-02	
1  344.09	6.867848e+01	2.131482e+00	1.349798e-01	-8.580572e-01	-6.489981e-01	4.517311e-02	
2  344.662	6.896626e+01	2.161083e+00	1.343562e-01	-8.047281e-01	-6.309886e-01	2.920888e-02	
1  345.083	6.916831e+01	2.170643e+00	1.340272e-01	-8.296208e-01	-5.897787e-01	1.453794e-02	
1  344.9	6.914400e+01	2.175087e+00	1.330455e-01	-7.468414e-01	-4.785048e-01	1.255681e-02	
2  344.364	6.910005e+01	2.150045e+00	1.312285e-01	-8.279581e-01	-4.701544e-01	1.765568e-03	
3  345.766	6.937376e+01	2.153906e+00	1.324316e-01	-8.759174e-01	-3.704368e-01	2.341686e-02	
1  343.814	6.858324e+01	2.150801e+00	1.336652e-01	-8.222105e-01	-4.506525e-01	1.997613e-02	
3  344.177	6.901309e+01	2.165822e+00	1.302354e-01	-7.961085e-01	-4.608749e-01	1.705093e-02	
1  343.641	6.867550e+01	2.212759e+00	1.295921e-01	-7.678711e-01	-5.463172e-01	1.627384e-02	
1  344.255	6.898095e+01	2.209456e+00	1.304471e-01	-7.735434e-01	-5.014970e-01	2.414266e-02	
2  343.813	6.840257e+01	2.256707e+00	1.282917e-01	-8.611138e-01	-5.327131e-01	2.981661e-02	
4  343.705	6.843786e+01	2.249704e+00	1.278677e-01	-9.237656e-01	-5.211506e-01	2.463739e-02	
1  343.944	6.875150e+01	2.278956e+00	1.281743e-01	-8.591207e-01	-5.398205e-01	1.228871e-02	
1  343.805	6.870650e+01	2.279700e+00	1.273416e-01	-8.578965e-01	-4.599556e-01	1.156037e-02	
1  344.48	6.920150e+01	2.259206e+00	1.276007e-01	-7.889415e-01	-4.737986e-01	1.075817e-02	
4  344.597	6.909836e+01	2.249206e+00	1.305168e-01	-8.044599e-01	-4.763129e-01	1.091085e-02	
1  343.902	6.873411e+01	2.235086e+00	1.300845e-01	-9.397519e-01	-4.650625e-01	7.156971e-03	
3  344.113	6.893692e+01	2.259313e+00	1.291427e-01	-9.605611e-01	-4.717355e-01	2.889269e-02	
1  345.341	6.937674e+01	2.213117e+00	1.300882e-01	-9.780221e-01	-4.054103e-01	3.540005e-02	
1  343.853	6.829762e+01	2.243955e+00	1.279435e-01	-1.018026e+00	-4.717717e-01	4.537292e-02	
2  343.259	6.849508e+01	2.262590e+00	1.240149e-01	-1.002707e+00	-4.804376e-01	7.268800e-02	
1  344.442	6.788557e+01	2.250370e+00	1.249029e-01	-9.971400e-01	-5.169996e-01	8.623364e-02	
4  343.412	6.886300e+01	2.260206e+00	1.217413e-01	-9.457949e-01	-4.821611e-01	8.848218e-02	
1  343.464	6.900998e+01	2.242344e+00	1.184580e-01	-1.116940e+00	-5.425870e-01	1.088014e-01	
1  343.419	6.906234e+01	2.256235e+00	1.191223e-01	-1.239078e+00	-5.958911e-01	1.215264e-01	
1  344.584	6.813353e+01	2.269180e+00	1.209900e-01	-1.185235e+00	-5.654023e-01	1.250334e-01	
1  344.53	6.828181e+01	2.273588e+00	1.211386e-01	-1.232341e+00	-6.199741e-01	1.270271e-01	
2  343.74	6.865028e+01	2.271778e+00	1.217146e-01	-1.248896e+00	-6.332322e-01	1.267073e-01	
3  343.55	6.884450e+01	2.278429e+00	1.213455e-01	-1.242410e+00	-6.063494e-01	1.346103e-01	
1  343.631	6.900391e+01	2.283083e+00	1.225362e-01	-1.260930e+00	-5.317886e-01	1.408423e-01	
5  344.046	6.882518e+01	2.325784e+00	1.217752e-01	-1.253266e+00	-5.340285e-01	1.430618e-01	
1  345.991	6.817606e+01	2.315555e+00	1.229187e-01	-1.246261e+00	-5.008699e-01	1.541831e-01	
1  344.572	6.862970e+01	2.345720e+00	1.201844e-01	-1.249616e+00	-5.226462e-01	1.568778e-01	
3  343.915	6.895015e+01	2.338094e+00	1.186066e-01	-1.256469e+00	-6.065382e-01	1.507136e-01	
2  348.148	6.790579e+01	2.346262e+00	1.199638e-01	-1.267630e+00	-6.655188e-01	1.451744e-01	
5  347.238	6.786574e+01	2.317231e+00	1.218131e-01	-1.226656e+00	-5.540520e-01	1.424117e-01	
1  344.605	6.887362e+01	2.322426e+00	1.274691e-01	-1.198064e+00	-5.843063e-01	1.448453e-01	
1  346.971	6.824394e+01	2.341929e+00	1.279243e-01	-1.242628e+00	-5.205367e-01	1.408293e-01	
4  345.71	6.852847e+01	2.313406e+00	1.302735e-01	-1.217738e+00	-5.245923e-01	1.383357e-01	
3  346.895	6.843310e+01	2.308401e+00	1.356953e-01	-1.146239e+00	-4.794460e-01	1.353397e-01	
1  347.791	6.973999e+01	2.319190e+00	1.348099e-01	-1.111734e+00	-5.030004e-01	1.247373e-01	
2  345.829	6.826748e+01	2.301844e+00	1.323196e-01	-1.087642e+00	-5.015241e-01	1.217893e-01	
2  345.95	6.789031e+01	2.276458e+00	1.299306e-01	-1.073360e+00	-4.485098e-01	1.237066e-01	
2  344.351	6.923225e+01	2.257876e+00	1.287519e-01	-1.154863e+00	-5.324413e-01	1.167534e-01	
1  344.466	6.925755e+01	2.265176e+00	1.292539e-01	-1.182041e+00	-5.272650e-01	1.308364e-01	
3  343.977	6.849318e+01	2.243574e+00	1.244907e-01	-1.252741e+00	-5.629730e-01	1.317088e-01	
1  343.943	6.844136e+01	2.237968e+00	1.245903e-01	-1.239198e+00	-5.514018e-01	1.290825e-01	
1  344.313	6.951671e+01	2.237568e+00	1.243383e-01	-1.326927e+00	-5.595444e-01	1.056604e-01	
2  344.721	6.962685e+01	2.205918e+00	1.235561e-01	-1.286527e+00	-5.861371e-01	1.169909e-01	
2  344.081	6.934317e+01	2.220236e+00	1.206935e-01	-1.207528e+00	-6.627025e-01	9.782582e-02	
1  344.039	6.841768e+01	2.246657e+00	1.161260e-01	-1.246037e+00	-7.777441e-01	1.129931e-01	
2  344.051	6.857903e+01	2.243992e+00	1.136502e-01	-1.304635e+00	-7.962087e-01	9.789474e-02	
2  343.824	6.874219e+01	2.213699e+00	1.152442e-01	-1.362648e+00	-8.180096e-01	9.605741e-02	
1  343.872	6.920418e+01	2.253491e+00	1.154121e-01	-1.374486e+00	-8.095314e-01	8.755406e-02	
1  343.767	6.905183e+01	2.258786e+00	1.144224e-01	-1.323066e+00	-7.567153e-01	5.958823e-02	
2  343.917	6.914258e+01	2.236423e+00	1.152157e-01	-1.350337e+00	-6.224610e-01	6.138139e-02	
2  343.625	6.871880e+01	2.214273e+00	1.148751e-01	-1.426427e+00	-5.991856e-01	4.275982e-02	
1  343.36	6.891317e+01	2.221223e+00	1.185335e-01	-1.456400e+00	-6.316935e-01	5.726695e-02	
1  343.568	6.911798e+01	2.212877e+00	1.190560e-01	-1.507000e+00	-6.524195e-01	5.268917e-02	
2  344.191	6.822595e+01	2.239811e+00	1.194151e-01	-1.522564e+00	-7.075952e-01	4.427143e-02	
1  344.594	6.818418e+01	2.225802e+00	1.179269e-01	-1.543406e+00	-7.208646e-01	5.657996e-02	
4  344.454	6.814165e+01	2.237240e+00	1.203373e-01	-1.525652e+00	-6.857289e-01	4.429435e-02	
2  343.452	6.895562e+01	2.220268e+00	1.177620e-01	-1.468610e+00	-7.897528e-01	5.159083e-02	
1  343.292	6.895342e+01	2.199511e+00	1.211332e-01	-1.348972e+00	-7.070666e-01	6.638309e-02	
1  343.238	6.862662e+01	2.212103e+00	1.184433e-01	-1.251919e+00	-6.563611e-01	5.560337e-02	
1  343.408	6.836886e+01	2.211526e+00	1.184840e-01	-1.248915e+00	-6.422090e-01	4.801398e-02	
2  343.66	6.913180e+01	2.226863e+00	1.196893e-01	-1.200636e+00	-7.471227e-01	6.881797e-02	
2  344.336	6.816644e+01	2.249361e+00	1.161124e-01	-1.320473e+00	-7.680976e-01	5.512588e-02	
3  343.908	6.904738e+01	2.254659e+00	1.138730e-01	-1.311525e+00	-6.549153e-01	3.812298e-02	
2  343.777	6.910345e+01	2.283788e+00	1.146064e-01	-1.367657e+00	-6.566717e-01	3.056172e-02	
2  343.429	6.860620e+01	2.277543e+00	1.164082e-01	-1.325362e+00	-6.410703e-01	4.597167e-02	
5  343.404	6.898596e+01	2.283150e+00	1.203954e-01	-1.339449e+00	-6.561533e-01	4.425857e-02	
1  343.333	6.874318e+01	2.286779e+00	1.198438e-01	-1.330260e+00	-6.542946e-01	4.201782e-02	
2  343.283	6.880674e+01	2.279225e+00	1.169772e-01	-1.289029e+00	-6.725351e-01	1.358352e-02	
2  343.87	6.816829e+01	2.288360e+00	1.184690e-01	-1.178618e+00	-6.409050e-01	6.201230e-03	
2  344.672	6.789923e+01	2.277517e+00	1.160745e-01	-1.096453e+00	-6.482716e-01	1.110657e-02	
1  347.657	6.734365e+01	2.272293e+00	1.183983e-01	-1.083161e+00	-6.337318e-01	3.882656e-02	
4  347.976	6.726988e+01	2.258475e+00	1.177026e-01	-1.075340e+00	-6.919897e-01	3.657019e-02	
1  344.813	6.942879e+01	2.254100e+00	1.186261e-01	-1.069409e+00	-7.113741e-01	4.571003e-02	
1  343.216	6.874336e+01	2.228139e+00	1.185256e-01	-1.159757e+00	-7.002077e-01	5.272288e-02	
3  343.661	6.895949e+01	2.200999e+00	1.173058e-01	-1.205147e+00	-7.079215e-01	5.544176e-02	
1  343.318	6.883441e+01	2.202471e+00	1.192678e-01	-1.219810e+00	-6.918930e-01	3.899879e-02	
1  343.579	6.821088e+01	2.208361e+00	1.213173e-01	-1.235986e+00	-6.631135e-01	4.469726e-02	
2  343.971	6.923016e+01	2.181021e+00	1.255710e-01	-1.205356e+00	-6.160485e-01	7.235535e-02	
3  343.457	6.905767e+01	2.189931e+00	1.237768e-01	-1.230350e+00	-6.204586e-01	7.694648e-02	
2  343.674	6.829809e+01	2.172973e+00	1.242691e-01	-1.237547e+00	-6.639771e-01	1.155736e-01	
7  343.204	6.866459e+01	2.145367e+00	1.256720e-01	-1.284903e+00	-6.963798e-01	1.223645e-01	
1  343.596	6.833997e+01	2.145154e+00	1.236210e-01	-1.259122e+00	-6.458791e-01	1.319757e-01	
7  343.171	6.866732e+01	2.122732e+00	1.231241e-01	-1.257539e+00	-6.903039e-01	1.368187e-01	
2  344.034	6.827550e+01	2.131926e+00	1.243828e-01	-1.329910e+00	-6.789181e-01	1.299648e-01	
1  343.939	6.931826e+01	2.131978e+00	1.273549e-01	-1.256537e+00	-6.769413e-01	1.255004e-01	
4  344.954	6.797701e+01	2.147742e+00	1.249634e-01	-1.271407e+00	-6.762393e-01	1.355035e-01	
3  343.431	6.874109e+01	2.179795e+00	1.272612e-01	-1.252968e+00	-6.357010e-01	1.479479e-01	
1  343.213	6.873584e+01	2.148999e+00	1.249034e-01	-1.253440e+00	-6.770691e-01	1.565475e-01	
1  344.57	6.829687e+01	2.158019e+00	1.228270e-01	-1.310637e+00	-7.314325e-01	1.627081e-01	
1  343.859	6.858213e+01	2.167900e+00	1.235821e-01	-1.311934e+00	-7.402282e-01	1.612973e-01	
1  345.61	6.805292e+01	2.150571e+00	1.247154e-01	-1.332937e+00	-8.438278e-01	1.479199e-01	
3  345.13	6.808769e+01	2.173130e+00	1.269599e-01	-1.254910e+00	-8.524583e-01	1.442241e-01	
1  345.376	6.965461e+01	2.146967e+00	1.296838e-01	-1.172501e+00	-8.515045e-01	1.497106e-01	
1  343.676	6.914007e+01	2.157324e+00	1.294595e-01	-1.200304e+00	-8.208899e-01	1.593387e-01	
3  343.649	6.907079e+01	2.161187e+00	1.295288e-01	-1.239268e+00	-8.641276e-01	1.705938e-01	
1  343.909	6.912817e+01	2.187131e+00	1.301229e-01	-1.200727e+00	-8.964742e-01	1.317062e-01	
2  344.65	6.908186e+01	2.217383e+00	1.333060e-01	-1.182252e+00	-9.603247e-01	1.352274e-01	
1  344.498	6.877358e+01	2.207306e+00	1.342545e-01	-1.094066e+00	-8.984043e-01	1.475853e-01	
2  346.895	6.778024e+01	2.177214e+00	1.349846e-01	-1.133150e+00	-8.870598e-01	1.457845e-01	
4  345.68	6.793512e+01	2.173205e+00	1.348477e-01	-1.102296e+00	-9.007983e-01	1.164294e-01	
1  346.953	6.750932e+01	2.165863e+00	1.334974e-01	-1.053672e+00	-9.461314e-01	1.064967e-01	
2  343.946	6.864026e+01	2.144812e+00	1.348052e-01	-1.094846e+00	-9.198354e-01	1.192399e-01	
2  344.214	6.905332e+01	2.152053e+00	1.329482e-01	-1.055124e+00	-9.919474e-01	1.335231e-01	
6  343.96	6.897601e+01	2.160666e+00	1.313941e-01	-1.025365e+00	-9.998013e-01	1.364054e-01	
3  343.728	6.868124e+01	2.173364e+00	1.319629e-01	-1.065878e+00	-9.708230e-01	1.524928e-01	
8  343.816	6.884912e+01	2.128263e+00	1.320786e-01	-9.922515e-01	-1.010181e+00	1.612538e-01	
1  344.017	6.828834e+01	2.134526e+00	1.334725e-01	-1.096162e+00	-1.013563e+00	1.460884e-01	
1  343.447	6.860068e+01	2.118410e+00	1.327169e-01	-1.112272e+00	-9.852824e-01	1.184711e-01	
8  343.436	6.864894e+01	2.110082e+00	1.329920e-01	-1.129491e+00	-9.861077e-01	1.044452e-01	
3  344.21	6.797440e+01	2.120496e+00	1.325344e-01	-1.050955e+00	-1.026788e+00	1.198445e-01	
1  343.551	6.867616e+01	2.089002e+00	1.347334e-01	-1.109897e+00	-9.645611e-01	1.130637e-01	
1  344.131	6.781481e+01	2.080528e+00	1.324189e-01	-1.052032e+00	-8.529624e-01	1.020292e-01	
1  343.442	6.807499e+01	2.051210e+00	1.339075e-01	-1.035361e+00	-8.666632e-01	1.062884e-01	
2  343.294	6.858205e+01	2.047232e+00	1.335535e-01	-1.059830e+00	-8.622431e-01	1.264587e-01	
2  343.411	6.856654e+01	2.070834e+00	1.349038e-01	-1.137797e+00	-8.186743e-01	1.152280e-01	
1  344.037	6.802698e+01	2.047664e+00	1.341753e-01	-1.243590e+00	-8.910654e-01	1.026618e-01	
1  343.307	6.818640e+01	2.054267e+00	1.274964e-01	-1.325272e+00	-8.871860e-01	6.852062e-02	
4  343.729	6.910792e+01	2.094560e+00	1.258739e-01	-1.363123e+00	-9.126633e-01	5.744997e-02	
2  343.239	6.849726e+01	2.101403e+00	1.280812e-01	-1.419988e+00	-9.044957e-01	7.710456e-02	
1  343.819	6.924721e+01	2.093389e+00	1.304482e-01	-1.397321e+00	-9.789973e-01	8.386657e-02	
4  344.297	6.944305e+01	2.070021e+00	1.322339e-01	-1.396220e+00	-9.832289e-01	1.036633e-01	
1  344.688	6.959472e+01	2.055786e+00	1.289666e-01	-1.480342e+00	-1.055294e+00	9.490327e-02	
1  343.447	6.914224e+01	2.067136e+00	1.304239e-01	-1.483447e+00	-1.030523e+00	9.034724e-02	
3  343.685	6.913585e+01	2.019469e+00	1.325339e-01	-1.477715e+00	-1.116033e+00	7.087406e-02	
2  344.235	6.814748e+01	2.051674e+00	1.312448e-01	-1.530383e+00	-1.111104e+00	8.538940e-02	
1  343.41	6.908300e+01	2.026169e+00	1.322693e-01	-1.575451e+00	-1.101642e+00	7.351167e-02	
1  343.952	6.923395e+01	2.011216e+00	1.337627e-01	-1.516034e+00	-1.097336e+00	7.074999e-02	
3  343.164	6.884657e+01	2.029712e+00	1.321752e-01	-1.469931e+00	-1.042012e+00	6.978477e-02	
1  344.039	6.929062e+01	2.008870e+00	1.316153e-01	-1.528371e+00	-1.047127e+00	7.379854e-02	
1  343.105	6.874400e+01	2.007938e+00	1.325428e-01	-1.456926e+00	-1.131306e+00	6.116779e-02	
6  343.012	6.860714e+01	2.009972e+00	1.324816e-01	-1.442843e+00	-1.118848e+00	7.095930e-02	
2  343.131	6.880253e+01	2.092243e+00	1.292333e-01	-1.421288e+00	-1.019845e+00	6.562117e-02	
2  343.111	6.847717e+01	2.089544e+00	1.269069e-01	-1.377627e+00	-1.052856e+00	6.799733e-02	
2  343.083	6.866980e+01	2.069021e+00	1.306717e-01	-1.338235e+00	-1.069574e+00	7.186460e-02	
1  343.09	6.866881e+01	2.069292e+00	1.301959e-01	-1.348115e+00	-1.147211e+00	8.394201e-02	
2  343.284	6.898696e+01	2.080669e+00	1.297509e-01	-1.375558e+00	-1.085502e+00	9.087053e-02	
2  344.904	6.959079e+01	2.106828e+00	1.269551e-01	-1.344913e+00	-9.996485e-01	9.266137e-02	
1  344.077	6.944322e+01	2.129207e+00	1.242810e-01	-1.372650e+00	-9.450746e-01	1.134349e-01	
2  344.704	6.960357e+01	2.151994e+00	1.207712e-01	-1.411567e+00	-1.003148e+00	1.025666e-01	
4  343.629	6.904446e+01	2.131773e+00	1.200298e-01	-1.367144e+00	-1.065291e+00	1.051979e-01	
1  344.062	6.931356e+01	2.085835e+00	1.234218e-01	-1.360323e+00	-1.157302e+00	1.023531e-01	
4  343.511	6.841447e+01	2.064138e+00	1.240606e-01	-1.332527e+00	-1.233896e+00	1.070368e-01	
4  343.483	6.907651e+01	2.063795e+00	1.260944e-01	-1.266046e+00	-1.379277e+00	1.186011e-01	
1  343.102	6.862171e+01	2.054025e+00	1.266384e-01	-1.295598e+00	-1.409496e+00	9.433141e-02	
2  343.086	6.859898e+01	2.080038e+00	1.271405e-01	-1.306200e+00	-1.368273e+00	8.381832e-02	
2  343.118	6.872905e+01	2.114600e+00	1.264177e-01	-1.315207e+00	-1.328949e+00	7.833235e-02	
3  343.173	6.860412e+01	2.109735e+00	1.268152e-01	-1.328160e+00	-1.311054e+00	8.334028e-02	
1  345.521	6.973837e+01	2.139975e+00	1.251020e-01	-1.384252e+00	-1.291520e+00	7.223864e-02	
1  343.679	6.838473e+01	2.178111e+00	1.203849e-01	-1.400858e+00	-1.314613e+00	6.082320e-02	
2  343.298	6.866683e+01	2.196686e+00	1.199527e-01	-1.375892e+00	-1.310273e+00	5.360351e-02	
1  344.244	6.808781e+01	2.211836e+00	1.185560e-01	-1.418946e+00	-1.236775e+00	3.527494e-02	
1  343.759	6.824201e+01	2.246733e+00	1.188582e-01	-1.388428e+00	-1.193000e+00	2.355408e-02	
1  343.379	6.898860e+01	2.241259e+00	1.209875e-01	-1.399100e+00	-1.155247e+00	2.868038e-02	
3  343.27	6.848926e+01	2.217362e+00	1.197357e-01	-1.320670e+00	-1.115673e+00	3.346210e-02	
2  343.396	6.830498e+01	2.214034e+00	1.231827e-01	-1.384888e+00	-1.119609e+00	1.509323e-02	
5  343.586	6.901293e+01	2.233167e+00	1.254795e-01	-1.394275e+00	-1.077098e+00	2.245324e-02	
8  343.72	6.893978e+01	2.246534e+00	1.268538e-01	-1.383812e+00	-1.114647e+00	3.102372e-03	
2  344.414	6.810622e+01	2.202944e+00	1.291040e-01	-1.402009e+00	-1.205743e+00	2.226275e-02	
1  344.775	6.785805e+01	2.199427e+00	1.281244e-01	-1.403790e+00	-1.172632e+00	5.680337e-03	
1  343.529	6.818843e+01	2.184497e+00	1.265731e-01	-1.432565e+00	-1.090406e+00	6.669438e-03	
3  343.603	6.843184e+01	2.179156e+00	1.307734e-01	-1.346265e+00	-1.068671e+00	3.938193e-03	
2  343.091	6.853453e+01	2.149880e+00	1.271440e-01	-1.363989e+00	-1.069067e+00	5.345445e-03	
6  343.251	6.876815e+01	2.140749e+00	1.262792e-01	-1.340338e+00	-1.076279e+00	8.327890e-03	
2  343.984	6.908045e+01	2.113946e+00	1.279034e-01	-1.252556e+00	-1.044754e+00	2.167962e-02	
1  343.975	6.891600e+01	2.046985e+00	1.255871e-01	-1.226030e+00	-1.080366e+00	2.956779e-02	
1  343.006	6.846980e+01	2.050184e+00	1.282069e-01	-1.265952e+00	-1.088914e+00	4.624489e-02	
3  343.092	6.827258e+01	2.057461e+00	1.280669e-01	-1.203569e+00	-1.117388e+00	6.382486e-02	
3  343.058	6.861568e+01	2.075550e+00	1.292012e-01	-1.214029e+00	-1.090479e+00	5.702504e-02	
2  343.104	6.866032e+01	2.074912e+00	1.288224e-01	-1.222150e+00	-1.041124e+00	4.872373e-02	
3  343.374	6.817945e+01	2.076290e+00	1.281579e-01	-1.308686e+00	-1.062431e+00	6.209314e-02	
1  344.261	6.781711e+01	2.078584e+00	1.269819e-01	-1.243665e+00	-1.096629e+00	6.168724e-02	
1  343.942	6.795858e+01	2.110528e+00	1.230215e-01	-1.249730e+00	-1.095291e+00	5.178087e-02	
4  343.55	6.816212e+01	2.112235e+00	1.223212e-01	-1.199239e+00	-1.066332e+00	7.395277e-02	
3  343.307	6.893483e+01	2.171665e+00	1.218328e-01	-1.221200e+00	-1.027804e+00	8.996529e-02	
1  344.614	6.800620e+01	2.137032e+00	1.206575e-01	-1.351547e+00	-9.470427e-01	8.122005e-02	
1  343.997	6.929164e+01	2.129813e+00	1.215795e-01	-1.412937e+00	-9.702477e-01	8.211288e-02	
1  343.581	6.859298e+01	2.109179e+00	1.203516e-01	-1.488680e+00	-1.016953e+00	8.090243e-02	
2  344.538	6.951187e+01	2.128721e+00	1.194540e-01	-1.576522e+00	-1.057152e+00	8.989563e-02	
2  343.872	6.857250e+01	2.139604e+00	1.196904e-01	-1.528972e+00	-1.076791e+00	8.763541e-02	
2  343.523	6.892309e+01	2.123280e+00	1.208513e-01	-1.472523e+00	-1.072260e+00	9.869978e-02	
2  343.469	6.866800e+01	2.093924e+00	1.217460e-01	-1.369405e+00	-1.150068e+00	1.058579e-01	
2  343.839	6.877428e+01	2.020194e+00	1.212710e-01	-1.392786e+00	-1.152795e+00	1.066897e-01	
1  344.816	6.810241e+01	1.994979e+00	1.211117e-01	-1.398627e+00	-1.140811e+00	1.136172e-01	
1  345.104	6.800387e+01	1.974206e+00	1.198719e-01	-1.350934e+00	-1.088455e+00	1.037604e-01	
1  344.614	6.793756e+01	1.969506e+00	1.236488e-01	-1.343481e+00	-1.124939e+00	1.060012e-01	
2  344.462	6.785657e+01	1.961400e+00	1.243859e-01	-1.273673e+00	-1.109124e+00	9.824929e-02	
3  343.351	6.878148e+01	2.004804e+00	1.273525e-01	-1.341351e+00	-1.012586e+00	7.165953e-02	
1  343.237	6.819990e+01	2.022063e+00	1.273499e-01	-1.259488e+00	-1.033698e+00	7.768484e-02	
5  343.155	6.828892e+01	1.988655e+00	1.285262e-01	-1.273599e+00	-1.025912e+00	9.453246e-02	
1  346.714	6.969993e+01	1.979286e+00	1.291167e-01	-1.257775e+00	-9.989289e-01	1.132229e-01	
3  343.259	6.895981e+01	1.978973e+00	1.335270e-01	-1.334422e+00	-1.022755e+00	1.218103e-01	
3  343.072	6.882302e+01	2.001565e+00	1.306134e-01	-1.329472e+00	-1.040338e+00	1.284006e-01	
1  343.524	6.921492e+01	2.006134e+00	1.317449e-01	-1.361682e+00	-1.024003e+00	1.423500e-01	
2  343.351	6.910458e+01	2.010993e+00	1.318915e-01	-1.340445e+00	-9.683920e-01	1.443267e-01	
1  343.092	6.885242e+01	2.003518e+00	1.305673e-01	-1.317408e+00	-9.159213e-01	1.654094e-01	
1  343.963	6.942598e+01	2.006848e+00	1.261779e-01	-1.429860e+00	-9.412795e-01	1.803405e-01	
1  346.543	7.016002e+01	1.994892e+00	1.277553e-01	-1.432178e+00	-8.514174e-01	1.883572e-01	
1  344.329	6.958474e+01	1.980775e+00	1.288837e-01	-1.369232e+00	-8.355762e-01	1.990129e-01	
4  344.819	6.785235e+01	1.968476e+00	1.249071e-01	-1.229459e+00	-8.131850e-01	1.893519e-01	
1  343.585	6.817238e+01	1.942213e+00	1.264944e-01	-1.147399e+00	-7.929916e-01	1.863548e-01	
3  344.387	6.770584e+01	1.938558e+00	1.270797e-01	-1.124165e+00	-8.066343e-01	1.960140e-01	
2  344.147	6.876786e+01	1.925832e+00	1.277997e-01	-1.122457e+00	-7.657952e-01	2.020748e-01	
2  343.125	6.872235e+01	1.970257e+00	1.312556e-01	-1.176111e+00	-7.555233e-01	1.950016e-01	
2  343.113	6.864307e+01	1.977699e+00	1.288160e-01	-1.191392e+00	-7.892292e-01	1.872446e-01	
3  343.115	6.842414e+01	1.966804e+00	1.317582e-01	-1.247674e+00	-7.803600e-01	1.968921e-01	
2  343.229	6.885625e+01	2.005006e+00	1.274574e-01	-1.276912e+00	-8.308072e-01	2.146444e-01	
1  343.685	6.862116e+01	1.950075e+00	1.249124e-01	-1.271348e+00	-7.979444e-01	2.138581e-01	
2  343.942	6.906552e+01	1.978452e+00	1.240349e-01	-1.253142e+00	-7.581666e-01	2.293750e-01	
2  343.799	6.827806e+01	1.995911e+00	1.246951e-01	-1.232880e+00	-7.743975e-01	2.116035e-01	
1  345.097	6.795413e+01	1.970014e+00	1.219018e-01	-1.260206e+00	-7.152818e-01	1.934601e-01	
1  344.09	6.817972e+01	1.977227e+00	1.230726e-01	-1.232428e+00	-6.550136e-01	1.959094e-01	
3  344.403	6.883634e+01	2.000890e+00	1.200612e-01	-1.217780e+00	-6.343060e-01	1.877256e-01	
1  343.722	6.828923e+01	2.006115e+00	1.237830e-01	-1.267940e+00	-5.901960e-01	1.759718e-01	
3  344.006	6.899247e+01	1.985032e+00	1.231446e-01	-1.301113e+00	-5.922648e-01	1.784222e-01	
1  343.339	6.864765e+01	1.970463e+00	1.263311e-01	-1.262891e+00	-5.499451e-01	1.797057e-01	
2  343.625	6.880770e+01	1.956962e+00	1.273792e-01	-1.227770e+00	-5.989594e-01	1.649146e-01	
1  345.005	6.892004e+01	1.946548e+00	1.215569e-01	-1.235222e+00	-5.882625e-01	1.751292e-01	
1  345.948	6.759942e+01	1.940198e+00	1.231933e-01	-1.266300e+00	-6.227050e-01	1.643850e-01	
1  344.713	6.814820e+01	1.904037e+00	1.233945e-01	-1.322495e+00	-6.436912e-01	1.751703e-01	
2  345.912	6.792921e+01	1.920681e+00	1.193738e-01	-1.266993e+00	-7.220453e-01	1.735609e-01	
2  346.58	6.784754e+01	1.896830e+00	1.191522e-01	-1.235037e+00	-8.132210e-01	2.128066e-01	
1  348.569	6.707677e+01	1.925435e+00	1.213836e-01	-1.144008e+00	-8.532673e-01	1.991315e-01	
2  344.455	6.789312e+01	1.938790e+00	1.237053e-01	-1.120505e+00	-8.935487e-01	2.067316e-01	
1  344.197	6.825083e+01	1.955739e+00	1.221300e-01	-1.099711e+00	-9.569887e-01	1.885148e-01	
1  344.285	6.814051e+01	1.959721e+00	1.218819e-01	-1.060580e+00	-9.568258e-01	1.867090e-01	
2  344.481	6.836792e+01	1.973333e+00	1.200999e-01	-1.109994e+00	-9.016347e-01	1.795499e-01	
2  346.454	6.915799e+01	1.972121e+00	1.198123e-01	-1.108585e+00	-9.962921e-01	1.655686e-01	
1  344.475	6.831276e+01	1.986927e+00	1.193515e-01	-1.139672e+00	-9.645052e-01	1.667272e-01	
1  346.822	6.735290e+01	2.015694e+00	1.173788e-01	-1.051880e+00	-9.896459e-01	1.696377e-01	
2  345.515	6.914911e+01	2.033601e+00	1.205453e-01	-1.075311e+00	-9.022293e-01	1.735569e-01	
1  343.81	6.824480e+01	2.066485e+00	1.192863e-01	-1.064101e+00	-8.976442e-01	1.644346e-01	
3  343.178	6.857204e+01	2.114313e+00	1.229467e-01	-1.031273e+00	-8.632166e-01	1.827217e-01	
1  343.173	6.823097e+01	2.091977e+00	1.235383e-01	-1.008511e+00	-8.585515e-01	1.731775e-01	
2  346.024	6.726070e+01	2.099449e+00	1.268999e-01	-1.008743e+00	-7.985931e-01	1.689651e-01	
1  343.285	6.864444e+01	2.143892e+00	1.279499e-01	-9.943588e-01	-7.359215e-01	1.664566e-01	
1  343.256	6.814598e+01	2.158139e+00	1.272048e-01	-9.926294e-01	-7.445463e-01	1.597763e-01	
1  344.119	6.912644e+01	2.154551e+00	1.268557e-01	-1.027762e+00	-8.146639e-01	1.609533e-01	
1  345.419	6.940374e+01	2.171026e+00	1.278676e-01	-9.993141e-01	-8.052320e-01	1.540629e-01	
1  343.918	6.905249e+01	2.167561e+00	1.276741e-01	-1.028607e+00	-7.635233e-01	1.427277e-01	
1  343.915	6.900145e+01	2.177525e+00	1.279423e-01	-9.978150e-01	-7.891787e-01	1.424029e-01	
2  343.591	6.894016e+01	2.152959e+00	1.248864e-01	-1.029684e+00	-7.898017e-01	1.530527e-01	
1  343.084	6.864016e+01	2.161719e+00	1.263055e-01	-1.066438e+00	-8.170136e-01	1.481991e-01	
6  343.15	6.833086e+01	2.186156e+00	1.236554e-01	-1.043472e+00	-8.154996e-01	1.125347e-01	
1  343.704	6.804565e+01	2.209005e+00	1.229927e-01	-1.020155e+00	-8.252295e-01	1.148330e-01	
3  343.19	6.829903e+01	2.226689e+00	1.195293e-01	-9.770633e-01	-8.577951e-01	1.044606e-01	
1  343.284	6.833201e+01	2.226975e+00	1.165541e-01	-9.214785e-01	-8.821795e-01	9.887241e-02	
1  343.634	6.879535e+01	2.215094e+00	1.194548e-01	-8.789157e-01	-8.555155e-01	1.054585e-01	
1  343.213	6.847077e+01	2.207522e+00	1.191311e-01	-8.870850e-01	-9.122530e-01	1.290260e-01	
2  343.545	6.857277e+01	2.188375e+00	1.180975e-01	-8.835945e-01	-9.467566e-01	1.295306e-01	
1  343.703	6.834256e+01	2.174338e+00	1.158764e-01	-8.868291e-01	-9.191928e-01	1.277389e-01	
1  346.067	6.892429e+01	2.148115e+00	1.144866e-01	-8.280038e-01	-9.593738e-01	1.215338e-01	
3  345.06	6.841186e+01	2.126671e+00	1.165243e-01	-7.495247e-01	-8.550673e-01	1.251745e-01	
1  345.804	6.737977e+01	2.118881e+00	1.129881e-01	-6.946870e-01	-8.818449e-01	1.190236e-01	
1  346.629	6.738844e+01	2.132003e+00	1.095439e-01	-6.928227e-01	-8.970734e-01	1.257931e-01	
1  346.598	6.801652e+01	2.124188e+00	1.105052e-01	-6.942340e-01	-8.863554e-01	1.391210e-01	
1  346.804	6.800883e+01	2.115822e+00	1.106473e-01	-7.123842e-01	-8.673440e-01	1.512421e-01	
1  346.521	6.732985e+01	2.131356e+00	1.103387e-01	-7.602675e-01	-8.476047e-01	1.409761e-01	
4  345.669	6.780728e+01	2.140222e+00	1.109343e-01	-7.345810e-01	-8.095105e-01	1.330931e-01	
2  346.44	6.865675e+01	2.137036e+00	1.123925e-01	-7.820627e-01	-8.147367e-01	1.220893e-01	
1  343.81	6.802549e+01	2.197141e+00	1.147473e-01	-8.108528e-01	-7.558667e-01	1.189995e-01	
1  343.717	6.819945e+01	2.205962e+00	1.141612e-01	-8.485813e-01	-7.747351e-01	7.627186e-02	
4  346.949	6.934798e+01	2.192741e+00	1.123496e-01	-8.821538e-01	-6.879823e-01	6.260466e-02	
2  344.213	6.793097e+01	2.192173e+00	1.134814e-01	-8.422446e-01	-7.241321e-01	6.942448e-02	
1  344.407	6.846273e+01	2.192484e+00	1.114468e-01	-8.769431e-01	-7.524649e-01	6.582905e-02	
4  344.909	6.852236e+01	2.181854e+00	1.107481e-01	-7.805004e-01	-7.338944e-01	5.566814e-02	
3  344.672	6.846495e+01	2.197547e+00	1.104984e-01	-8.068382e-01	-7.723176e-01	6.379034e-02	
7  344.795	6.838795e+01	2.196926e+00	1.098374e-01	-8.164032e-01	-8.053498e-01	7.223781e-02	
1  345.466	6.799388e+01	2.198517e+00	1.077745e-01	-8.393686e-01	-8.273805e-01	5.816399e-02	
2  344.913	6.827822e+01	2.188182e+00	1.093519e-01	-8.871751e-01	-8.019803e-01	5.069195e-02	
9  344.704	6.814694e+01	2.170788e+00	1.111613e-01	-9.117779e-01	-9.263009e-01	4.097511e-02	
2  344.251	6.849891e+01	2.147693e+00	1.141257e-01	-8.788239e-01	-1.005099e+00	4.372787e-02	
2  344.215	6.826187e+01	2.133589e+00	1.144611e-01	-8.347645e-01	-1.000221e+00	3.709455e-02	
2  345.039	6.795212e+01	2.118685e+00	1.124628e-01	-7.435280e-01	-9.896836e-01	3.791531e-02	
3  345.144	6.788608e+01	2.129885e+00	1.118371e-01	-6.999711e-01	-1.013070e+00	5.581087e-02	
1  345.394	6.810314e+01	2.111586e+00	1.111850e-01	-6.601374e-01	-9.861342e-01	2.638458e-02	
2  346.55	6.867094e+01	2.113151e+00	1.095044e-01	-6.481725e-01	-1.006320e+00	1.891399e-02	
1  346.413	6.855165e+01	2.121754e+00	1.097809e-01	-7.110954e-01	-9.453490e-01	5.313144e-02	
3  346.103	6.885167e+01	2.161663e+00	1.107838e-01	-7.254029e-01	-9.475650e-01	5.036602e-02	
2  343.962	6.852994e+01	2.218211e+00	1.128101e-01	-6.870583e-01	-1.049783e+00	4.087350e-02	
3  345.066	6.905303e+01	2.227077e+00	1.127128e-01	-7.434164e-01	-1.038283e+00	4.455910e-02	
3  344.111	6.893499e+01	2.222027e+00	1.155219e-01	-7.190680e-01	-1.018415e+00	2.770662e-02	
1  343.953	6.878744e+01	2.220832e+00	1.150060e-01	-7.126562e-01	-9.765338e-01	3.822106e-02	
6  343.531	6.823225e+01	2.212860e+00	1.151556e-01	-7.475570e-01	-9.421969e-01	4.378089e-02	
2  344.018	6.876788e+01	2.196901e+00	1.156114e-01	-7.742150e-01	-9.191641e-01	4.343678e-02	
2  343.699	6.878922e+01	2.187394e+00	1.177230e-01	-8.089870e-01	-9.612794e-01	2.692039e-02	
1  345.548	6.943897e+01	2.205308e+00	1.218724e-01	-7.785773e-01	-9.296924e-01	2.807880e-02	
2  344.677	6.917959e+01	2.223052e+00	1.221377e-01	-7.029714e-01	-8.751891e-01	4.314186e-02	
2  344.414	6.907158e+01	2.203909e+00	1.270555e-01	-6.309916e-01	-9.935252e-01	3.337355e-02	
1  344.965	6.906299e+01	2.212659e+00	1.319523e-01	-5.770755e-01	-9.814237e-01	3.071317e-02	
1  344.312	6.875624e+01	2.248955e+00	1.311430e-01	-5.434186e-01	-9.714640e-01	3.079018e-02	
2  344.217	6.863847e+01	2.248253e+00	1.303909e-01	-5.464871e-01	-9.746762e-01	5.169986e-02	
4  344.031	6.797962e+01	2.243660e+00	1.296537e-01	-4.656199e-01	-9.288104e-01	6.844499e-02	
2  344.092	6.771793e+01	2.229272e+00	1.252912e-01	-4.173400e-01	-9.098071e-01	9.820994e-02	
4  344.876	6.837237e+01	2.209040e+00	1.280566e-01	-4.303419e-01	-7.978582e-01	8.514968e-02	
9  344.958	6.858888e+01	2.214998e+00	1.282176e-01	-3.513017e-01	-7.962012e-01	6.227723e-02	
3  344.37	6.834443e+01	2.216749e+00	1.293363e-01	-3.550678e-01	-8.407250e-01	6.276612e-02	
4  344.064	6.761108e+01	2.198505e+00	1.276302e-01	-3.404380e-01	-7.839488e-01	6.519816e-02	
4  345.042	6.748274e+01	2.180450e+00	1.293744e-01	-2.609954e-01	-8.478352e-01	8.555654e-02	
1  345.034	6.770970e+01	2.190512e+00	1.298438e-01	-2.648365e-01	-7.946549e-01	8.234114e-02	
3  345.047	6.764628e+01	2.164064e+00	1.326881e-01	-3.343879e-01	-8.113075e-01	8.577277e-02	
1  346.132	6.819536e+01	2.155476e+00	1.348745e-01	-3.560122e-01	-7.478235e-01	8.571556e-02	
4  345.234	6.758790e+01	2.168424e+00	1.358947e-01	-3.682467e-01	-7.270449e-01	6.950576e-02	
4  345.462	6.824081e+01	2.142990e+00	1.383830e-01	-3.609908e-01	-8.194837e-01	5.984952e-02	
1  344.742	6.846045e+01	2.131063e+00	1.362360e-01	-4.217608e-01	-7.514755e-01	4.543846e-02	
1  344.852	6.831534e+01	2.161133e+00	1.376146e-01	-4.590748e-01	-8.294365e-01	4.580715e-02	
1  345.527	6.869898e+01	2.198758e+00	1.365678e-01	-4.680148e-01	-7.593227e-01	4.919508e-02	
1  346.051	6.892955e+01	2.221436e+00	1.355387e-01	-4.755729e-01	-7.203163e-01	4.883272e-02	
2  345.183	6.884828e+01	2.222871e+00	1.347280e-01	-4.831086e-01	-6.658633e-01	3.285481e-02	
5  344.315	6.842347e+01	2.224489e+00	1.332721e-01	-4.493611e-01	-6.493694e-01	2.823945e-02	
1  345.252	6.776214e+01	2.238685e+00	1.325071e-01	-4.411915e-01	-6.325753e-01	3.218461e-02	
2  345.296	6.879812e+01	2.232501e+00	1.352624e-01	-4.820369e-01	-6.097964e-01	3.444596e-02	
4  344.591	6.849662e+01	2.224995e+00	1.340316e-01	-5.564041e-01	-6.164602e-01	4.651511e-02	
1  344.624	6.800417e+01	2.200598e+00	1.343738e-01	-5.339632e-01	-6.035095e-01	3.607310e-02	
1  344.558	6.874256e+01	2.219008e+00	1.325791e-01	-5.228584e-01	-5.771929e-01	3.741514e-02	
1  344.292	6.840723e+01	2.224216e+00	1.330993e-01	-5.352991e-01	-5.382329e-01	3.773400e-02	
2  344.703	6.764955e+01	2.241700e+00	1.291453e-01	-5.614893e-01	-6.108886e-01	5.587637e-02	
1  343.577	6.793584e+01	2.225398e+00	1.266802e-01	-5.210724e-01	-5.665434e-01	4.955802e-02	
1  343.567	6.792479e+01	2.253388e+00	1.254171e-01	-5.034812e-01	-4.735105e-01	6.007663e-02	
2  344.321	6.863784e+01	2.255313e+00	1.267726e-01	-4.296526e-01	-4.636281e-01	5.390345e-02	
1  345.212	6.877349e+01	2.235734e+00	1.283462e-01	-4.872852e-01	-3.805202e-01	6.466740e-02	
1  344.627	6.798897e+01	2.207500e+00	1.303405e-01	-4.254945e-01	-2.770656e-01	7.611194e-02	
2  344.213	6.806082e+01	2.212319e+00	1.283592e-01	-4.012384e-01	-2.775224e-01	6.616147e-02	
1  344.221	6.823500e+01	2.232315e+00	1.250621e-01	-4.323493e-01	-2.612629e-01	7.088894e-02	
3  344.432	6.852488e+01	2.254298e+00	1.212342e-01	-4.381667e-01	-3.039021e-01	6.602299e-02	
2  343.855	6.772729e+01	2.273045e+00	1.229391e-01	-4.287178e-01	-3.646278e-01	7.883756e-02	
1  343.788	6.799953e+01	2.279095e+00	1.223467e-01	-4.671942e-01	-3.846289e-01	8.436121e-02	
1  345.348	6.701625e+01	2.240527e+00	1.215938e-01	-3.320021e-01	-3.971577e-01	8.157708e-02	
2  346.769	6.667834e+01	2.254155e+00	1.242982e-01	-3.002797e-01	-4.847403e-01	9.518164e-02	
2  347.948	6.658032e+01	2.294468e+00	1.243279e-01	-3.887357e-01	-4.753822e-01	9.097653e-02	
2  345.727	6.695432e+01	2.291153e+00	1.208126e-01	-4.012922e-01	-5.171852e-01	8.653588e-02	
3  343.977	6.751010e+01	2.305391e+00	1.194394e-01	-4.015161e-01	-5.451612e-01	8.089991e-02	
3  343.372	6.788997e+01	2.279561e+00	1.197325e-01	-4.502487e-01	-5.438871e-01	6.640712e-02	
4  343.147	6.830647e+01	2.266725e+00	1.173535e-01	-4.396686e-01	-4.828988e-01	3.773715e-02	
1  343.989	6.896094e+01	2.283410e+00	1.198603e-01	-4.396991e-01	-5.524198e-01	3.155523e-02	
2  343.075	6.835989e+01	2.288212e+00	1.170484e-01	-4.977505e-01	-5.357405e-01	2.888858e-02	
1  343.895	6.788810e+01	2.309497e+00	1.139343e-01	-4.707079e-01	-5.258711e-01	2.876309e-02	
1  343.862	6.840981e+01	2.277009e+00	1.107773e-01	-4.687017e-01	-5.884123e-01	3.647710e-02	
2  343.844	6.826556e+01	2.283563e+00	1.101302e-01	-4.611537e-01	-6.219956e-01	2.984442e-02	
2  343.52	6.845585e+01	2.273705e+00	1.135277e-01	-4.807945e-01	-6.940019e-01	3.979486e-02	
3  343.517	6.816113e+01	2.261793e+00	1.134222e-01	-4.920199e-01	-5.557672e-01	3.100334e-02	
1  345.23	6.761868e+01	2.237182e+00	1.108608e-01	-4.199924e-01	-6.128708e-01	2.278424e-02	
1  345.281	6.770339e+01	2.244210e+00	1.104139e-01	-4.476579e-01	-6.098531e-01	1.515715e-02	
7  344.297	6.803785e+01	2.249674e+00	1.112160e-01	-4.560497e-01	-6.249629e-01	1.129626e-02	
2  344.666	6.837328e+01	2.209603e+00	1.093575e-01	-4.850548e-01	-5.715321e-01	1.026779e-02	
1  344.963	6.834891e+01	2.190588e+00	1.093401e-01	-4.934662e-01	-6.028113e-01	2.157780e-02	
4  345.299	6.840629e+01	2.161543e+00	1.094605e-01	-4.803446e-01	-6.158128e-01	1.356569e-02	
2  345.441	6.854969e+01	2.192550e+00	1.080658e-01	-4.282770e-01	-6.085374e-01	1.271341e-02	
1  345.377	6.792384e+01	2.187191e+00	1.085336e-01	-4.841932e-01	-4.985564e-01	2.858943e-02	
1  345.787	6.891315e+01	2.186520e+00	1.100717e-01	-4.455961e-01	-4.880486e-01	1.294080e-02	
2  346.945	6.717240e+01	2.153883e+00	1.111967e-01	-4.383045e-01	-4.220144e-01	3.342665e-02	
2  345.812	6.772370e+01	2.146219e+00	1.102174e-01	-3.770677e-01	-4.762561e-01	4.553118e-02	
5  344.806	6.795455e+01	2.171473e+00	1.125543e-01	-4.000101e-01	-4.631891e-01	4.834450e-02	
3  345.934	6.728307e+01	2.171521e+00	1.118256e-01	-4.152168e-01	-4.414237e-01	4.591030e-02	
7  345.13	6.803856e+01	2.165395e+00	1.113105e-01	-4.014220e-01	-5.304224e-01	4.462967e-02	
4  343.946	6.797326e+01	2.188336e+00	1.145421e-01	-3.545909e-01	-4.840986e-01	3.070207e-02	
3  344.988	6.867328e+01	2.199664e+00	1.151157e-01	-3.276552e-01	-4.718299e-01	3.711235e-02	
1  344.198	6.823649e+01	2.153022e+00	1.149953e-01	-3.264718e-01	-4.505850e-01	2.556601e-02	
2  344.63	6.760907e+01	2.151557e+00	1.153840e-01	-2.855293e-01	-4.097874e-01	4.054136e-02	
1  344.321	6.780864e+01	2.136420e+00	1.195274e-01	-2.272951e-01	-4.118068e-01	4.499280e-02	
3  344.545	6.778400e+01	2.140361e+00	1.189882e-01	-1.668096e-01	-3.352969e-01	4.356801e-02	
1  343.505	6.798184e+01	2.142735e+00	1.208902e-01	-1.344824e-01	-4.828949e-01	2.368615e-02	
2  343.437	6.835409e+01	2.161357e+00	1.214001e-01	-1.820296e-01	-4.712893e-01	2.185996e-02	
3  343.334	6.833330e+01	2.141536e+00	1.225088e-01	-1.216973e-01	-5.114043e-01	1.671528e-02	
2  343.535	6.884158e+01	2.151570e+00	1.230337e-01	-8.948951e-02	-4.985857e-01	2.204439e-03	
15  348.829	6.992391e+01	2.147473e+00	1.223779e-01	-4.751042e-02	-5.238563e-01	7.565084e-04	
1  349.155	6.940217e+01	2.092072e+00	1.222630e-01	-9.172207e-02	-5.548001e-01	2.166325e-02	
8  344.259	6.862480e+01	2.084010e+00	1.260173e-01	-5.680002e-02	-5.641740e-01	1.660082e-02	
2  344.165	6.851218e+01	2.088861e+00	1.253850e-01	-4.839962e-02	-5.460261e-01	1.911155e-02	
3  344.914	6.895716e+01	2.111613e+00	1.214331e-01	-9.088337e-02	-6.109146e-01	1.022613e-02	
3  344.324	6.759803e+01	2.099390e+00	1.197194e-01	-1.417581e-01	-6.069285e-01	1.532259e-02	
3  344.956	6.783241e+01	2.084204e+00	1.171162e-01	1.095768e-02	-5.676018e-01	2.554029e-02	
3  344.892	6.771920e+01	2.102736e+00	1.150706e-01	2.966970e-02	-5.855393e-01	1.677247e-02	
3  344.36	6.833294e+01	2.092278e+00	1.157550e-01	-1.149398e-02	-6.615710e-01	2.618585e-03	
4  343.916	6.813347e+01	2.096240e+00	1.189409e-01	3.626237e-02	-7.716958e-01	1.307631e-02	
2  343.857	6.790974e+01	2.101025e+00	1.191204e-01	-2.311703e-02	-7.403695e-01	9.296427e-03	
3  343.963	6.801802e+01	2.111277e+00	1.183955e-01	3.883762e-02	-7.803584e-01	1.681756e-02	
2  343.303	6.829364e+01	2.124389e+00	1.209933e-01	1.714112e-02	-7.484286e-01	7.285076e-03	
4  344.546	6.881240e+01	2.095379e+00	1.201065e-01	2.641889e-02	-7.502351e-01	6.072018e-03	
6  344.374	6.847989e+01	2.086310e+00	1.203523e-01	9.417951e-03	-7.744367e-01	1.486682e-02	
1  344.851	6.813233e+01	2.081376e+00	1.182376e-01	-4.580966e-02	-7.612338e-01	2.592099e-02	
1  346.542	6.839498e+01	2.106043e+00	1.162492e-01	-1.039811e-01	-6.854547e-01	3.828985e-02	
2  345.363	6.792406e+01	2.105490e+00	1.146901e-01	-1.321200e-01	-6.505676e-01	3.414334e-02	
1  346.097	6.734022e+01	2.119919e+00	1.139140e-01	-1.197079e-01	-6.260774e-01	1.389146e-02	
12  346.433	6.787139e+01	2.095906e+00	1.112962e-01	-4.034837e-02	-5.934521e-01	2.792839e-02	
1  346.528	6.740886e+01	2.095500e+00	1.115626e-01	-6.928186e-02	-5.485706e-01	1.738557e-02	
1  346.496	6.804241e+01	2.060543e+00	1.162925e-01	-6.264140e-02	-5.875814e-01	3.579212e-02	
4  345.788	6.785142e+01	2.052701e+00	1.199867e-01	-2.180931e-02	-6.187394e-01	3.816392e-02	
1  345.628	6.740357e+01	2.051073e+00	1.199541e-01	-6.915788e-02	-5.912202e-01	4.201815e-02	
1  346.265	6.712866e+01	2.045413e+00	1.204913e-01	-1.618775e-01	-4.908566e-01	5.509108e-02	
1  346.185	6.739122e+01	2.051862e+00	1.210030e-01	-1.365367e-01	-4.753293e-01	5.590240e-02	
13  346.777	6.670784e+01	2.031576e+00	1.245298e-01	-2.222922e-01	-4.731645e-01	5.381744e-02	
1  344.373	6.756298e+01	2.025747e+00	1.229789e-01	-2.298627e-01	-4.358701e-01	2.368243e-02	
4  343.904	6.773124e+01	2.039672e+00	1.235158e-01	-1.977018e-01	-4.938270e-01	9.119200e-03	
8  344.218	6.862371e+01	2.047654e+00	1.217341e-01	-2.355305e-01	-5.281750e-01	5.524033e-03	
2  343.779	6.857919e+01	2.047283e+00	1.236628e-01	-2.778717e-01	-5.123353e-01	4.265681e-03	
2  343.493	6.848724e+01	2.068529e+00	1.238047e-01	-2.478961e-01	-5.247064e-01	6.258118e-03	
