1  354.527	6.850286e+01	2.226257e+00	1.221637e-01	-9.241620e-01	-2.637334e-01	6.914659e-01	
1  354.749	6.809328e+01	2.222505e+00	1.240226e-01	-9.044940e-01	-2.189250e-01	6.908935e-01	
1  349.121	6.655857e+01	2.249392e+00	1.240980e-01	-9.392353e-01	-1.570570e-01	6.954897e-01	
1  349.617	6.632765e+01	2.263105e+00	1.215536e-01	-9.735654e-01	-1.833674e-01	6.945464e-01	
1  347.154	6.680154e+01	2.270092e+00	1.200284e-01	-9.851146e-01	-2.035056e-01	6.863844e-01	
1  345.314	6.823111e+01	2.283283e+00	1.211316e-01	-9.991823e-01	-2.471845e-01	6.826372e-01	
2  344.209	6.768064e+01	2.282570e+00	1.207534e-01	-1.042592e+00	-2.638159e-01	6.482240e-01	
4  344.029	6.815696e+01	2.315901e+00	1.214569e-01	-1.106192e+00	-2.246184e-01	6.534960e-01	
2  343.777	6.920100e+01	2.295059e+00	1.214840e-01	-1.097124e+00	-2.675787e-01	6.593955e-01	
2  343.331	6.898048e+01	2.341456e+00	1.219399e-01	-1.094872e+00	-2.900212e-01	6.469225e-01	
2  343.254	6.899096e+01	2.300743e+00	1.221528e-01	-1.126949e+00	-3.485519e-01	6.583660e-01	
3  343.962	6.863402e+01	2.306366e+00	1.232205e-01	-1.033572e+00	-3.303106e-01	6.587577e-01	
1  343.751	6.826601e+01	2.311322e+00	1.216666e-01	-9.973335e-01	-4.466922e-01	6.630116e-01	
1  345.227	6.727687e+01	2.339114e+00	1.219434e-01	-9.732780e-01	-5.166153e-01	6.558388e-01	
3  343.707	6.801970e+01	2.349563e+00	1.222648e-01	-9.751588e-01	-5.446537e-01	6.434858e-01	
5  345.221	6.737186e+01	2.358415e+00	1.245429e-01	-9.531345e-01	-5.629035e-01	6.498085e-01	
2  344.552	6.831385e+01	2.362460e+00	1.267457e-01	-9.762471e-01	-5.362476e-01	6.687939e-01	
5  344.453	6.799141e+01	2.360508e+00	1.268654e-01	-9.879891e-01	-5.975376e-01	6.867100e-01	
1  344.374	6.796821e+01	2.389455e+00	1.248561e-01	-9.907734e-01	-5.914261e-01	6.857867e-01	
1  344.748	6.963130e+01	2.374167e+00	1.222333e-01	-1.061812e+00	-6.665489e-01	6.761377e-01	
5  343.269	6.882130e+01	2.373444e+00	1.196414e-01	-1.049139e+00	-6.569602e-01	6.845731e-01	
1  343.913	6.932447e+01	2.366404e+00	1.211720e-01	-1.050310e+00	-7.097988e-01	6.767593e-01	
4  343.751	6.937966e+01	2.341670e+00	1.185812e-01	-1.080023e+00	-7.286600e-01	6.803792e-01	
1  343.752	6.932645e+01	2.342491e+00	1.186936e-01	-1.053288e+00	-6.563055e-01	6.680529e-01	
2  343.221	6.835654e+01	2.371527e+00	1.198235e-01	-9.867098e-01	-6.633348e-01	6.752351e-01	
1  344.111	6.895172e+01	2.381512e+00	1.184870e-01	-9.799741e-01	-7.313929e-01	6.890586e-01	
1  343.319	6.817222e+01	2.380891e+00	1.196799e-01	-9.829259e-01	-7.348002e-01	6.911681e-01	
1  344.08	6.901315e+01	2.413634e+00	1.210598e-01	-1.061666e+00	-7.137100e-01	6.969422e-01	
1  344.194	6.911871e+01	2.439037e+00	1.215783e-01	-1.043296e+00	-7.309973e-01	6.998400e-01	
1  345.246	6.824276e+01	2.416659e+00	1.158627e-01	-1.054369e+00	-7.432311e-01	7.059190e-01	
3  343.762	6.924732e+01	2.427501e+00	1.127596e-01	-1.074843e+00	-7.153199e-01	7.132047e-01	
1  344.309	6.898509e+01	2.419467e+00	1.144323e-01	-1.084113e+00	-7.378145e-01	7.044935e-01	
2  346.129	7.005728e+01	2.459031e+00	1.136683e-01	-1.052284e+00	-6.895111e-01	6.940544e-01	
3  344.79	6.971473e+01	2.440098e+00	1.103489e-01	-1.053650e+00	-6.793899e-01	6.966737e-01	
1  343.231	6.868734e+01	2.429429e+00	1.111667e-01	-1.056346e+00	-5.930158e-01	6.725797e-01	
4  344.046	6.939471e+01	2.431159e+00	1.117889e-01	-1.048708e+00	-5.492132e-01	6.872755e-01	
1  343.347	6.917837e+01	2.394603e+00	1.121061e-01	-1.089998e+00	-5.218442e-01	6.689371e-01	
2  343.286	6.869385e+01	2.377214e+00	1.110138e-01	-1.068675e+00	-5.616130e-01	6.661191e-01	
1  343.584	6.831947e+01	2.391530e+00	1.101119e-01	-1.046492e+00	-5.934040e-01	6.589175e-01	
4  343.469	6.909641e+01	2.399147e+00	1.102082e-01	-1.051612e+00	-5.867303e-01	6.714243e-01	
10  343.999	6.822276e+01	2.409938e+00	1.079069e-01	-1.036744e+00	-6.508101e-01	6.600915e-01	
4  343.01	6.870971e+01	2.423488e+00	1.129951e-01	-1.010736e+00	-6.693100e-01	6.682509e-01	
9  343.13	6.815432e+01	2.386332e+00	1.142302e-01	-1.012203e+00	-5.464057e-01	6.890288e-01	
5  343.317	6.853358e+01	2.395636e+00	1.205613e-01	-1.015656e+00	-5.581307e-01	7.046214e-01	
2  343.763	6.878651e+01	2.386333e+00	1.221095e-01	-1.006853e+00	-6.128965e-01	7.263548e-01	
2  344.608	6.753781e+01	2.365794e+00	1.201334e-01	-9.990607e-01	-5.241418e-01	7.236298e-01	
2  343.279	6.910762e+01	2.350118e+00	1.178943e-01	-1.056847e+00	-5.872056e-01	7.293144e-01	
1  343.202	6.855490e+01	2.343883e+00	1.207764e-01	-1.063781e+00	-5.015033e-01	7.234818e-01	
1  343.675	6.814600e+01	2.357867e+00	1.197986e-01	-1.046102e+00	-5.221974e-01	7.117332e-01	
1  343.163	6.881404e+01	2.348516e+00	1.208838e-01	-1.073884e+00	-4.849985e-01	7.316342e-01	
10  343.668	6.797764e+01	2.392530e+00	1.202306e-01	-9.997555e-01	-5.003955e-01	7.222555e-01	
2  343.754	6.796621e+01	2.384715e+00	1.208928e-01	-9.918922e-01	-4.842714e-01	7.069795e-01	
7  343.651	6.819558e+01	2.430103e+00	1.178588e-01	-9.985295e-01	-3.805369e-01	7.057672e-01	
3  343.112	6.906575e+01	2.405533e+00	1.156837e-01	-1.088578e+00	-3.623498e-01	7.325569e-01	
6  343.515	6.943247e+01	2.426362e+00	1.131358e-01	-1.138906e+00	-3.010891e-01	7.461816e-01	
2  343.652	6.898338e+01	2.410326e+00	1.129760e-01	-1.137895e+00	-3.198586e-01	7.306452e-01	
3  344.051	6.948670e+01	2.403184e+00	1.166882e-01	-1.089757e+00	-3.431542e-01	7.427792e-01	
2  347.456	7.045759e+01	2.429276e+00	1.171545e-01	-1.118084e+00	-3.494783e-01	7.641335e-01	
1  348.453	7.084285e+01	2.380382e+00	1.150119e-01	-1.155811e+00	-3.642079e-01	7.760823e-01	
1  346.592	7.028718e+01	2.393093e+00	1.150205e-01	-1.230691e+00	-3.754557e-01	7.569113e-01	
2  346.664	7.065981e+01	2.363826e+00	1.156925e-01	-1.201661e+00	-4.087132e-01	7.555125e-01	
3  346.7	7.001732e+01	2.358456e+00	1.174813e-01	-1.228302e+00	-4.279378e-01	7.516602e-01	
1  346.97	7.069018e+01	2.385681e+00	1.170112e-01	-1.211513e+00	-4.246449e-01	7.443945e-01	
2  346.942	7.048804e+01	2.425359e+00	1.201100e-01	-1.196246e+00	-4.641836e-01	7.389231e-01	
2  347.257	7.057070e+01	2.437204e+00	1.211327e-01	-1.147607e+00	-4.029022e-01	7.430591e-01	
2  346.524	7.023565e+01	2.470601e+00	1.205384e-01	-1.106531e+00	-4.487884e-01	7.435481e-01	
1  345.104	6.997625e+01	2.449780e+00	1.186265e-01	-1.107913e+00	-4.830641e-01	7.596085e-01	
5  344.769	6.964441e+01	2.475763e+00	1.203112e-01	-1.089178e+00	-5.452823e-01	7.508769e-01	
2  346.179	6.985157e+01	2.485480e+00	1.225835e-01	-1.065705e+00	-5.002778e-01	7.464020e-01	
1  344.986	6.879481e+01	2.497463e+00	1.219747e-01	-1.076318e+00	-5.003301e-01	7.361267e-01	
1  345.364	6.829032e+01	2.510278e+00	1.215643e-01	-1.039048e+00	-5.538356e-01	7.220363e-01	
1  344.813	6.872808e+01	2.525558e+00	1.229600e-01	-1.033455e+00	-4.979445e-01	7.194704e-01	
3  345.004	6.804208e+01	2.526472e+00	1.226993e-01	-9.674702e-01	-5.402836e-01	7.200313e-01	
2  348.069	6.700611e+01	2.501442e+00	1.211364e-01	-9.595351e-01	-5.702240e-01	7.064553e-01	
1  345.13	6.739031e+01	2.454579e+00	1.195644e-01	-9.601236e-01	-5.569636e-01	7.197143e-01	
9  344.687	6.736781e+01	2.446037e+00	1.181809e-01	-9.093234e-01	-6.593707e-01	6.868545e-01	
4  344.183	6.772879e+01	2.445575e+00	1.200787e-01	-9.358069e-01	-6.739721e-01	6.783960e-01	
3  343.687	6.787391e+01	2.427492e+00	1.165103e-01	-9.863665e-01	-6.265791e-01	6.906704e-01	
2  345.723	6.940005e+01	2.420384e+00	1.178655e-01	-9.943150e-01	-6.366144e-01	7.007417e-01	
4  344.646	6.881472e+01	2.429901e+00	1.167311e-01	-1.080738e+00	-7.157709e-01	7.058471e-01	
4  343.534	6.888101e+01	2.421182e+00	1.188388e-01	-1.038962e+00	-7.253519e-01	7.313361e-01	
1  343.73	6.892844e+01	2.416016e+00	1.200030e-01	-1.011621e+00	-8.682641e-01	7.313976e-01	
2  343.64	6.788478e+01	2.419115e+00	1.156417e-01	-9.057768e-01	-8.842730e-01	7.334295e-01	
2  344.04	6.859143e+01	2.413242e+00	1.132338e-01	-1.024536e+00	-9.238772e-01	7.337877e-01	
4  343.922	6.923384e+01	2.382797e+00	1.127807e-01	-1.049107e+00	-8.976532e-01	7.399236e-01	
4  346.129	6.971007e+01	2.439550e+00	1.151950e-01	-1.103561e+00	-9.230079e-01	7.280575e-01	
1  344.397	6.950646e+01	2.403332e+00	1.162661e-01	-1.043414e+00	-9.476164e-01	7.185444e-01	
15  344.267	6.897411e+01	2.413830e+00	1.141574e-01	-1.035737e+00	-9.927474e-01	6.968323e-01	
4  344.52	6.877756e+01	2.424819e+00	1.182291e-01	-1.022820e+00	-9.937426e-01	6.846086e-01	
1  343.453	6.798484e+01	2.426786e+00	1.169348e-01	-9.083228e-01	-1.004093e+00	6.919680e-01	
2  344.167	6.910583e+01	2.447282e+00	1.176139e-01	-9.598884e-01	-1.069068e+00	6.710613e-01	
1  345.632	6.945385e+01	2.422838e+00	1.170127e-01	-9.570882e-01	-9.671227e-01	6.651427e-01	
13  343.677	6.895963e+01	2.398215e+00	1.178249e-01	-9.939022e-01	-1.021972e+00	6.585361e-01	
2  344.018	6.872572e+01	2.437555e+00	1.207403e-01	-9.600699e-01	-1.047281e+00	6.636859e-01	
5  344.378	6.821496e+01	2.430351e+00	1.189084e-01	-9.694827e-01	-1.033494e+00	6.697328e-01	
2  346.388	6.814069e+01	2.451769e+00	1.197363e-01	-9.921713e-01	-1.074351e+00	6.609740e-01	
1  345.645	6.856981e+01	2.435592e+00	1.190838e-01	-1.032098e+00	-9.986910e-01	6.406755e-01	
6  343.782	6.899073e+01	2.458285e+00	1.158998e-01	-1.001166e+00	-9.563232e-01	6.388881e-01	
1  343.308	6.846704e+01	2.462842e+00	1.144265e-01	-9.268308e-01	-9.371261e-01	6.429699e-01	
2  343.299	6.866448e+01	2.444771e+00	1.126926e-01	-9.495213e-01	-1.030358e+00	6.539629e-01	
4  344.328	6.939448e+01	2.458583e+00	1.132695e-01	-1.019966e+00	-1.006248e+00	6.516962e-01	
1  346.449	6.826512e+01	2.449130e+00	1.114048e-01	-1.021415e+00	-1.068984e+00	6.528232e-01	
1  343.79	6.805040e+01	2.458800e+00	1.106168e-01	-9.360011e-01	-1.087295e+00	6.630615e-01	
1  343.514	6.814051e+01	2.453484e+00	1.102768e-01	-9.372317e-01	-1.056548e+00	6.541287e-01	
9  344.638	6.909552e+01	2.472143e+00	1.098148e-01	-1.017402e+00	-1.106889e+00	6.490793e-01	
2  344.25	6.888445e+01	2.529967e+00	1.092124e-01	-9.799362e-01	-1.123589e+00	6.451293e-01	
2  345.43	6.884413e+01	2.563031e+00	1.048941e-01	-1.000036e+00	-1.152576e+00	6.472306e-01	
3  345.032	6.856084e+01	2.586262e+00	1.072385e-01	-9.682143e-01	-1.158910e+00	6.197415e-01	
1  344.623	6.878917e+01	2.555276e+00	1.066015e-01	-9.781191e-01	-1.155590e+00	6.128635e-01	
1  343.902	6.876299e+01	2.522301e+00	1.063365e-01	-9.513340e-01	-1.156283e+00	6.078688e-01	
6  345.339	6.938508e+01	2.539084e+00	1.079877e-01	-9.790925e-01	-1.312237e+00	6.312667e-01	
4  346.459	6.947690e+01	2.504280e+00	1.082757e-01	-1.026590e+00	-1.329787e+00	6.191247e-01	
10  346.015	6.917525e+01	2.563170e+00	1.085195e-01	-9.907904e-01	-1.332177e+00	6.283586e-01	
1  344.825	6.915783e+01	2.585608e+00	1.069676e-01	-8.874748e-01	-1.319068e+00	6.253169e-01	
1  345.006	6.914398e+01	2.564192e+00	1.041090e-01	-9.521409e-01	-1.331465e+00	6.311359e-01	
2  345.734	6.940675e+01	2.546305e+00	1.081997e-01	-9.881871e-01	-1.331580e+00	6.396114e-01	
3  346.252	6.867387e+01	2.539532e+00	1.088858e-01	-9.651603e-01	-1.409039e+00	6.231616e-01	
1  348.267	6.800296e+01	2.513467e+00	1.120027e-01	-9.426567e-01	-1.474379e+00	6.165665e-01	
1  346.884	6.911298e+01	2.505394e+00	1.134888e-01	-9.797068e-01	-1.530983e+00	6.189461e-01	
3  344.313	6.865294e+01	2.499310e+00	1.156370e-01	-8.680872e-01	-1.472718e+00	6.029769e-01	
2  345.852	6.834774e+01	2.527435e+00	1.169963e-01	-9.139617e-01	-1.425956e+00	6.265860e-01	
1  346.637	6.857520e+01	2.510531e+00	1.180976e-01	-9.514362e-01	-1.414504e+00	6.406482e-01	
3  344.331	6.852385e+01	2.515733e+00	1.153535e-01	-8.867898e-01	-1.402646e+00	6.218455e-01	
5  345.491	6.866680e+01	2.524716e+00	1.134454e-01	-9.422080e-01	-1.412920e+00	6.210573e-01	
1  344.428	6.853744e+01	2.508647e+00	1.121998e-01	-9.223571e-01	-1.359072e+00	6.139923e-01	
3  344.686	6.908697e+01	2.482766e+00	1.126946e-01	-9.260279e-01	-1.445279e+00	6.280687e-01	
1  344.328	6.842291e+01	2.477217e+00	1.150973e-01	-9.068702e-01	-1.391213e+00	6.163847e-01	
1  344.834	6.811288e+01	2.428036e+00	1.127821e-01	-9.214401e-01	-1.398110e+00	6.202854e-01	
3  345.168	6.833606e+01	2.414463e+00	1.118400e-01	-9.486935e-01	-1.416426e+00	6.047369e-01	
1  347.19	6.834300e+01	2.421449e+00	1.107027e-01	-1.005667e+00	-1.324574e+00	6.078911e-01	
6  344.13	6.901613e+01	2.406664e+00	1.117158e-01	-9.479701e-01	-1.330550e+00	5.859125e-01	
6  343.527	6.799377e+01	2.432187e+00	1.125447e-01	-8.476160e-01	-1.327191e+00	5.973806e-01	
1  343.829	6.850051e+01	2.426279e+00	1.131902e-01	-8.526679e-01	-1.397713e+00	5.895036e-01	
4  345.004	6.707803e+01	2.391688e+00	1.117609e-01	-7.906858e-01	-1.447619e+00	5.983807e-01	
2  344.599	6.791645e+01	2.403619e+00	1.109045e-01	-8.881384e-01	-1.468207e+00	6.062685e-01	
1  344.333	6.884628e+01	2.408715e+00	1.085896e-01	-9.272745e-01	-1.426591e+00	5.895388e-01	
4  344.938	6.857989e+01	2.401566e+00	1.047545e-01	-9.260239e-01	-1.456030e+00	5.793925e-01	
2  345.745	6.882602e+01	2.402742e+00	1.052295e-01	-9.939371e-01	-1.367145e+00	5.789360e-01	
2  344.398	6.863844e+01	2.412160e+00	1.051924e-01	-9.193543e-01	-1.337638e+00	5.797814e-01	
1  345.173	6.887221e+01	2.396510e+00	1.035885e-01	-9.563214e-01	-1.338138e+00	5.819455e-01	
1  345.532	6.847835e+01	2.410482e+00	1.028763e-01	-9.500963e-01	-1.372559e+00	6.031373e-01	
1  345.505	6.775979e+01	2.376968e+00	1.046698e-01	-8.945383e-01	-1.398194e+00	6.034177e-01	
1  345.68	6.883153e+01	2.360568e+00	1.032933e-01	-9.091631e-01	-1.437668e+00	6.023653e-01	
3  345.919	6.877433e+01	2.361976e+00	1.019513e-01	-9.118141e-01	-1.394645e+00	6.085489e-01	
1  345.336	6.826299e+01	2.355507e+00	1.027426e-01	-8.943754e-01	-1.411805e+00	6.039936e-01	
1  346.554	6.843615e+01	2.325081e+00	1.024584e-01	-9.508379e-01	-1.475719e+00	6.012521e-01	
4  346.301	6.868319e+01	2.341417e+00	1.041398e-01	-9.639368e-01	-1.512078e+00	6.137581e-01	
2  347.252	6.945368e+01	2.347814e+00	1.040198e-01	-9.326011e-01	-1.474682e+00	6.212355e-01	
2  346.308	6.897604e+01	2.351418e+00	1.029675e-01	-9.057682e-01	-1.432727e+00	5.986888e-01	
1  346.864	6.716470e+01	2.334893e+00	1.023284e-01	-8.153953e-01	-1.493512e+00	5.974347e-01	
2  347.215	6.719310e+01	2.362549e+00	1.013632e-01	-8.338719e-01	-1.502480e+00	6.025080e-01	
5  347.486	6.764791e+01	2.363231e+00	9.931264e-02	-7.657201e-01	-1.541147e+00	6.008066e-01	
1  347.74	6.706001e+01	2.380682e+00	1.043648e-01	-8.563558e-01	-1.474458e+00	6.056273e-01	
2  345.77	6.765698e+01	2.381470e+00	1.040753e-01	-8.786512e-01	-1.449511e+00	6.010589e-01	
1  345.962	6.786127e+01	2.377972e+00	1.042081e-01	-9.121256e-01	-1.426759e+00	6.138093e-01	
1  345.611	6.773123e+01	2.369024e+00	1.034227e-01	-8.698759e-01	-1.468920e+00	6.068490e-01	
3  345.714	6.879619e+01	2.402951e+00	1.012944e-01	-9.120294e-01	-1.445330e+00	5.954423e-01	
1  345.738	6.823811e+01	2.378152e+00	1.006121e-01	-8.973185e-01	-1.394381e+00	6.128792e-01	
1  346.322	6.808216e+01	2.395260e+00	9.918883e-02	-9.033947e-01	-1.411639e+00	5.993936e-01	
1  346.203	6.849653e+01	2.428036e+00	9.777320e-02	-9.222964e-01	-1.356346e+00	5.927282e-01	
8  345.539	6.796978e+01	2.425104e+00	9.952440e-02	-8.647902e-01	-1.374966e+00	6.154368e-01	
3  347.939	6.945728e+01	2.433274e+00	9.867956e-02	-9.252626e-01	-1.382445e+00	6.018801e-01	
1  346.827	6.897073e+01	2.429460e+00	9.770272e-02	-9.270896e-01	-1.452226e+00	5.937339e-01	
1  348.535	6.814712e+01	2.441702e+00	9.963390e-02	-9.527684e-01	-1.535109e+00	5.760337e-01	
2  348.955	6.935674e+01	2.422753e+00	9.490215e-02	-9.706316e-01	-1.509528e+00	5.803160e-01	
1  349.632	6.970388e+01	2.422201e+00	9.490421e-02	-9.831645e-01	-1.403617e+00	5.556759e-01	
1  351.189	7.014694e+01	2.397519e+00	9.588376e-02	-1.017491e+00	-1.278868e+00	5.510362e-01	
1  350.712	7.053017e+01	2.380186e+00	1.005789e-01	-1.090154e+00	-1.301286e+00	5.303985e-01	
1  350.747	7.045411e+01	2.378114e+00	1.008892e-01	-1.043568e+00	-1.351274e+00	5.544743e-01	
1  352.177	7.043495e+01	2.383107e+00	9.918274e-02	-1.000927e+00	-1.365377e+00	5.500763e-01	
7  347.819	6.977438e+01	2.366382e+00	1.020569e-01	-1.064691e+00	-1.300361e+00	5.533641e-01	
1  347.05	6.938108e+01	2.389786e+00	1.010969e-01	-1.022970e+00	-1.356783e+00	5.497682e-01	
3  346.173	6.910450e+01	2.399962e+00	1.008684e-01	-9.399257e-01	-1.384047e+00	5.211015e-01	
1  345.853	6.794969e+01	2.395159e+00	1.015859e-01	-9.193656e-01	-1.300258e+00	5.266236e-01	
6  346.058	6.710540e+01	2.388308e+00	1.032740e-01	-8.088716e-01	-1.266713e+00	5.240074e-01	
1  345.378	6.762065e+01	2.395893e+00	1.020243e-01	-8.405518e-01	-1.320407e+00	5.059296e-01	
1  346.335	6.749733e+01	2.379107e+00	1.010371e-01	-8.616392e-01	-1.334366e+00	5.192507e-01	
1  353.091	6.645085e+01	2.397400e+00	9.960239e-02	-8.614518e-01	-1.336230e+00	5.157095e-01	
3  352.609	6.659578e+01	2.395501e+00	1.013913e-01	-8.733512e-01	-1.395038e+00	5.139376e-01	
3  347.066	6.757693e+01	2.384235e+00	9.882222e-02	-8.746587e-01	-1.366010e+00	5.262451e-01	
2  347.508	6.796584e+01	2.352826e+00	9.954064e-02	-9.434972e-01	-1.358481e+00	5.260073e-01	
2  347.587	6.818848e+01	2.384530e+00	9.791924e-02	-9.578397e-01	-1.351048e+00	5.116321e-01	
1  348.295	6.776294e+01	2.374085e+00	9.456459e-02	-8.732262e-01	-1.334891e+00	4.984140e-01	
2  348.952	6.774063e+01	2.350072e+00	9.407111e-02	-8.379357e-01	-1.317300e+00	5.178553e-01	
6  349.991	6.788933e+01	2.351028e+00	9.615786e-02	-7.721026e-01	-1.270908e+00	5.116792e-01	
5  348.262	6.724640e+01	2.348848e+00	9.784588e-02	-7.731082e-01	-1.314215e+00	5.300483e-01	
1  346.315	6.761475e+01	2.334794e+00	1.011443e-01	-8.280084e-01	-1.303660e+00	5.090867e-01	
1  345.62	6.827082e+01	2.334780e+00	1.025239e-01	-8.680425e-01	-1.326347e+00	4.980190e-01	
1  346.418	6.890225e+01	2.356908e+00	1.027549e-01	-8.777753e-01	-1.358812e+00	4.765943e-01	
2  344.969	6.812210e+01	2.381631e+00	1.069955e-01	-9.409041e-01	-1.313849e+00	4.793140e-01	
4  344.373	6.866076e+01	2.411896e+00	1.073839e-01	-8.619601e-01	-1.297160e+00	4.920763e-01	
5  344.917	6.844003e+01	2.392074e+00	1.021213e-01	-9.289292e-01	-1.196533e+00	4.720604e-01	
3  346.196	6.908137e+01	2.383997e+00	1.017345e-01	-9.243718e-01	-1.249255e+00	4.713188e-01	
2  346.116	6.951670e+01	2.388508e+00	1.042613e-01	-9.846654e-01	-1.242670e+00	4.379968e-01	
1  345.933	6.940067e+01	2.404003e+00	1.027155e-01	-1.045045e+00	-1.184651e+00	4.314419e-01	
5  346.297	6.834299e+01	2.398923e+00	1.015802e-01	-1.024546e+00	-1.061654e+00	4.346967e-01	
4  345.053	6.809970e+01	2.399051e+00	1.031516e-01	-9.697965e-01	-9.921129e-01	4.563676e-01	
2  346.121	6.867656e+01	2.377818e+00	1.038363e-01	-8.728786e-01	-1.021598e+00	4.690821e-01	
1  345.499	6.865395e+01	2.389117e+00	1.063164e-01	-8.508285e-01	-1.072697e+00	4.476315e-01	
1  344.905	6.768677e+01	2.380443e+00	1.043222e-01	-8.770564e-01	-1.118023e+00	4.369404e-01	
1  344.561	6.832798e+01	2.356013e+00	1.048760e-01	-9.000285e-01	-1.053753e+00	4.471411e-01	
1  346.052	6.884160e+01	2.325006e+00	1.027706e-01	-9.524322e-01	-9.813985e-01	4.660507e-01	
4  347.329	6.795528e+01	2.337951e+00	1.020834e-01	-1.025169e+00	-9.795980e-01	4.777364e-01	
1  344.907	6.878119e+01	2.386445e+00	1.040678e-01	-1.034941e+00	-9.890556e-01	4.574639e-01	
1  344.049	6.854097e+01	2.415750e+00	1.045100e-01	-9.650863e-01	-9.718763e-01	4.615733e-01	
1  343.748	6.867971e+01	2.431092e+00	1.060657e-01	-9.480855e-01	-9.457172e-01	4.725109e-01	
1  345.027	6.942205e+01	2.436500e+00	1.043089e-01	-1.025139e+00	-9.189942e-01	4.587109e-01	
2  345.142	6.827165e+01	2.444179e+00	1.034127e-01	-1.023978e+00	-8.437868e-01	4.437617e-01	
4  344.695	6.848185e+01	2.440881e+00	1.067195e-01	-1.047760e+00	-8.360967e-01	4.337946e-01	
3  344.599	6.903023e+01	2.462403e+00	1.075425e-01	-1.106355e+00	-7.593682e-01	4.043787e-01	
2  345.319	6.975721e+01	2.469391e+00	1.086259e-01	-1.048230e+00	-6.208197e-01	4.100318e-01	
2  344.044	6.944440e+01	2.475971e+00	1.089448e-01	-1.109000e+00	-5.553388e-01	4.094577e-01	
5  344.62	6.955417e+01	2.469871e+00	1.066615e-01	-1.057135e+00	-6.161200e-01	4.329951e-01	
1  343.582	6.881079e+01	2.462825e+00	1.065415e-01	-1.057341e+00	-5.817267e-01	4.175410e-01	
2  343.607	6.862238e+01	2.493567e+00	1.066890e-01	-1.030990e+00	-6.463992e-01	4.017084e-01	
1  344.511	6.903112e+01	2.501579e+00	1.056635e-01	-1.083887e+00	-7.714012e-01	4.093976e-01	
2  344.629	6.931958e+01	2.493005e+00	1.020725e-01	-1.060781e+00	-6.941225e-01	4.146925e-01	
1  345.254	6.945330e+01	2.490494e+00	1.032868e-01	-9.970485e-01	-7.368421e-01	4.146943e-01	
1  343.191	6.836336e+01	2.492434e+00	1.070553e-01	-9.290894e-01	-7.857652e-01	4.254036e-01	
3  343.757	6.798462e+01	2.468808e+00	1.053112e-01	-9.224572e-01	-8.050541e-01	4.178100e-01	
1  344.858	6.771090e+01	2.436142e+00	1.039311e-01	-9.341480e-01	-8.106433e-01	4.160383e-01	
2  343.606	6.833858e+01	2.423394e+00	1.059418e-01	-9.462661e-01	-7.971017e-01	4.106410e-01	
1  343.601	6.841716e+01	2.402084e+00	1.066820e-01	-9.613071e-01	-7.465990e-01	4.261985e-01	
2  343.488	6.864045e+01	2.441377e+00	1.107490e-01	-1.039211e+00	-6.940117e-01	4.282870e-01	
4  344.099	6.894205e+01	2.452259e+00	1.118345e-01	-1.090367e+00	-7.184805e-01	4.104556e-01	
2  343.929	6.928641e+01	2.447683e+00	1.113824e-01	-1.070817e+00	-7.770146e-01	4.222417e-01	
4  344.479	6.925737e+01	2.425680e+00	1.094770e-01	-1.105216e+00	-8.262235e-01	4.356432e-01	
2  344.546	6.949071e+01	2.473843e+00	1.115516e-01	-1.090995e+00	-8.407060e-01	4.250059e-01	
1  344.531	6.959333e+01	2.495352e+00	1.098683e-01	-1.057921e+00	-8.272808e-01	4.434017e-01	
1  345.391	6.974302e+01	2.457976e+00	1.115867e-01	-1.006931e+00	-9.249667e-01	4.374704e-01	
1  343.244	6.859410e+01	2.498466e+00	1.118777e-01	-9.152670e-01	-9.443157e-01	4.376728e-01	
4  343.524	6.871101e+01	2.504844e+00	1.064734e-01	-9.635788e-01	-9.478219e-01	4.351569e-01	
4  343.821	6.894952e+01	2.487781e+00	1.055940e-01	-9.563043e-01	-9.344661e-01	4.513164e-01	
1  344.024	6.855891e+01	2.477409e+00	1.064510e-01	-9.781772e-01	-1.038817e+00	4.263574e-01	
1  344.202	6.918516e+01	2.487601e+00	1.080326e-01	-9.398128e-01	-1.100526e+00	4.262828e-01	
2  344.371	6.838670e+01	2.483167e+00	1.079439e-01	-9.643270e-01	-1.127625e+00	4.151369e-01	
5  344.199	6.923417e+01	2.490851e+00	1.075923e-01	-9.723740e-01	-1.099223e+00	3.985803e-01	
2  344.562	6.913568e+01	2.497961e+00	1.060983e-01	-8.962188e-01	-1.161355e+00	4.049588e-01	
1  344.34	6.848589e+01	2.523280e+00	1.068111e-01	-9.751257e-01	-1.048100e+00	4.010987e-01	
2  343.637	6.866646e+01	2.522444e+00	1.082946e-01	-9.475602e-01	-1.059433e+00	4.147932e-01	
2  343.612	6.848818e+01	2.530481e+00	1.090606e-01	-9.431310e-01	-1.010623e+00	4.387050e-01	
1  343.609	6.857047e+01	2.519243e+00	1.109398e-01	-9.512557e-01	-1.008630e+00	4.512630e-01	
1  345.238	6.797247e+01	2.571884e+00	1.034842e-01	-9.459623e-01	-1.005825e+00	4.710772e-01	
3  345.373	6.818301e+01	2.536334e+00	1.050490e-01	-9.549250e-01	-1.172433e+00	4.880157e-01	
1  346.598	6.857896e+01	2.570810e+00	1.053808e-01	-1.002682e+00	-1.234654e+00	4.920130e-01	
1  344.357	6.914308e+01	2.584501e+00	1.096937e-01	-9.164774e-01	-1.236413e+00	4.817257e-01	
1  343.641	6.840834e+01	2.594849e+00	1.103713e-01	-8.702088e-01	-1.157256e+00	4.791793e-01	
2  343.604	6.807087e+01	2.599156e+00	1.072713e-01	-7.730003e-01	-1.236659e+00	4.581572e-01	
1  345.105	6.931987e+01	2.595267e+00	1.090889e-01	-8.740958e-01	-1.309474e+00	4.691102e-01	
1  346.548	6.967713e+01	2.615817e+00	1.049195e-01	-8.851723e-01	-1.226919e+00	4.654559e-01	
4  344.568	6.918320e+01	2.625314e+00	1.046905e-01	-8.831939e-01	-1.256883e+00	4.808362e-01	
2  343.836	6.878321e+01	2.604783e+00	1.047128e-01	-8.659774e-01	-1.272319e+00	4.565474e-01	
1  344.041	6.880722e+01	2.659548e+00	1.030013e-01	-8.327293e-01	-1.364467e+00	4.399874e-01	
1  345.19	6.735374e+01	2.604732e+00	1.064457e-01	-7.731326e-01	-1.357144e+00	4.318755e-01	
1  344.097	6.761092e+01	2.601412e+00	1.052690e-01	-7.703901e-01	-1.313969e+00	4.298693e-01	
2  343.842	6.784562e+01	2.620251e+00	1.091026e-01	-7.329180e-01	-1.273248e+00	4.370447e-01	
2  345.661	6.687342e+01	2.631354e+00	1.095411e-01	-6.714886e-01	-1.287841e+00	4.433195e-01	
5  344.762	6.758376e+01	2.633029e+00	1.071959e-01	-6.530943e-01	-1.316270e+00	4.406266e-01	
2  345.281	6.716556e+01	2.627126e+00	1.115289e-01	-7.095862e-01	-1.333143e+00	4.506520e-01	
3  344.58	6.780201e+01	2.569569e+00	1.138253e-01	-6.963757e-01	-1.388656e+00	4.529450e-01	
5  343.836	6.810675e+01	2.520729e+00	1.146289e-01	-8.044450e-01	-1.375479e+00	4.384294e-01	
1  344.709	6.738305e+01	2.531492e+00	1.146728e-01	-7.427665e-01	-1.380808e+00	4.488878e-01	
2  345.221	6.707446e+01	2.515758e+00	1.133543e-01	-7.206776e-01	-1.439618e+00	4.620380e-01	
2  345.553	6.729309e+01	2.503222e+00	1.149274e-01	-6.431011e-01	-1.432206e+00	4.674472e-01	
4  345.981	6.813909e+01	2.506054e+00	1.139601e-01	-6.868038e-01	-1.442911e+00	4.762045e-01	
4  343.997	6.784939e+01	2.547676e+00	1.115825e-01	-7.337192e-01	-1.413709e+00	4.746986e-01	
5  344.254	6.764949e+01	2.565647e+00	1.128691e-01	-7.481535e-01	-1.421116e+00	4.526056e-01	
8  343.853	6.809745e+01	2.575727e+00	1.124727e-01	-7.823795e-01	-1.364938e+00	4.444156e-01	
7  343.609	6.809706e+01	2.527683e+00	1.116546e-01	-7.883482e-01	-1.398205e+00	4.378882e-01	
6  343.675	6.799000e+01	2.544056e+00	1.107188e-01	-7.964271e-01	-1.374015e+00	4.524145e-01	
1  344.468	6.857855e+01	2.571943e+00	1.136186e-01	-8.669341e-01	-1.416315e+00	4.375707e-01	
7  345.545	6.939520e+01	2.573335e+00	1.146815e-01	-8.902191e-01	-1.424381e+00	4.177216e-01	
1  344.526	6.862509e+01	2.541214e+00	1.127631e-01	-9.275753e-01	-1.291981e+00	4.085818e-01	
1  345.593	6.926509e+01	2.525173e+00	1.154436e-01	-8.376949e-01	-1.311664e+00	3.995533e-01	
5  343.91	6.836567e+01	2.532241e+00	1.149295e-01	-8.238518e-01	-1.361913e+00	4.040342e-01	
1  344.129	6.799568e+01	2.524427e+00	1.140118e-01	-8.325177e-01	-1.289107e+00	3.928114e-01	
2  344.516	6.850809e+01	2.547839e+00	1.162907e-01	-7.722232e-01	-1.250265e+00	4.005099e-01	
1  343.953	6.776675e+01	2.513171e+00	1.144132e-01	-7.783871e-01	-1.261942e+00	3.837231e-01	
3  343.491	6.830721e+01	2.467478e+00	1.150670e-01	-8.331854e-01	-1.289292e+00	3.894828e-01	
1  343.805	6.844846e+01	2.494511e+00	1.162950e-01	-8.195371e-01	-1.312150e+00	3.990385e-01	
3  344.825	6.786794e+01	2.525896e+00	1.145495e-01	-8.553450e-01	-1.246558e+00	3.943208e-01	
1  343.776	6.839317e+01	2.532942e+00	1.124812e-01	-8.737356e-01	-1.230153e+00	3.813575e-01	
1  344.096	6.898920e+01	2.529461e+00	1.125599e-01	-8.658595e-01	-1.257660e+00	3.724470e-01	
2  343.764	6.865504e+01	2.532618e+00	1.115400e-01	-9.013225e-01	-1.213895e+00	3.634486e-01	
1  343.784	6.836940e+01	2.514803e+00	1.131633e-01	-8.853800e-01	-1.181774e+00	3.566267e-01	
1  343.708	6.829259e+01	2.546975e+00	1.124096e-01	-8.511141e-01	-1.192295e+00	3.668900e-01	
1  343.918	6.843622e+01	2.560025e+00	1.148401e-01	-8.024835e-01	-1.176787e+00	3.798766e-01	
1  344.115	6.794485e+01	2.570131e+00	1.146085e-01	-7.284078e-01	-1.295910e+00	3.912671e-01	
1  345.023	6.735336e+01	2.572216e+00	1.145567e-01	-7.311659e-01	-1.271991e+00	4.005428e-01	
2  345.696	6.738641e+01	2.567379e+00	1.133815e-01	-7.872659e-01	-1.329752e+00	4.186143e-01	
1  344.116	6.837569e+01	2.580580e+00	1.143991e-01	-8.086232e-01	-1.344539e+00	4.079984e-01	
1  343.761	6.799912e+01	2.558653e+00	1.106871e-01	-7.245557e-01	-1.358934e+00	3.981666e-01	
5  344.067	6.772219e+01	2.577564e+00	1.099222e-01	-7.543167e-01	-1.397807e+00	3.954954e-01	
1  343.984	6.820903e+01	2.569982e+00	1.070535e-01	-8.161182e-01	-1.466585e+00	3.610647e-01	
7  345.741	6.810508e+01	2.564180e+00	1.079097e-01	-8.869271e-01	-1.472002e+00	3.616692e-01	
1  345.524	6.939066e+01	2.573604e+00	1.079984e-01	-8.320912e-01	-1.464839e+00	3.788442e-01	
2  344.018	6.820961e+01	2.560008e+00	1.039972e-01	-8.333065e-01	-1.426871e+00	4.014291e-01	
2  343.979	6.862596e+01	2.543265e+00	1.039569e-01	-8.048027e-01	-1.437152e+00	3.779539e-01	
5  343.863	6.791472e+01	2.520181e+00	1.045826e-01	-7.812954e-01	-1.405241e+00	3.811493e-01	
1  343.681	6.846637e+01	2.523900e+00	1.057076e-01	-8.001027e-01	-1.395463e+00	3.695492e-01	
3  344.3	6.859385e+01	2.550487e+00	1.044098e-01	-8.868735e-01	-1.442077e+00	3.765981e-01	
1  344.309	6.856605e+01	2.568239e+00	1.025184e-01	-8.766662e-01	-1.424554e+00	3.914582e-01	
2  344.634	6.796819e+01	2.595404e+00	1.017851e-01	-8.293889e-01	-1.409482e+00	4.051878e-01	
1  345.099	6.827387e+01	2.629936e+00	1.032043e-01	-8.746806e-01	-1.432854e+00	4.049645e-01	
7  344.53	6.788101e+01	2.642031e+00	1.007023e-01	-8.113073e-01	-1.333474e+00	3.951383e-01	
2  344.258	6.805663e+01	2.632012e+00	1.006290e-01	-8.361968e-01	-1.261522e+00	3.909600e-01	
3  344.447	6.841453e+01	2.643122e+00	9.659881e-02	-8.622506e-01	-1.252772e+00	4.080339e-01	
4  344.256	6.837836e+01	2.641545e+00	9.650419e-02	-8.423840e-01	-1.215508e+00	3.908933e-01	
5  344.613	6.838931e+01	2.642301e+00	9.556766e-02	-8.502182e-01	-1.266783e+00	3.801387e-01	
2  345.48	6.740523e+01	2.610202e+00	9.873116e-02	-7.728010e-01	-1.275111e+00	3.687776e-01	
1  344.521	6.813407e+01	2.588652e+00	9.993430e-02	-7.024702e-01	-1.353459e+00	3.731141e-01	
13  344.465	6.755336e+01	2.575549e+00	9.995794e-02	-6.840243e-01	-1.380731e+00	3.643487e-01	
6  344.644	6.736679e+01	2.568327e+00	1.043767e-01	-7.325312e-01	-1.305558e+00	3.555497e-01	
1  343.441	6.833176e+01	2.565522e+00	1.069543e-01	-7.928307e-01	-1.320362e+00	3.419721e-01	
3  343.732	6.795819e+01	2.563414e+00	1.032849e-01	-7.545901e-01	-1.366599e+00	3.585402e-01	
3  344.236	6.776576e+01	2.575933e+00	1.003162e-01	-6.920022e-01	-1.387338e+00	3.597231e-01	
3  345.217	6.833601e+01	2.535961e+00	9.926283e-02	-7.176857e-01	-1.352363e+00	3.490470e-01	
5  345.185	6.800810e+01	2.538765e+00	9.643793e-02	-7.402816e-01	-1.321052e+00	3.542147e-01	
1  344.593	6.816041e+01	2.563468e+00	9.854389e-02	-7.198444e-01	-1.362891e+00	3.430790e-01	
9  345.338	6.874290e+01	2.591705e+00	9.625442e-02	-7.725111e-01	-1.387772e+00	3.395536e-01	
2  345.001	6.894017e+01	2.571103e+00	9.953306e-02	-8.012253e-01	-1.486715e+00	3.401150e-01	
2  345.218	6.771763e+01	2.561597e+00	1.003032e-01	-7.696715e-01	-1.594258e+00	3.564509e-01	
2  344.395	6.806003e+01	2.586567e+00	1.011123e-01	-6.744420e-01	-1.534516e+00	3.767387e-01	
2  344.66	6.843778e+01	2.545243e+00	1.013121e-01	-7.323677e-01	-1.596514e+00	3.902454e-01	
4  344.438	6.825569e+01	2.521390e+00	1.008627e-01	-7.463176e-01	-1.548984e+00	3.708179e-01	
7  344.47	6.749178e+01	2.523697e+00	1.032689e-01	-6.683383e-01	-1.554849e+00	3.892388e-01	
3  344.739	6.861603e+01	2.535467e+00	1.022289e-01	-7.575728e-01	-1.537095e+00	3.906648e-01	
12  344.794	6.865842e+01	2.497857e+00	1.009737e-01	-8.197881e-01	-1.522758e+00	3.984761e-01	
1  346.315	6.926985e+01	2.508906e+00	9.813916e-02	-9.238492e-01	-1.546202e+00	4.003787e-01	
5  347.022	6.952696e+01	2.499233e+00	9.808959e-02	-9.934581e-01	-1.501117e+00	3.816231e-01	
10  346.8	6.934196e+01	2.502966e+00	9.821599e-02	-1.007559e+00	-1.475848e+00	3.772176e-01	
1  346.952	6.970915e+01	2.528480e+00	9.871900e-02	-9.788551e-01	-1.445829e+00	3.803145e-01	
2  347.391	6.970237e+01	2.532114e+00	9.776497e-02	-9.301990e-01	-1.471828e+00	3.841801e-01	
3  346.487	6.942503e+01	2.519298e+00	1.002135e-01	-8.708034e-01	-1.472647e+00	3.899755e-01	
1  345.929	6.816476e+01	2.535973e+00	1.019129e-01	-9.038643e-01	-1.488127e+00	4.131823e-01	
9  344.51	6.840307e+01	2.521803e+00	1.005595e-01	-8.205191e-01	-1.530967e+00	4.254588e-01	
1  344.54	6.811600e+01	2.537578e+00	1.010053e-01	-7.306462e-01	-1.524916e+00	4.224728e-01	
2  344.326	6.806351e+01	2.550213e+00	1.004259e-01	-7.843096e-01	-1.523829e+00	4.342450e-01	
3  345.106	6.857069e+01	2.589789e+00	1.002448e-01	-7.337513e-01	-1.577476e+00	4.301816e-01	
1  346.604	6.862144e+01	2.620725e+00	1.011656e-01	-6.649979e-01	-1.630659e+00	4.282621e-01	
1  345.535	6.919473e+01	2.624705e+00	1.043256e-01	-7.810033e-01	-1.686741e+00	4.209190e-01	
2  345.926	6.897212e+01	2.615679e+00	1.019957e-01	-7.298101e-01	-1.679366e+00	4.239842e-01	
2  345.829	6.914453e+01	2.598585e+00	1.045506e-01	-7.647693e-01	-1.650516e+00	4.257177e-01	
3  346.066	6.894670e+01	2.567755e+00	1.044588e-01	-7.307234e-01	-1.713448e+00	4.404719e-01	
2  344.22	6.846124e+01	2.561667e+00	1.061290e-01	-7.412394e-01	-1.667722e+00	4.392841e-01	
3  344.711	6.793940e+01	2.545688e+00	1.079227e-01	-8.071307e-01	-1.646117e+00	4.324053e-01	
1  344.1	6.779438e+01	2.534754e+00	1.072482e-01	-7.540757e-01	-1.626713e+00	4.151463e-01	
1  344.588	6.867764e+01	2.527473e+00	1.057778e-01	-7.566335e-01	-1.653802e+00	4.183497e-01	
2  345.93	6.921128e+01	2.572755e+00	1.068886e-01	-7.561949e-01	-1.676321e+00	3.874143e-01	
1  345.786	6.920788e+01	2.585669e+00	1.067984e-01	-7.718208e-01	-1.667425e+00	4.145341e-01	
1  344.643	6.806004e+01	2.569386e+00	1.062259e-01	-8.029429e-01	-1.674412e+00	4.117416e-01	
1  343.996	6.837546e+01	2.545326e+00	1.089803e-01	-7.959058e-01	-1.676034e+00	3.984844e-01	
1  344.666	6.882617e+01	2.586510e+00	1.055644e-01	-8.525720e-01	-1.699507e+00	3.830152e-01	
1  344.82	6.884121e+01	2.588577e+00	1.054252e-01	-8.686697e-01	-1.682379e+00	3.797194e-01	
3  344.45	6.876013e+01	2.593134e+00	1.051783e-01	-8.545081e-01	-1.610164e+00	3.654321e-01	
3  344.662	6.909343e+01	2.610563e+00	1.084117e-01	-8.246524e-01	-1.610622e+00	3.563019e-01	
3  344.47	6.844919e+01	2.640576e+00	1.079863e-01	-8.117700e-01	-1.564313e+00	3.568957e-01	
1  344.508	6.852392e+01	2.645675e+00	1.028947e-01	-8.254339e-01	-1.590096e+00	3.433083e-01	
1  344.621	6.906629e+01	2.644703e+00	1.057508e-01	-7.974368e-01	-1.661346e+00	3.273644e-01	
2  345.436	6.937377e+01	2.677379e+00	1.035645e-01	-7.697999e-01	-1.673705e+00	2.976724e-01	
7  343.907	6.835632e+01	2.667845e+00	1.007719e-01	-7.101358e-01	-1.651422e+00	3.144296e-01	
1  345.165	6.864240e+01	2.692225e+00	1.013056e-01	-6.124455e-01	-1.667324e+00	3.230504e-01	
4  343.789	6.811044e+01	2.725305e+00	1.020302e-01	-6.145599e-01	-1.647445e+00	3.083592e-01	
1  343.803	6.793396e+01	2.692423e+00	1.032489e-01	-5.899017e-01	-1.640312e+00	3.036651e-01	
3  344.448	6.778737e+01	2.696586e+00	1.033903e-01	-6.796103e-01	-1.647331e+00	3.241730e-01	
2  345.1	6.865579e+01	2.648983e+00	1.030264e-01	-6.124731e-01	-1.646674e+00	3.033268e-01	
1  344.78	6.879269e+01	2.646650e+00	1.041154e-01	-6.456716e-01	-1.714739e+00	2.969068e-01	
5  344.809	6.787981e+01	2.637526e+00	1.091871e-01	-6.982600e-01	-1.714348e+00	2.997615e-01	
7  345.079	6.761333e+01	2.618509e+00	1.049212e-01	-6.807620e-01	-1.793256e+00	3.071149e-01	
1  344.995	6.763782e+01	2.622511e+00	1.053817e-01	-6.794479e-01	-1.758317e+00	2.967038e-01	
1  344.965	6.767390e+01	2.600044e+00	1.054040e-01	-6.924184e-01	-1.752771e+00	2.877314e-01	
1  344.27	6.765855e+01	2.576112e+00	1.032314e-01	-6.433058e-01	-1.731695e+00	2.888441e-01	
1  344.28	6.836657e+01	2.552722e+00	1.012251e-01	-7.502358e-01	-1.732569e+00	2.743996e-01	
1  344.233	6.800234e+01	2.554343e+00	1.021247e-01	-7.137768e-01	-1.714407e+00	2.905827e-01	
2  344.013	6.791238e+01	2.610615e+00	1.046957e-01	-6.582480e-01	-1.761969e+00	2.826681e-01	
1  344.178	6.781948e+01	2.578740e+00	1.050835e-01	-6.810880e-01	-1.706645e+00	2.806607e-01	
5  343.747	6.798531e+01	2.603431e+00	1.048461e-01	-5.828448e-01	-1.726742e+00	2.725764e-01	
5  344.568	6.865612e+01	2.591687e+00	1.008009e-01	-6.682417e-01	-1.694270e+00	2.761379e-01	
4  344.446	6.826842e+01	2.558206e+00	1.001239e-01	-7.514664e-01	-1.709513e+00	2.898483e-01	
2  344.455	6.839361e+01	2.552628e+00	1.005328e-01	-6.665991e-01	-1.730882e+00	2.843738e-01	
2  343.864	6.809882e+01	2.578787e+00	1.044530e-01	-6.901730e-01	-1.724784e+00	2.694386e-01	
1  344.365	6.897936e+01	2.535181e+00	1.052020e-01	-8.065746e-01	-1.767790e+00	2.565640e-01	
1  344.676	6.852748e+01	2.560598e+00	1.019884e-01	-8.158023e-01	-1.771199e+00	2.853318e-01	
4  347.091	6.838150e+01	2.583730e+00	1.040950e-01	-9.151375e-01	-1.808513e+00	2.839134e-01	
2  346.708	6.817218e+01	2.572885e+00	1.008127e-01	-8.739568e-01	-1.744438e+00	2.913277e-01	
6  345.79	6.889720e+01	2.555339e+00	9.615204e-02	-7.840679e-01	-1.775017e+00	2.873256e-01	
11  346.039	6.877683e+01	2.566276e+00	9.508828e-02	-8.286134e-01	-1.819374e+00	2.841106e-01	
7  346.306	6.876203e+01	2.562195e+00	9.564509e-02	-8.474582e-01	-1.912149e+00	2.891896e-01	
1  345.826	6.911679e+01	2.575440e+00	9.703499e-02	-8.180080e-01	-1.848836e+00	2.778550e-01	
3  345.972	6.835222e+01	2.568940e+00	9.768227e-02	-8.292120e-01	-1.836245e+00	3.048905e-01	
4  345.027	6.818953e+01	2.517471e+00	9.928864e-02	-7.603376e-01	-1.813005e+00	3.182302e-01	
1  346.499	6.938464e+01	2.555061e+00	9.787058e-02	-8.893772e-01	-1.807959e+00	3.309806e-01	
1  345.692	6.916248e+01	2.563557e+00	9.926437e-02	-8.342641e-01	-1.823247e+00	3.414081e-01	
2  346.888	6.968510e+01	2.558025e+00	1.008827e-01	-9.353193e-01	-1.880091e+00	3.342808e-01	
5  346.384	6.954946e+01	2.571365e+00	1.008947e-01	-8.934891e-01	-1.907148e+00	3.198493e-01	
3  345.854	6.922673e+01	2.525121e+00	1.010648e-01	-8.446872e-01	-1.979432e+00	3.276037e-01	
2  345.924	6.899204e+01	2.483312e+00	1.008701e-01	-8.704386e-01	-2.012896e+00	3.213860e-01	
3  346.876	6.915142e+01	2.472981e+00	9.777505e-02	-8.740903e-01	-1.928840e+00	3.459408e-01	
1  346.218	6.891303e+01	2.448639e+00	1.001513e-01	-8.590730e-01	-1.986369e+00	3.647236e-01	
2  345.893	6.919988e+01	2.442059e+00	1.046835e-01	-9.065240e-01	-2.024290e+00	3.472243e-01	
2  345.708	6.848419e+01	2.448379e+00	1.053040e-01	-8.585402e-01	-2.074443e+00	3.406151e-01	
2  345.457	6.906116e+01	2.434608e+00	1.062372e-01	-8.769374e-01	-2.086025e+00	3.423052e-01	
7  345.879	6.940681e+01	2.458345e+00	1.068077e-01	-8.377889e-01	-2.009515e+00	3.495006e-01	
1  344.376	6.883630e+01	2.456116e+00	1.089159e-01	-7.986290e-01	-1.984792e+00	3.213871e-01	
3  347.294	6.941336e+01	2.428469e+00	1.090757e-01	-7.210037e-01	-2.018346e+00	3.114325e-01	
8  344.486	6.855308e+01	2.428264e+00	1.052724e-01	-7.514174e-01	-1.980624e+00	3.003372e-01	
3  344.678	6.852421e+01	2.437943e+00	1.064174e-01	-8.120881e-01	-2.039628e+00	3.180785e-01	
2  344.579	6.797538e+01	2.429672e+00	1.072336e-01	-7.394350e-01	-2.048859e+00	3.213445e-01	
1  344.206	6.847639e+01	2.426403e+00	1.074030e-01	-7.312853e-01	-2.000138e+00	3.155772e-01	
4  345.357	6.740705e+01	2.399950e+00	1.087820e-01	-7.122819e-01	-1.919313e+00	3.106325e-01	
1  343.852	6.806735e+01	2.391285e+00	1.104214e-01	-6.685860e-01	-1.940698e+00	2.990872e-01	
1  344.166	6.814626e+01	2.381365e+00	1.096576e-01	-6.548971e-01	-1.914799e+00	3.003269e-01	
3  344.658	6.850726e+01	2.367591e+00	1.107840e-01	-6.832584e-01	-1.880452e+00	3.062298e-01	
2  343.919	6.833638e+01	2.394222e+00	1.102895e-01	-7.937572e-01	-1.868160e+00	3.196943e-01	
14  343.982	6.827345e+01	2.383425e+00	1.106613e-01	-8.277558e-01	-1.761976e+00	3.163315e-01	
3  343.949	6.798339e+01	2.376674e+00	1.136828e-01	-7.810670e-01	-1.807668e+00	3.223557e-01	
1  343.674	6.793757e+01	2.355083e+00	1.139520e-01	-7.213331e-01	-1.824620e+00	3.361525e-01	
2  343.952	6.768428e+01	2.349440e+00	1.152522e-01	-6.643178e-01	-1.954517e+00	3.564645e-01	
1  345.353	6.732792e+01	2.330771e+00	1.139495e-01	-7.235455e-01	-2.014168e+00	3.466520e-01	
1  344.849	6.766904e+01	2.347632e+00	1.122298e-01	-7.659072e-01	-1.972203e+00	3.456311e-01	
1  345.193	6.725111e+01	2.359194e+00	1.107993e-01	-6.815665e-01	-1.978078e+00	3.446978e-01	
3  344.493	6.827678e+01	2.357194e+00	1.086413e-01	-6.970884e-01	-2.014569e+00	3.375010e-01	
2  344.766	6.821430e+01	2.295367e+00	1.090449e-01	-7.047256e-01	-2.059591e+00	3.304355e-01	
6  344.404	6.836089e+01	2.255117e+00	1.116179e-01	-7.722023e-01	-2.082021e+00	3.342612e-01	
2  345.376	6.896508e+01	2.257268e+00	1.138133e-01	-7.762364e-01	-2.098287e+00	3.394660e-01	
2  344.22	6.839983e+01	2.269095e+00	1.137991e-01	-8.147149e-01	-2.151308e+00	3.470784e-01	
1  344.395	6.854087e+01	2.255995e+00	1.150813e-01	-8.379097e-01	-2.231011e+00	3.593397e-01	
1  344.498	6.821838e+01	2.296052e+00	1.154200e-01	-8.072996e-01	-2.214233e+00	3.772745e-01	
2  344.623	6.883848e+01	2.312900e+00	1.142339e-01	-8.568442e-01	-2.199573e+00	3.563816e-01	
2  344.493	6.884199e+01	2.308270e+00	1.148926e-01	-8.582371e-01	-2.146558e+00	3.596442e-01	
1  344.571	6.868268e+01	2.332960e+00	1.129478e-01	-8.687159e-01	-2.089338e+00	3.493564e-01	
2  345.081	6.902384e+01	2.353550e+00	1.103857e-01	-8.814176e-01	-2.130412e+00	3.481642e-01	
1  345.288	6.826155e+01	2.356639e+00	1.103942e-01	-8.652307e-01	-2.044092e+00	3.440469e-01	
2  344.924	6.908176e+01	2.357819e+00	1.102522e-01	-8.475158e-01	-1.991749e+00	3.475641e-01	
3  344.767	6.872192e+01	2.351235e+00	1.080260e-01	-8.163779e-01	-2.015539e+00	3.564006e-01	
1  344.628	6.878960e+01	2.355064e+00	1.108550e-01	-7.849264e-01	-2.001472e+00	3.721103e-01	
2  344.116	6.866191e+01	2.373900e+00	1.156144e-01	-7.700419e-01	-1.970225e+00	3.671274e-01	
3  343.92	6.811935e+01	2.372665e+00	1.121967e-01	-7.388726e-01	-2.017478e+00	3.612561e-01	
2  344.026	6.789679e+01	2.376639e+00	1.126849e-01	-6.608599e-01	-1.981788e+00	3.644512e-01	
1  344.509	6.766506e+01	2.370228e+00	1.129340e-01	-7.364573e-01	-1.982383e+00	3.573132e-01	
1  344.46	6.799279e+01	2.363475e+00	1.086252e-01	-7.572995e-01	-2.014469e+00	3.614678e-01	
2  344.704	6.835539e+01	2.382710e+00	1.060554e-01	-7.256209e-01	-1.964375e+00	3.478810e-01	
2  347.329	6.710420e+01	2.412278e+00	1.085437e-01	-7.269277e-01	-2.014175e+00	3.518907e-01	
1  345.514	6.882331e+01	2.422654e+00	1.091713e-01	-6.930410e-01	-2.023556e+00	3.518224e-01	
1  344.283	6.810271e+01	2.410036e+00	1.076676e-01	-6.762302e-01	-1.985569e+00	3.486545e-01	
1  344.34	6.831167e+01	2.408838e+00	1.067221e-01	-7.432366e-01	-1.955375e+00	3.605957e-01	
3  344.257	6.855691e+01	2.451686e+00	1.092908e-01	-8.085645e-01	-1.938293e+00	3.498317e-01	
2  344.647	6.861935e+01	2.454298e+00	1.056127e-01	-7.957481e-01	-2.010640e+00	3.518441e-01	
1  344.518	6.840857e+01	2.457964e+00	1.066709e-01	-7.653847e-01	-2.087850e+00	3.572233e-01	
5  344.714	6.866712e+01	2.414225e+00	1.067189e-01	-8.025207e-01	-2.045022e+00	3.607554e-01	
1  345.064	6.791388e+01	2.398369e+00	1.076379e-01	-7.672659e-01	-2.086565e+00	3.665515e-01	
4  346.076	6.924390e+01	2.395136e+00	1.083399e-01	-7.760041e-01	-2.077454e+00	3.465358e-01	
1  344.84	6.859378e+01	2.369441e+00	1.074971e-01	-7.445475e-01	-2.114536e+00	3.555269e-01	
1  344.801	6.789453e+01	2.368595e+00	1.066474e-01	-6.626329e-01	-2.077600e+00	3.693285e-01	
2  344.627	6.842428e+01	2.389548e+00	1.082128e-01	-7.082165e-01	-2.097568e+00	3.702913e-01	
2  344.688	6.779278e+01	2.383031e+00	1.111377e-01	-7.272877e-01	-2.168524e+00	3.707378e-01	
1  345.197	6.752278e+01	2.358715e+00	1.090024e-01	-7.099287e-01	-2.147027e+00	3.798838e-01	
1  344.85	6.776444e+01	2.349126e+00	1.076511e-01	-6.806861e-01	-2.227767e+00	3.751819e-01	
3  344.986	6.791459e+01	2.358191e+00	1.077451e-01	-6.333968e-01	-2.281974e+00	3.868329e-01	
4  344.439	6.791174e+01	2.411592e+00	1.107612e-01	-6.835176e-01	-2.293031e+00	3.806274e-01	
1  344.643	6.824839e+01	2.412613e+00	1.086988e-01	-6.548515e-01	-2.290183e+00	3.813024e-01	
14  344.959	6.799067e+01	2.414022e+00	1.067378e-01	-6.917558e-01	-2.373944e+00	3.848173e-01	
1  345.504	6.826526e+01	2.381839e+00	1.053479e-01	-6.515947e-01	-2.404736e+00	3.873195e-01	
2  345.638	6.777710e+01	2.348979e+00	1.061148e-01	-6.769036e-01	-2.502093e+00	3.815685e-01	
2  345.512	6.822799e+01	2.333742e+00	1.061796e-01	-6.909139e-01	-2.530588e+00	3.778018e-01	
1  346.734	6.901192e+01	2.307462e+00	1.086515e-01	-7.170145e-01	-2.513936e+00	3.812329e-01	
2  344.857	6.807985e+01	2.303280e+00	1.112706e-01	-7.086257e-01	-2.512423e+00	3.939942e-01	
1  345.525	6.784063e+01	2.309677e+00	1.127915e-01	-7.447663e-01	-2.495235e+00	3.801411e-01	
1  344.491	6.810938e+01	2.291587e+00	1.131280e-01	-7.342822e-01	-2.383219e+00	3.831754e-01	
1  344.596	6.819937e+01	2.281233e+00	1.131749e-01	-7.500021e-01	-2.443064e+00	3.654786e-01	
3  344.474	6.837434e+01	2.294388e+00	1.136452e-01	-7.148636e-01	-2.477642e+00	3.691518e-01	
1  344.486	6.829596e+01	2.303414e+00	1.125454e-01	-7.236156e-01	-2.444814e+00	3.654155e-01	
1  345.156	6.901777e+01	2.361129e+00	1.141622e-01	-7.796161e-01	-2.535903e+00	3.448728e-01	
1  345.731	6.926175e+01	2.379542e+00	1.132475e-01	-7.768418e-01	-2.465736e+00	3.514407e-01	
2  345.639	6.862616e+01	2.369170e+00	1.095897e-01	-8.259526e-01	-2.459482e+00	3.567735e-01	
2  345.911	6.903364e+01	2.346799e+00	1.073032e-01	-7.998739e-01	-2.466322e+00	3.505983e-01	
1  347.652	6.748694e+01	2.328044e+00	1.070755e-01	-7.559480e-01	-2.440898e+00	3.241841e-01	
1  345.356	6.798934e+01	2.296840e+00	1.086104e-01	-7.435897e-01	-2.464814e+00	3.064091e-01	
1  347.418	6.756162e+01	2.290611e+00	1.084951e-01	-7.745796e-01	-2.477803e+00	3.019166e-01	
1  345.122	6.845911e+01	2.354844e+00	1.078713e-01	-7.592053e-01	-2.515600e+00	3.147003e-01	
1  344.697	6.842617e+01	2.399212e+00	1.085468e-01	-7.055616e-01	-2.551358e+00	3.030206e-01	
2  345.876	6.928827e+01	2.427877e+00	1.122340e-01	-7.138684e-01	-2.552516e+00	2.989845e-01	
4  345.386	6.920019e+01	2.398734e+00	1.146756e-01	-7.391889e-01	-2.519437e+00	2.984218e-01	
1  345.816	6.913702e+01	2.360833e+00	1.149398e-01	-6.642210e-01	-2.520422e+00	2.798203e-01	
2  344.516	6.833561e+01	2.355502e+00	1.113072e-01	-7.502610e-01	-2.488552e+00	2.673812e-01	
1  344.519	6.866541e+01	2.336944e+00	1.119843e-01	-7.730392e-01	-2.550262e+00	2.703310e-01	
1  344.422	6.854997e+01	2.363251e+00	1.138528e-01	-7.541597e-01	-2.583430e+00	2.623576e-01	
1  344.435	6.806206e+01	2.335580e+00	1.137384e-01	-6.935929e-01	-2.615507e+00	2.454601e-01	
2  344.323	6.867916e+01	2.323900e+00	1.133370e-01	-7.316205e-01	-2.731466e+00	2.371713e-01	
5  344.522	6.896723e+01	2.337182e+00	1.160979e-01	-7.098420e-01	-2.724301e+00	2.289916e-01	
3  344.318	6.875044e+01	2.332518e+00	1.136565e-01	-7.001932e-01	-2.713131e+00	2.364917e-01	
3  345.104	6.816799e+01	2.339817e+00	1.133055e-01	-7.531811e-01	-2.712927e+00	2.488218e-01	
1  345.322	6.813060e+01	2.330342e+00	1.113170e-01	-7.647780e-01	-2.680438e+00	2.464569e-01	
1  345.358	6.920426e+01	2.338339e+00	1.149277e-01	-7.136169e-01	-2.637146e+00	2.533028e-01	
4  344.682	6.790737e+01	2.370053e+00	1.115593e-01	-6.577862e-01	-2.608508e+00	2.370239e-01	
1  344.518	6.822005e+01	2.375343e+00	1.111015e-01	-7.003916e-01	-2.634447e+00	2.323001e-01	
1  344.413	6.851737e+01	2.357731e+00	1.101177e-01	-7.368065e-01	-2.649463e+00	2.076872e-01	
2  344.81	6.833788e+01	2.395593e+00	1.123207e-01	-7.607579e-01	-2.631475e+00	2.011681e-01	
3  344.106	6.877992e+01	2.395760e+00	1.140611e-01	-7.384251e-01	-2.574862e+00	1.846502e-01	
3  344.466	6.896554e+01	2.412794e+00	1.129138e-01	-7.694952e-01	-2.599133e+00	2.010832e-01	
3  344.276	6.887938e+01	2.419778e+00	1.117751e-01	-6.886343e-01	-2.543800e+00	2.008095e-01	
7  345.096	6.842432e+01	2.411190e+00	1.090804e-01	-8.079088e-01	-2.553972e+00	1.893644e-01	
1  344.595	6.899707e+01	2.439280e+00	1.087012e-01	-7.861603e-01	-2.537510e+00	1.805690e-01	
1  348.454	6.774746e+01	2.448622e+00	1.134643e-01	-8.117893e-01	-2.522842e+00	1.852420e-01	
1  348.407	6.794650e+01	2.461368e+00	1.094657e-01	-8.680622e-01	-2.568036e+00	1.818891e-01	
1  345.202	6.856444e+01	2.446177e+00	1.078664e-01	-8.008982e-01	-2.606947e+00	1.998000e-01	
1  345.006	6.891952e+01	2.433931e+00	1.073170e-01	-8.121114e-01	-2.550078e+00	2.170255e-01	
1  345.369	6.907716e+01	2.488627e+00	1.046627e-01	-7.756784e-01	-2.639557e+00	2.157774e-01	
2  346.613	6.847450e+01	2.477856e+00	1.054144e-01	-8.415385e-01	-2.601972e+00	2.312977e-01	
1  346.467	6.958950e+01	2.475455e+00	1.059862e-01	-7.916881e-01	-2.673666e+00	2.340002e-01	
2  346.555	6.940211e+01	2.470796e+00	1.027528e-01	-7.365926e-01	-2.668927e+00	2.326447e-01	
1  346.562	6.877918e+01	2.437553e+00	9.902113e-02	-7.720567e-01	-2.636602e+00	2.280588e-01	
3  346.452	6.885301e+01	2.416809e+00	9.918752e-02	-7.399955e-01	-2.533378e+00	2.125566e-01	
1  346.764	6.902625e+01	2.433189e+00	9.914383e-02	-6.973361e-01	-2.511530e+00	2.193379e-01	
1  346.2	6.841207e+01	2.416687e+00	9.872457e-02	-6.668132e-01	-2.534678e+00	2.128270e-01	
2  346.418	6.837676e+01	2.400049e+00	9.853042e-02	-6.860523e-01	-2.509193e+00	2.015379e-01	
1  347.427	6.767026e+01	2.348053e+00	9.971851e-02	-6.586240e-01	-2.462637e+00	1.908106e-01	
1  346.651	6.773136e+01	2.331327e+00	1.006833e-01	-6.072978e-01	-2.386002e+00	1.855978e-01	
1  346.848	6.782787e+01	2.332123e+00	9.966924e-02	-5.995671e-01	-2.435281e+00	1.935063e-01	
6  347.507	6.840398e+01	2.327467e+00	9.895326e-02	-6.101152e-01	-2.403950e+00	2.137029e-01	
2  347.068	6.849603e+01	2.324252e+00	1.008169e-01	-6.021453e-01	-2.366368e+00	2.076339e-01	
1  346.816	6.727762e+01	2.381120e+00	1.019321e-01	-5.585807e-01	-2.408498e+00	2.146814e-01	
1  347.604	6.746657e+01	2.351750e+00	9.798694e-02	-5.202092e-01	-2.445797e+00	2.280127e-01	
2  347.239	6.791520e+01	2.385118e+00	9.761046e-02	-4.678978e-01	-2.479035e+00	2.138063e-01	
15  346.945	6.776833e+01	2.386509e+00	9.877405e-02	-4.180345e-01	-2.478259e+00	2.083698e-01	
1  347.771	6.827220e+01	2.383180e+00	1.002355e-01	-4.022206e-01	-2.551952e+00	2.082533e-01	
1  347.197	6.776448e+01	2.384169e+00	9.850677e-02	-3.808307e-01	-2.555761e+00	1.994955e-01	
1  347.014	6.719171e+01	2.404300e+00	9.916651e-02	-3.650546e-01	-2.526287e+00	2.193354e-01	
4  346.16	6.764392e+01	2.436363e+00	9.887997e-02	-4.267454e-01	-2.545568e+00	2.225317e-01	
3  346.865	6.736540e+01	2.421866e+00	9.877032e-02	-3.584866e-01	-2.568049e+00	2.262709e-01	
2  346.048	6.753399e+01	2.408426e+00	1.010101e-01	-3.662497e-01	-2.597057e+00	2.091755e-01	
1  346.047	6.812133e+01	2.396384e+00	1.044547e-01	-3.679886e-01	-2.562998e+00	2.016444e-01	
1  344.596	6.807874e+01	2.403271e+00	1.062351e-01	-4.703994e-01	-2.530439e+00	2.090984e-01	
1  345.013	6.735511e+01	2.415402e+00	1.058025e-01	-4.322587e-01	-2.514337e+00	2.186939e-01	
1  344.496	6.778998e+01	2.389374e+00	1.076063e-01	-4.509201e-01	-2.524680e+00	2.194925e-01	
2  344.242	6.779282e+01	2.418576e+00	1.077421e-01	-4.916712e-01	-2.493912e+00	2.260098e-01	
1  347.528	6.889075e+01	2.439798e+00	1.077393e-01	-4.499474e-01	-2.476009e+00	2.261453e-01	
4  347.044	6.904971e+01	2.471572e+00	1.052932e-01	-5.319659e-01	-2.499767e+00	2.428314e-01	
1  345.084	6.879747e+01	2.502165e+00	1.048863e-01	-5.844174e-01	-2.442724e+00	2.418689e-01	
1  344.777	6.817470e+01	2.494710e+00	1.026927e-01	-6.329008e-01	-2.442855e+00	2.286187e-01	
1  345.128	6.853751e+01	2.490738e+00	1.008423e-01	-5.893255e-01	-2.407135e+00	2.277144e-01	
1  345.451	6.759652e+01	2.512189e+00	1.018045e-01	-5.541281e-01	-2.431254e+00	2.271935e-01	
1  344.7	6.868694e+01	2.523574e+00	1.029669e-01	-5.912384e-01	-2.517256e+00	2.146776e-01	
2  344.66	6.865989e+01	2.513278e+00	1.047276e-01	-5.330822e-01	-2.497694e+00	2.102485e-01	
2  344.169	6.786366e+01	2.472737e+00	1.059745e-01	-4.953893e-01	-2.458311e+00	2.046269e-01	
2  344.454	6.788929e+01	2.471060e+00	1.034201e-01	-4.105496e-01	-2.439024e+00	1.830781e-01	
2  345.362	6.731281e+01	2.465102e+00	1.020151e-01	-3.668533e-01	-2.428812e+00	1.868977e-01	
1  345.89	6.730873e+01	2.474944e+00	1.035632e-01	-4.527671e-01	-2.468116e+00	1.675336e-01	
2  344.352	6.782390e+01	2.487823e+00	1.032649e-01	-4.077934e-01	-2.461416e+00	1.544478e-01	
3  344.561	6.833242e+01	2.510702e+00	1.009113e-01	-5.177731e-01	-2.451552e+00	1.710305e-01	
2  344.794	6.831541e+01	2.496798e+00	1.010815e-01	-4.339190e-01	-2.404271e+00	1.676743e-01	
5  344.351	6.799247e+01	2.511208e+00	1.013995e-01	-4.156810e-01	-2.362371e+00	1.426073e-01	
2  345.62	6.755701e+01	2.509078e+00	1.031172e-01	-5.233214e-01	-2.335809e+00	1.582278e-01	
2  346.947	6.737024e+01	2.470600e+00	1.004504e-01	-5.497163e-01	-2.445885e+00	1.819967e-01	
1  344.753	6.812110e+01	2.497612e+00	1.005401e-01	-4.490424e-01	-2.477916e+00	1.784556e-01	
1  343.998	6.821963e+01	2.514712e+00	1.047885e-01	-4.971306e-01	-2.488995e+00	1.734256e-01	
1  344.114	6.848249e+01	2.505110e+00	1.066579e-01	-4.459436e-01	-2.456122e+00	1.682673e-01	
9  343.869	6.829456e+01	2.469078e+00	1.062753e-01	-4.624437e-01	-2.427673e+00	1.491312e-01	
3  344.547	6.795074e+01	2.462535e+00	1.027977e-01	-4.792235e-01	-2.484827e+00	1.723263e-01	
1  344.573	6.810963e+01	2.461958e+00	1.032486e-01	-4.212671e-01	-2.443986e+00	1.760510e-01	
1  347.143	6.890850e+01	2.476433e+00	1.021182e-01	-4.266800e-01	-2.454891e+00	1.803390e-01	
7  344.45	6.775051e+01	2.464221e+00	1.040479e-01	-3.692663e-01	-2.432338e+00	1.744414e-01	
2  344.846	6.730330e+01	2.473589e+00	1.053287e-01	-2.471672e-01	-2.480486e+00	1.746120e-01	
3  344.72	6.765556e+01	2.434279e+00	1.045732e-01	-3.267376e-01	-2.439455e+00	1.705205e-01	
6  345.808	6.831726e+01	2.413129e+00	1.045221e-01	-3.222462e-01	-2.374886e+00	1.538743e-01	
2  344.934	6.820151e+01	2.389211e+00	1.046572e-01	-4.255207e-01	-2.355532e+00	1.570154e-01	
3  344.97	6.787489e+01	2.415352e+00	1.025305e-01	-4.006478e-01	-2.338778e+00	1.576385e-01	
9  346.068	6.836213e+01	2.407258e+00	1.013518e-01	-4.015085e-01	-2.292298e+00	1.514104e-01	
1  346.445	6.872971e+01	2.382739e+00	1.039247e-01	-4.327507e-01	-2.246229e+00	1.399769e-01	
2  344.96	6.762197e+01	2.351583e+00	1.059455e-01	-5.100632e-01	-2.198512e+00	1.436297e-01	
2  344.187	6.781999e+01	2.377098e+00	1.074057e-01	-4.881523e-01	-2.199473e+00	1.547922e-01	
2  343.698	6.810389e+01	2.369630e+00	1.097824e-01	-5.333976e-01	-2.171924e+00	1.244671e-01	
1  343.655	6.823815e+01	2.394081e+00	1.094845e-01	-5.872444e-01	-2.154649e+00	1.296862e-01	
1  343.754	6.842003e+01	2.351442e+00	1.102238e-01	-5.689442e-01	-2.135340e+00	1.262439e-01	
1  343.95	6.825702e+01	2.355294e+00	1.080383e-01	-5.935134e-01	-2.069837e+00	1.263664e-01	
2  344.85	6.875092e+01	2.363387e+00	1.062255e-01	-5.537825e-01	-2.042053e+00	1.086352e-01	
5  344.094	6.826059e+01	2.332927e+00	1.077186e-01	-5.705206e-01	-2.044448e+00	8.033807e-02	
1  344.341	6.902900e+01	2.341235e+00	1.121013e-01	-5.364492e-01	-2.013374e+00	6.329197e-02	
3  343.784	6.885201e+01	2.337927e+00	1.113068e-01	-6.213358e-01	-2.036354e+00	5.001767e-02	
7  343.84	6.886476e+01	2.308151e+00	1.118071e-01	-6.827050e-01	-2.122671e+00	4.230353e-02	
1  345.319	6.925552e+01	2.286572e+00	1.109673e-01	-6.955000e-01	-2.171472e+00	5.724378e-02	
5  344.978	6.910205e+01	2.282575e+00	1.097027e-01	-7.141004e-01	-2.152063e+00	4.723679e-02	
1  344.754	6.899520e+01	2.296450e+00	1.088157e-01	-6.903108e-01	-2.181788e+00	4.885649e-02	
5  344.967	6.890440e+01	2.338211e+00	1.048225e-01	-6.737422e-01	-2.204674e+00	2.547624e-02	
4  344.826	6.844271e+01	2.324457e+00	1.048183e-01	-5.735376e-01	-2.190110e+00	2.204894e-02	
3  345.23	6.824569e+01	2.353481e+00	1.030053e-01	-4.924226e-01	-2.142654e+00	2.445391e-02	
1  347.028	6.923028e+01	2.325266e+00	1.023393e-01	-5.739570e-01	-2.027070e+00	3.445599e-02	
7  346.426	6.850337e+01	2.303534e+00	1.005684e-01	-6.625612e-01	-2.058458e+00	4.671004e-02	
6  345.846	6.882740e+01	2.326021e+00	1.021289e-01	-7.186072e-01	-2.068101e+00	4.415833e-02	
3  345.268	6.869291e+01	2.348277e+00	1.027651e-01	-6.591244e-01	-2.131145e+00	5.915330e-02	
6  344.475	6.892977e+01	2.336319e+00	1.084431e-01	-6.542816e-01	-2.062969e+00	7.104021e-02	
3  345.063	6.913248e+01	2.320543e+00	1.088084e-01	-6.491399e-01	-2.027337e+00	5.870855e-02	
1  344.357	6.811214e+01	2.340105e+00	1.076015e-01	-5.931445e-01	-2.091719e+00	6.434941e-02	
1  344.297	6.865849e+01	2.318783e+00	1.077119e-01	-5.218946e-01	-2.008617e+00	4.704424e-02	
1  344.274	6.821620e+01	2.295977e+00	1.082792e-01	-4.787046e-01	-2.126635e+00	3.908736e-02	
2  344.609	6.889309e+01	2.343915e+00	1.058110e-01	-5.307875e-01	-2.134014e+00	1.033628e-02	
1  344.69	6.867357e+01	2.362851e+00	1.040541e-01	-4.730260e-01	-2.063456e+00	7.073781e-03	
6  343.921	6.846314e+01	2.387357e+00	1.071238e-01	-4.012238e-01	-2.081028e+00	2.300019e-02	
2  343.851	6.877692e+01	2.373881e+00	1.084688e-01	-3.484409e-01	-2.045128e+00	2.988044e-02	
2  344.638	6.893969e+01	2.384717e+00	1.079061e-01	-2.680872e-01	-1.966372e+00	4.700119e-02	
1  344.587	6.910792e+01	2.417455e+00	1.053657e-01	-2.480763e-01	-1.963960e+00	1.761013e-02	
1  343.857	6.890691e+01	2.435122e+00	1.069043e-01	-2.970548e-01	-1.956361e+00	1.250907e-02	
2  343.993	6.908751e+01	2.426817e+00	1.078214e-01	-2.835470e-01	-1.930251e+00	3.333747e-03	
2  344.215	6.897238e+01	2.445817e+00	1.045911e-01	-2.542057e-01	-2.019658e+00	1.122331e-02	
2  345.177	6.932181e+01	2.443412e+00	1.042007e-01	-2.383178e-01	-1.977611e+00	1.638229e-02	
2  343.646	6.873215e+01	2.477110e+00	1.061899e-01	-2.641380e-01	-1.983209e+00	2.915074e-02	
3  343.755	6.879827e+01	2.475399e+00	1.059500e-01	-3.112838e-01	-1.984735e+00	4.136041e-02	
3  344.418	6.916571e+01	2.491013e+00	1.057123e-01	-2.586204e-01	-1.955484e+00	3.458770e-02	
1  344.169	6.912457e+01	2.519992e+00	1.050190e-01	-2.175957e-01	-1.962244e+00	2.948939e-02	
1  343.788	6.849534e+01	2.541474e+00	1.053650e-01	-2.770610e-01	-1.870793e+00	3.087797e-02	
1  344.414	6.818662e+01	2.539863e+00	1.076587e-01	-2.874445e-01	-1.882234e+00	3.135000e-02	
1  345.414	6.766761e+01	2.544678e+00	1.062202e-01	-2.331724e-01	-1.795344e+00	4.778133e-02	
1  344.834	6.787299e+01	2.485311e+00	1.071130e-01	-1.847968e-01	-1.861711e+00	3.057536e-02	
2  345.22	6.771944e+01	2.479979e+00	1.097006e-01	-1.586624e-01	-1.831505e+00	3.214340e-02	
1  343.638	6.879124e+01	2.489830e+00	1.144574e-01	-1.714600e-01	-1.827355e+00	1.977048e-02	
3  343.738	6.827239e+01	2.472753e+00	1.152614e-01	-1.180881e-01	-1.846293e+00	2.975810e-02	
1  344.163	6.858921e+01	2.475215e+00	1.196915e-01	-1.301173e-01	-1.859741e+00	2.365003e-02	
3  344.541	6.911879e+01	2.505473e+00	1.187415e-01	-9.815987e-02	-1.952479e+00	2.175520e-02	
1  343.942	6.894996e+01	2.533601e+00	1.142438e-01	-4.198997e-02	-1.896498e+00	1.634725e-02	
4  343.65	6.845881e+01	2.554301e+00	1.140309e-01	-5.919843e-03	-1.922336e+00	3.970005e-02	
1  343.702	6.805361e+01	2.516664e+00	1.161408e-01	7.273274e-02	-1.923665e+00	5.576924e-02	
5  343.376	6.840107e+01	2.522973e+00	1.131473e-01	5.553770e-02	-1.928300e+00	3.556687e-02	
2  343.591	6.783169e+01	2.505974e+00	1.133892e-01	2.488379e-02	-1.978796e+00	6.375465e-02	
1  343.728	6.775910e+01	2.504902e+00	1.122519e-01	6.285060e-02	-2.035123e+00	5.449413e-02	
2  343.779	6.844635e+01	2.490564e+00	1.107276e-01	8.767904e-02	-2.016498e+00	5.768241e-02	
4  343.502	6.807146e+01	2.488685e+00	1.117774e-01	8.685356e-02	-2.027321e+00	6.410165e-02	
8  343.259	6.827224e+01	2.478397e+00	1.136123e-01	1.158411e-01	-2.056693e+00	4.484011e-02	
1  343.274	6.812673e+01	2.468636e+00	1.119751e-01	1.071258e-01	-2.059114e+00	5.124119e-02	
1  344.293	6.842845e+01	2.418616e+00	1.131456e-01	7.888990e-02	-2.092193e+00	6.199933e-02	
1  344.411	6.735324e+01	2.443875e+00	1.142982e-01	9.354654e-02	-2.064321e+00	6.104244e-02	
3  344.917	6.720710e+01	2.473331e+00	1.135066e-01	5.606016e-02	-2.047493e+00	6.852244e-02	
1  344.799	6.714560e+01	2.458956e+00	1.144069e-01	1.343433e-01	-2.035814e+00	7.418749e-02	
1  343.593	6.809871e+01	2.478041e+00	1.112575e-01	9.481159e-02	-2.118497e+00	6.533639e-02	
1  343.525	6.805360e+01	2.488470e+00	1.116097e-01	8.811389e-02	-2.078666e+00	6.565704e-02	
2  343.783	6.776827e+01	2.484151e+00	1.112665e-01	5.041959e-02	-2.164807e+00	8.227248e-02	
3  343.52	6.781284e+01	2.478736e+00	1.094887e-01	-2.794771e-02	-2.157810e+00	7.071438e-02	
4  343.771	6.781389e+01	2.496910e+00	1.063399e-01	-3.038766e-02	-2.129501e+00	8.335586e-02	
2  343.819	6.764196e+01	2.495500e+00	1.086890e-01	8.248934e-02	-2.116988e+00	7.672907e-02	
7  343.956	6.753293e+01	2.494054e+00	1.103167e-01	6.771910e-02	-2.166850e+00	8.397454e-02	
1  343.987	6.752394e+01	2.507094e+00	1.125586e-01	8.701998e-03	-2.144270e+00	8.731233e-02	
1  345.335	6.749054e+01	2.496006e+00	1.111996e-01	1.045358e-01	-2.093261e+00	1.078810e-01	
1  344.769	6.725133e+01	2.529287e+00	1.117942e-01	9.905266e-02	-2.041191e+00	1.002983e-01	
2  345.16	6.697927e+01	2.516201e+00	1.096687e-01	1.715067e-01	-2.104834e+00	8.704186e-02	
5  344.826	6.717224e+01	2.500682e+00	1.103165e-01	1.205768e-01	-2.159382e+00	9.753785e-02	
7  344.427	6.733965e+01	2.506368e+00	1.108812e-01	1.605919e-01	-2.124523e+00	8.487488e-02	
2  345.043	6.814218e+01	2.476839e+00	1.116568e-01	2.016491e-01	-2.137354e+00	7.505352e-02	
1  344.688	6.777194e+01	2.467864e+00	1.082706e-01	1.895526e-01	-2.151667e+00	7.815682e-02	
7  344.818	6.829838e+01	2.468883e+00	1.049482e-01	1.845274e-01	-2.169466e+00	6.066637e-02	
3  344.384	6.844298e+01	2.485915e+00	1.028734e-01	2.213395e-01	-2.177442e+00	4.459510e-02	
6  343.942	6.771006e+01	2.513738e+00	1.038094e-01	1.916228e-01	-2.195079e+00	5.452098e-02	
3  343.988	6.755563e+01	2.528561e+00	1.068635e-01	2.446870e-01	-2.186385e+00	5.044023e-02	
2  346.808	6.695432e+01	2.562616e+00	1.065926e-01	2.436484e-01	-2.158132e+00	5.006068e-02	
3  343.501	6.842869e+01	2.508926e+00	1.058465e-01	2.434471e-01	-2.233654e+00	1.950074e-02	
1  343.507	6.880534e+01	2.480806e+00	1.074118e-01	2.245636e-01	-2.215718e+00	1.600441e-02	
3  343.403	6.836146e+01	2.490548e+00	1.056886e-01	2.796566e-01	-2.229818e+00	2.646138e-02	
2  343.531	6.854754e+01	2.490784e+00	1.065859e-01	1.717149e-01	-2.137537e+00	3.687640e-02	
1  345.231	6.875807e+01	2.451784e+00	1.051741e-01	9.526859e-02	-2.100127e+00	5.068227e-02	
3  344.112	6.844437e+01	2.475193e+00	1.057855e-01	6.004416e-02	-2.050051e+00	5.642274e-02	
1  344.364	6.752039e+01	2.506158e+00	1.033885e-01	8.666474e-02	-1.985527e+00	6.052078e-02	
7  346.627	6.689489e+01	2.485233e+00	1.000006e-01	9.257740e-02	-1.948302e+00	7.942034e-02	
11  346.807	6.701040e+01	2.442463e+00	1.000270e-01	1.111390e-01	-1.966716e+00	8.572608e-02	
1  347.019	6.727536e+01	2.415610e+00	1.003881e-01	7.626804e-02	-1.929187e+00	9.216709e-02	
1  345.392	6.757841e+01	2.421077e+00	1.034173e-01	6.981664e-02	-2.040728e+00	8.172763e-02	
3  346.818	6.792488e+01	2.426828e+00	9.840401e-02	5.731620e-02	-2.073810e+00	7.675376e-02	
1  351.474	6.618908e+01	2.405667e+00	9.776170e-02	1.806047e-02	-2.004926e+00	8.993389e-02	
4  348.706	6.691995e+01	2.398403e+00	9.627629e-02	5.024689e-03	-1.986072e+00	8.611378e-02	
2  347.474	6.679182e+01	2.404590e+00	1.007773e-01	-4.265935e-02	-1.970190e+00	1.015114e-01	
7  345.024	6.781879e+01	2.438286e+00	1.035714e-01	-4.040941e-02	-1.938587e+00	8.861655e-02	
1  345.571	6.704251e+01	2.403560e+00	1.063177e-01	-1.962095e-02	-1.924933e+00	9.463124e-02	
2  346.866	6.669987e+01	2.412248e+00	1.071182e-01	-3.273595e-02	-1.936139e+00	8.454772e-02	
1  345.446	6.712973e+01	2.445390e+00	1.067582e-01	-1.161109e-01	-1.925843e+00	7.886846e-02	
1  345.044	6.727539e+01	2.474953e+00	1.061768e-01	-1.624274e-01	-1.918812e+00	8.175121e-02	
1  344.559	6.786288e+01	2.500694e+00	1.031429e-01	-6.337533e-02	-1.945450e+00	9.651683e-02	
3  343.994	6.770789e+01	2.545989e+00	1.022868e-01	-6.815739e-02	-1.897770e+00	8.189943e-02	
4  343.87	6.762787e+01	2.546629e+00	1.061638e-01	-8.180340e-02	-1.919734e+00	7.756022e-02	
2  344.868	6.723263e+01	2.536239e+00	1.075305e-01	-6.953547e-02	-1.924812e+00	8.302831e-02	
2  344.624	6.893897e+01	2.528320e+00	1.080051e-01	-1.703216e-01	-1.934396e+00	7.176415e-02	
1  344.678	6.767988e+01	2.504392e+00	1.067053e-01	-1.929812e-01	-1.955659e+00	5.497018e-02	
6  343.593	6.815659e+01	2.478602e+00	1.055506e-01	-1.920629e-01	-1.997836e+00	5.792710e-02	
1  343.405	6.814229e+01	2.522220e+00	1.059640e-01	-1.767364e-01	-1.972475e+00	6.928631e-02	
1  344.467	6.877077e+01	2.515659e+00	1.052450e-01	-1.912386e-01	-1.909315e+00	7.553097e-02	
1  344.018	6.819739e+01	2.502529e+00	1.072920e-01	-1.222957e-01	-1.860784e+00	9.251878e-02	
1  343.676	6.820463e+01	2.528959e+00	1.090716e-01	-1.099295e-01	-1.835418e+00	8.792338e-02	
2  344.274	6.852374e+01	2.542886e+00	1.091847e-01	-1.451182e-01	-1.842710e+00	9.255700e-02	
1  344.347	6.744501e+01	2.572322e+00	1.084637e-01	-1.816904e-01	-1.863800e+00	9.835258e-02	
2  343.592	6.779075e+01	2.579655e+00	1.082907e-01	-2.080812e-01	-1.859706e+00	1.056335e-01	
1  344.36	6.740120e+01	2.583295e+00	1.075563e-01	-1.949634e-01	-1.861641e+00	1.075433e-01	
2  343.764	6.859397e+01	2.546938e+00	1.062439e-01	-1.809422e-01	-1.931916e+00	7.766133e-02	
1  344.26	6.784410e+01	2.560345e+00	1.041943e-01	-2.697178e-01	-1.949372e+00	7.127291e-02	
2  343.493	6.832382e+01	2.549251e+00	1.044305e-01	-2.180456e-01	-2.001473e+00	8.077974e-02	
2  343.732	6.777092e+01	2.572269e+00	1.038945e-01	-1.556765e-01	-2.019492e+00	9.320481e-02	
1  345.659	6.885023e+01	2.606843e+00	1.022828e-01	-1.291261e-01	-2.051843e+00	9.776446e-02	
1  343.713	6.782502e+01	2.601699e+00	1.033093e-01	-1.737928e-01	-2.057361e+00	9.394548e-02	
5  343.495	6.854937e+01	2.633958e+00	1.072201e-01	-1.391303e-01	-2.122544e+00	6.947183e-02	
2  344.158	6.884965e+01	2.640230e+00	1.061675e-01	-1.265220e-01	-2.129724e+00	7.792658e-02	
3  343.631	6.844360e+01	2.647142e+00	1.071217e-01	-9.781653e-02	-2.086012e+00	8.593377e-02	
1  343.565	6.808070e+01	2.634812e+00	1.044102e-01	-1.265883e-01	-2.114884e+00	1.055335e-01	
3  344.127	6.745330e+01	2.649239e+00	1.045409e-01	-9.382991e-02	-2.091543e+00	1.121359e-01	
5  343.953	6.762261e+01	2.638230e+00	1.020762e-01	-3.347986e-02	-2.062177e+00	1.073969e-01	
2  344.273	6.740974e+01	2.642765e+00	1.027746e-01	4.266725e-02	-2.035290e+00	1.062017e-01	
4  344.254	6.737069e+01	2.640643e+00	1.056364e-01	8.385297e-03	-1.966064e+00	1.090589e-01	
2  345.11	6.698989e+01	2.668054e+00	1.042807e-01	8.187112e-02	-1.944805e+00	1.068427e-01	
1  345.087	6.700090e+01	2.669003e+00	1.036554e-01	-1.351621e-02	-1.853269e+00	1.153308e-01	
1  343.965	6.808334e+01	2.686022e+00	1.009451e-01	-3.087870e-02	-1.909049e+00	1.027900e-01	
1  343.992	6.759633e+01	2.715615e+00	1.007521e-01	-1.177508e-01	-1.974056e+00	1.069043e-01	
3  343.587	6.785758e+01	2.716447e+00	1.024585e-01	-1.163806e-01	-1.948197e+00	1.107911e-01	
1  346.35	6.870825e+01	2.673981e+00	1.060805e-01	-9.430162e-02	-2.017293e+00	1.235441e-01	
1  343.997	6.780561e+01	2.720004e+00	1.066977e-01	-1.821763e-01	-2.056336e+00	1.295759e-01	
3  344.148	6.786836e+01	2.720910e+00	1.072504e-01	-2.012094e-01	-2.123792e+00	1.201866e-01	
1  344.522	6.868585e+01	2.737853e+00	1.052212e-01	-2.351241e-01	-2.043751e+00	1.283050e-01	
3  343.678	6.829843e+01	2.703797e+00	1.057472e-01	-2.396116e-01	-2.048387e+00	1.188932e-01	
2  343.607	6.793707e+01	2.673082e+00	1.032542e-01	-2.329462e-01	-2.014179e+00	1.117136e-01	
1  343.83	6.781021e+01	2.677275e+00	1.000516e-01	-1.426923e-01	-2.030573e+00	9.467060e-02	
7  343.501	6.843317e+01	2.721926e+00	1.012147e-01	-1.733983e-01	-2.058717e+00	9.047614e-02	
6  345.353	6.734585e+01	2.681073e+00	1.024293e-01	-7.547136e-02	-2.069233e+00	8.340019e-02	
4  343.95	6.843731e+01	2.698481e+00	1.032760e-01	-8.511834e-02	-2.028233e+00	1.004882e-01	
1  343.874	6.868278e+01	2.732082e+00	1.050118e-01	-9.963885e-02	-2.016922e+00	8.214279e-02	
1  343.878	6.872639e+01	2.723978e+00	1.027517e-01	-1.073912e-01	-1.896818e+00	8.192517e-02	
5  343.56	6.804148e+01	2.712269e+00	9.838954e-02	-1.366566e-02	-1.889831e+00	8.508888e-02	
2  343.395	6.827061e+01	2.710793e+00	1.014955e-01	-6.205793e-02	-1.902343e+00	8.376965e-02	
1  344.037	6.826982e+01	2.724677e+00	9.894009e-02	-5.883675e-02	-1.959563e+00	1.045007e-01	
2  344.044	6.833500e+01	2.735566e+00	9.876170e-02	1.220261e-03	-1.972430e+00	9.430396e-02	
3  343.688	6.808274e+01	2.747043e+00	9.978961e-02	2.321209e-02	-2.022911e+00	9.647015e-02	
2  344.144	6.830306e+01	2.744635e+00	9.460885e-02	1.706576e-02	-2.038217e+00	8.643873e-02	
1  344.001	6.825508e+01	2.778811e+00	9.795915e-02	-5.022635e-02	-2.018450e+00	1.107972e-01	
1  344.353	6.865013e+01	2.799814e+00	1.015151e-01	-7.686700e-02	-2.107168e+00	1.055786e-01	
3  343.655	6.829170e+01	2.805853e+00	1.018686e-01	-6.958858e-02	-2.111907e+00	9.807448e-02	
1  343.742	6.828130e+01	2.794854e+00	1.031214e-01	-8.574934e-02	-2.166803e+00	9.933717e-02	
2  344.004	6.768980e+01	2.836457e+00	1.000867e-01	-1.504858e-02	-2.142622e+00	1.078707e-01	
4  343.55	6.806292e+01	2.808048e+00	9.939393e-02	2.640535e-02	-2.108681e+00	9.647172e-02	
1  344.213	6.824285e+01	2.808605e+00	9.441105e-02	6.275341e-02	-2.237287e+00	9.992186e-02	
1  347.265	6.859359e+01	2.794105e+00	9.233589e-02	2.210597e-02	-2.238302e+00	1.226235e-01	
3  345.104	6.785165e+01	2.754287e+00	9.057209e-02	1.242975e-03	-2.311542e+00	1.153114e-01	
3  345.348	6.728824e+01	2.750325e+00	9.212887e-02	-1.706129e-02	-2.400679e+00	1.155589e-01	
1  344.853	6.778951e+01	2.735567e+00	9.118287e-02	6.853622e-02	-2.373553e+00	9.538479e-02	
2  344.474	6.804638e+01	2.721919e+00	9.317196e-02	8.616118e-02	-2.319768e+00	8.647413e-02	
1  346.108	6.707643e+01	2.712057e+00	9.578554e-02	1.071881e-01	-2.321324e+00	8.101942e-02	
1  344.761	6.772574e+01	2.660018e+00	9.446286e-02	9.102684e-02	-2.236465e+00	8.697386e-02	
1  344.653	6.792759e+01	2.678811e+00	9.465186e-02	1.041637e-01	-2.283550e+00	8.807975e-02	
4  344.307	6.786746e+01	2.657976e+00	9.567912e-02	4.657436e-02	-2.249509e+00	8.118553e-02	
1  344.584	6.852325e+01	2.695642e+00	9.483534e-02	-3.627553e-02	-2.248339e+00	8.360496e-02	
1  344.759	6.835799e+01	2.734357e+00	9.067840e-02	-9.468815e-02	-2.297257e+00	8.068881e-02	
2  346.248	6.905202e+01	2.770191e+00	8.819737e-02	-1.726003e-01	-2.307946e+00	8.114767e-02	
1  344.822	6.822441e+01	2.791487e+00	9.214043e-02	-2.149000e-01	-2.353354e+00	7.928835e-02	
1  344.605	6.819680e+01	2.807543e+00	9.356665e-02	-1.679213e-01	-2.415931e+00	7.883320e-02	
1  346.134	6.812802e+01	2.819449e+00	9.383004e-02	-2.014877e-01	-2.369852e+00	5.336816e-02	
1  345.072	6.826947e+01	2.814050e+00	9.169896e-02	-2.104235e-01	-2.424563e+00	7.289841e-02	
5  344.429	6.866718e+01	2.846460e+00	9.538473e-02	-1.838123e-01	-2.461250e+00	6.649773e-02	
1  344.61	6.806437e+01	2.786689e+00	9.527879e-02	-2.126850e-01	-2.526260e+00	9.802953e-02	
7  344.649	6.788380e+01	2.767951e+00	9.340371e-02	-1.857700e-01	-2.470003e+00	1.092347e-01	
1  344.804	6.787630e+01	2.744298e+00	9.247680e-02	-1.864603e-01	-2.400533e+00	1.055962e-01	
1  344.005	6.797673e+01	2.763106e+00	9.551059e-02	-1.342017e-01	-2.483511e+00	1.217669e-01	
1  344.658	6.779079e+01	2.789659e+00	9.395550e-02	-1.522007e-01	-2.460708e+00	1.080060e-01	
1  344.195	6.822137e+01	2.832618e+00	9.360791e-02	-1.399983e-01	-2.462993e+00	9.259367e-02	
2  344.033	6.802015e+01	2.806561e+00	9.416604e-02	-5.831325e-02	-2.491916e+00	9.591091e-02	
1  344.342	6.874483e+01	2.786720e+00	9.503732e-02	-2.016847e-02	-2.471122e+00	8.410027e-02	
2  343.67	6.806220e+01	2.779202e+00	9.799888e-02	1.017497e-02	-2.527382e+00	9.389543e-02	
2  343.986	6.842796e+01	2.756291e+00	9.635087e-02	5.821100e-02	-2.524442e+00	8.487071e-02	
1  343.961	6.822692e+01	2.740747e+00	9.532378e-02	1.151534e-01	-2.520322e+00	7.969507e-02	
2  343.696	6.859819e+01	2.741296e+00	9.824343e-02	1.150133e-01	-2.561905e+00	6.050336e-02	
1  343.802	6.777822e+01	2.762608e+00	9.939835e-02	9.787207e-02	-2.517934e+00	8.756591e-02	
1  344.1	6.773515e+01	2.748708e+00	1.028349e-01	1.266914e-01	-2.623295e+00	7.938776e-02	
6  343.582	6.822521e+01	2.747848e+00	1.014771e-01	6.050860e-02	-2.593860e+00	8.426495e-02	
2  343.814	6.822981e+01	2.743805e+00	1.056202e-01	6.496372e-02	-2.549125e+00	8.624259e-02	
2  344.461	6.773441e+01	2.725323e+00	1.054193e-01	4.064468e-02	-2.504895e+00	7.892284e-02	
2  343.936	6.790166e+01	2.725094e+00	1.033883e-01	-2.453801e-02	-2.498235e+00	8.724225e-02	
3  343.785	6.801186e+01	2.745974e+00	9.745783e-02	-3.908677e-02	-2.517702e+00	9.660115e-02	
6  343.779	6.802705e+01	2.744582e+00	9.788283e-02	2.047704e-02	-2.545404e+00	1.010711e-01	
1  343.971	6.766580e+01	2.741199e+00	1.013469e-01	5.562676e-02	-2.568058e+00	9.805224e-02	
2  343.766	6.858177e+01	2.750932e+00	1.009484e-01	4.510331e-02	-2.664576e+00	7.607430e-02	
2  344.691	6.762430e+01	2.743662e+00	1.021787e-01	5.976763e-02	-2.645839e+00	8.013536e-02	
1  343.639	6.806401e+01	2.749071e+00	1.022896e-01	8.813453e-02	-2.621221e+00	8.156057e-02	
3  343.652	6.797540e+01	2.756473e+00	1.005463e-01	1.043087e-01	-2.652166e+00	8.904614e-02	
2  344.028	6.807845e+01	2.733934e+00	9.958067e-02	1.562796e-01	-2.627487e+00	9.470771e-02	
4  344.509	6.835339e+01	2.732972e+00	1.037033e-01	1.800130e-01	-2.658796e+00	9.238969e-02	
3  343.994	6.778594e+01	2.747553e+00	1.053782e-01	1.902650e-01	-2.575513e+00	9.054278e-02	
1  344.154	6.751900e+01	2.746104e+00	1.019706e-01	1.436995e-01	-2.607881e+00	1.077688e-01	
1  344.28	6.841714e+01	2.733189e+00	1.004226e-01	1.090348e-01	-2.678687e+00	9.343027e-02	
1  344.105	6.879734e+01	2.743988e+00	1.018476e-01	5.645360e-02	-2.714600e+00	7.258676e-02	
1  344.83	6.907156e+01	2.721142e+00	1.013281e-01	8.749264e-02	-2.724941e+00	6.551783e-02	
1  343.65	6.861399e+01	2.734328e+00	1.013688e-01	1.031022e-01	-2.698598e+00	5.362356e-02	
4  343.593	6.839725e+01	2.741256e+00	1.001103e-01	1.195219e-01	-2.784028e+00	6.434060e-02	
1  343.673	6.852896e+01	2.720449e+00	9.981644e-02	1.001739e-01	-2.745026e+00	6.589503e-02	
1  344.095	6.766192e+01	2.731933e+00	9.986480e-02	1.080714e-01	-2.718040e+00	8.581788e-02	
1  344.11	6.866175e+01	2.779443e+00	9.768949e-02	8.340512e-02	-2.762314e+00	7.994942e-02	
2  343.645	6.816399e+01	2.763545e+00	9.808933e-02	1.737274e-01	-2.735718e+00	6.423929e-02	
2  344.835	6.861163e+01	2.793176e+00	9.911294e-02	2.546735e-01	-2.730639e+00	8.179027e-02	
1  343.811	6.782666e+01	2.792667e+00	9.902238e-02	2.455223e-01	-2.748515e+00	8.923035e-02	
1  344.467	6.862239e+01	2.782814e+00	1.007711e-01	1.942665e-01	-2.744659e+00	8.205767e-02	
3  344.294	6.785401e+01	2.775070e+00	1.019948e-01	2.159277e-01	-2.697055e+00	1.042740e-01	
12  344.044	6.767499e+01	2.755797e+00	9.992492e-02	2.052242e-01	-2.801663e+00	1.008798e-01	
1  345.285	6.758625e+01	2.800403e+00	1.012280e-01	1.353813e-01	-2.774699e+00	7.369403e-02	
1  344.193	6.776412e+01	2.796270e+00	1.007562e-01	1.088946e-01	-2.823691e+00	8.969512e-02	
1  346.018	6.708002e+01	2.784184e+00	1.006805e-01	1.028131e-01	-2.849788e+00	1.049791e-01	
3  343.992	6.823548e+01	2.778346e+00	9.959373e-02	1.631397e-01	-2.876528e+00	9.445665e-02	
2  343.859	6.824999e+01	2.800779e+00	1.009357e-01	1.665547e-01	-2.899583e+00	8.922645e-02	
1  343.902	6.805715e+01	2.777957e+00	9.810758e-02	2.782344e-01	-2.901363e+00	8.449423e-02	
3  344.058	6.832522e+01	2.775969e+00	9.701590e-02	2.677060e-01	-2.885547e+00	7.817620e-02	
1  344.181	6.771559e+01	2.787824e+00	9.757302e-02	2.328773e-01	-2.940180e+00	7.443423e-02	
5  343.982	6.832793e+01	2.785306e+00	9.657066e-02	2.060199e-01	-3.039700e+00	8.283148e-02	
2  343.825	6.796911e+01	2.836940e+00	9.889554e-02	2.966985e-01	-3.066427e+00	8.416705e-02	
1  344.028	6.775549e+01	2.840991e+00	9.852741e-02	3.424306e-01	-3.062118e+00	7.448068e-02	
2  344.049	6.768259e+01	2.803685e+00	9.888021e-02	3.769837e-01	-3.155904e+00	7.219350e-02	
3  343.823	6.814558e+01	2.838952e+00	9.674376e-02	2.997020e-01	-3.164957e+00	8.146663e-02	
2  344.49	6.892080e+01	2.845439e+00	9.385553e-02	3.076430e-01	-3.090794e+00	5.673467e-02	
1  344.092	6.860104e+01	2.818287e+00	9.373647e-02	2.760097e-01	-3.105225e+00	4.363450e-02	
1  345.661	6.836448e+01	2.828729e+00	9.343622e-02	2.031653e-01	-3.155239e+00	2.871209e-02	
4  345.033	6.900190e+01	2.805312e+00	9.243365e-02	1.369252e-01	-3.151864e+00	2.300183e-02	
1  344.662	6.919305e+01	2.837027e+00	9.530704e-02	2.321566e-01	-3.153449e+00	2.906430e-02	
2  347.055	6.861346e+01	2.852175e+00	9.628563e-02	1.942197e-01	-3.177547e+00	7.679778e-03	
3  347.641	7.025513e+01	2.860636e+00	9.468067e-02	2.602078e-01	-3.115660e+00	6.585692e-03	
4  345.552	6.956975e+01	2.887790e+00	9.490130e-02	3.027430e-01	-3.112937e+00	1.375031e-02	
6  345.782	6.935081e+01	2.840672e+00	9.670730e-02	3.351393e-01	-3.142651e+00	1.418970e-03	
3  346.226	6.980358e+01	2.809708e+00	9.327062e-02	3.020473e-01	-3.134804e+00	1.282059e-02	
7  346.883	6.994168e+01	2.804238e+00	9.258038e-02	2.603326e-01	-3.115464e+00	1.326174e-02	
1  346.555	6.972616e+01	2.803052e+00	9.022875e-02	2.847220e-01	-3.194151e+00	1.508090e-02	
2  345.893	6.954163e+01	2.794722e+00	9.149865e-02	3.044456e-01	-3.284208e+00	6.647816e-03	
6  344.998	6.896113e+01	2.797248e+00	9.268752e-02	3.326508e-01	-3.259781e+00	1.648885e-02	
1  346.222	6.825456e+01	2.820228e+00	9.315639e-02	3.836631e-01	-3.270770e+00	2.027515e-02	
5  345.176	6.838471e+01	2.801696e+00	9.351812e-02	4.151287e-01	-3.272259e+00	2.347331e-02	
1  344.102	6.822780e+01	2.800285e+00	9.636510e-02	4.261517e-01	-3.295398e+00	4.083559e-02	
1  345.702	6.726889e+01	2.817142e+00	9.727751e-02	4.588039e-01	-3.307078e+00	6.281372e-02	
1  346.003	6.767314e+01	2.819533e+00	9.549585e-02	4.824950e-01	-3.259180e+00	3.849827e-02	
6  344.454	6.902892e+01	2.842684e+00	9.510162e-02	4.940510e-01	-3.239781e+00	2.051546e-02	
3  344.736	6.927851e+01	2.849704e+00	9.742306e-02	5.257047e-01	-3.303871e+00	1.736241e-02	
1  345.818	6.778678e+01	2.835687e+00	1.003469e-01	5.682202e-01	-3.265837e+00	3.517587e-02	
4  344.547	6.821058e+01	2.876465e+00	9.962352e-02	6.320646e-01	-3.234295e+00	3.309739e-02	
3  344.521	6.775591e+01	2.880170e+00	9.929962e-02	5.729826e-01	-3.262174e+00	5.231241e-02	
8  344.437	6.876877e+01	2.889112e+00	1.026484e-01	5.630811e-01	-3.218074e+00	4.786443e-02	
4  345.267	6.899626e+01	2.908093e+00	1.024668e-01	5.411164e-01	-3.239995e+00	5.370074e-02	
1  347.159	6.883133e+01	2.893836e+00	1.032398e-01	6.184397e-01	-3.302776e+00	7.130951e-02	
1  348.17	6.961934e+01	2.866618e+00	1.064259e-01	5.256384e-01	-3.338548e+00	4.990446e-02	
7  345.514	6.894553e+01	2.890173e+00	1.060188e-01	5.556236e-01	-3.299016e+00	5.103975e-02	
1  345.416	6.740638e+01	2.877655e+00	1.035908e-01	6.036389e-01	-3.266101e+00	6.304455e-02	
3  344.45	6.763488e+01	2.902856e+00	9.821015e-02	6.724318e-01	-3.232630e+00	5.194408e-02	
1  344.134	6.801188e+01	2.914219e+00	9.384219e-02	6.867553e-01	-3.300194e+00	4.004054e-02	
1  343.946	6.793007e+01	2.923658e+00	9.462699e-02	6.819776e-01	-3.392309e+00	4.814572e-02	
4  343.997	6.882692e+01	2.944954e+00	9.371322e-02	7.399517e-01	-3.263615e+00	4.096875e-02	
4  344.012	6.760204e+01	2.948154e+00	9.372194e-02	7.393569e-01	-3.323436e+00	6.375410e-02	
2  345	6.752457e+01	2.988590e+00	8.993183e-02	7.122544e-01	-3.307297e+00	8.231442e-02	
4  345.164	6.800264e+01	2.976191e+00	8.917147e-02	6.835246e-01	-3.242896e+00	7.654291e-02	
1  346.354	6.863456e+01	2.951565e+00	8.810008e-02	6.710715e-01	-3.295172e+00	6.701430e-02	
1  344.675	6.893100e+01	2.925126e+00	8.939908e-02	6.472502e-01	-3.284946e+00	4.364704e-02	
4  343.771	6.811413e+01	2.932744e+00	9.047670e-02	6.381905e-01	-3.385063e+00	5.498633e-02	
1  343.922	6.826393e+01	2.901334e+00	9.084319e-02	5.679927e-01	-3.359586e+00	5.892655e-02	
3  346.316	6.900839e+01	2.925294e+00	9.059920e-02	6.182036e-01	-3.351749e+00	5.953259e-02	
1  344.355	6.843969e+01	2.918632e+00	8.864114e-02	6.486227e-01	-3.438456e+00	5.514397e-02	
2  343.86	6.809526e+01	2.910755e+00	9.204632e-02	6.028694e-01	-3.463558e+00	5.100596e-02	
1  345.281	6.808226e+01	2.921603e+00	8.882005e-02	5.701666e-01	-3.461762e+00	3.600743e-02	
1  344.192	6.857646e+01	2.917110e+00	9.007837e-02	4.892897e-01	-3.436079e+00	4.242596e-02	
3  344.121	6.880604e+01	2.926958e+00	9.237418e-02	5.022385e-01	-3.425175e+00	4.049655e-02	
3  344.661	6.904327e+01	2.948837e+00	8.884263e-02	5.556848e-01	-3.360364e+00	2.833816e-02	
1  345.334	6.792651e+01	2.944040e+00	8.671697e-02	5.165996e-01	-3.377487e+00	4.572647e-02	
2  344.23	6.840646e+01	2.962091e+00	8.621211e-02	5.906687e-01	-3.363945e+00	4.730244e-02	
1  344.28	6.826086e+01	2.966258e+00	8.895246e-02	5.128142e-01	-3.370056e+00	4.764621e-02	
1  344.157	6.825858e+01	2.947266e+00	8.835249e-02	5.749838e-01	-3.418960e+00	4.680602e-02	
2  344.619	6.870593e+01	2.963730e+00	8.911818e-02	4.921436e-01	-3.424142e+00	3.415954e-02	
5  344.357	6.873053e+01	2.949149e+00	8.852836e-02	4.420021e-01	-3.443690e+00	5.162020e-02	
4  344.509	6.819885e+01	2.949611e+00	8.626752e-02	4.375035e-01	-3.440629e+00	6.008950e-02	
3  344.359	6.849324e+01	2.965061e+00	8.755694e-02	3.616698e-01	-3.437504e+00	6.386528e-02	
4  345.055	6.812211e+01	2.958728e+00	8.699475e-02	3.197760e-01	-3.411036e+00	5.923583e-02	
4  344.992	6.877764e+01	2.983097e+00	8.794253e-02	3.132222e-01	-3.427045e+00	7.983440e-02	
1  346.062	6.895908e+01	3.005251e+00	8.592887e-02	2.387339e-01	-3.434136e+00	9.285680e-02	
5  345.397	6.823500e+01	2.963346e+00	8.284299e-02	2.497140e-01	-3.419847e+00	9.409626e-02	
1  345.439	6.772463e+01	2.946725e+00	8.361651e-02	3.065953e-01	-3.495563e+00	9.796785e-02	
1  345.3	6.784522e+01	2.970579e+00	8.319683e-02	3.097178e-01	-3.494228e+00	8.996422e-02	
1  346.121	6.751823e+01	2.955870e+00	8.313472e-02	3.086148e-01	-3.459134e+00	8.661258e-02	
1  347.589	6.755594e+01	2.952060e+00	8.238876e-02	2.770556e-01	-3.502142e+00	6.837139e-02	
6  345.723	6.873603e+01	2.947737e+00	8.305654e-02	2.289184e-01	-3.477170e+00	7.327696e-02	
1  346.855	6.755263e+01	2.957387e+00	8.217626e-02	2.219203e-01	-3.482144e+00	8.743123e-02	
2  346.679	6.825794e+01	2.935519e+00	8.338091e-02	2.890954e-01	-3.529878e+00	1.131380e-01	
1  345.276	6.749573e+01	2.960155e+00	8.685558e-02	2.908437e-01	-3.461789e+00	9.906787e-02	
1  345.053	6.784634e+01	2.908248e+00	8.796704e-02	2.880439e-01	-3.418749e+00	7.341987e-02	
1  348.941	6.721526e+01	2.913994e+00	8.537561e-02	2.070527e-01	-3.468561e+00	7.553419e-02	
2  346.67	6.741841e+01	2.889366e+00	8.764164e-02	2.449608e-01	-3.483082e+00	7.953142e-02	
2  344.449	6.822890e+01	2.895257e+00	8.876034e-02	3.017769e-01	-3.466877e+00	7.235672e-02	
1  344.39	6.845327e+01	2.876096e+00	9.109142e-02	2.761903e-01	-3.468619e+00	7.915006e-02	
3  344.306	6.815332e+01	2.895096e+00	9.451396e-02	3.287757e-01	-3.408789e+00	6.037543e-02	
9  344.445	6.854967e+01	2.862826e+00	9.899892e-02	2.656951e-01	-3.407402e+00	4.843326e-02	
1  344.744	6.885247e+01	2.875560e+00	1.000356e-01	1.974856e-01	-3.397918e+00	4.620343e-02	
1  344.922	6.842053e+01	2.894882e+00	9.749317e-02	1.678127e-01	-3.352339e+00	5.506153e-02	
5  344.294	6.858108e+01	2.876858e+00	9.588789e-02	1.493464e-01	-3.196164e+00	5.768926e-02	
1  344.85	6.845014e+01	2.902679e+00	9.543282e-02	1.473625e-01	-3.212981e+00	5.282283e-02	
1  345.105	6.909648e+01	2.879685e+00	9.737666e-02	1.727922e-01	-3.172003e+00	7.425212e-02	
4  344.081	6.866090e+01	2.897411e+00	9.413806e-02	2.249418e-01	-3.204583e+00	6.512217e-02	
1  344.283	6.841642e+01	2.913394e+00	9.324612e-02	2.191340e-01	-3.121640e+00	5.758523e-02	
2  344.487	6.881844e+01	2.902063e+00	9.254643e-02	1.772548e-01	-3.124105e+00	7.560336e-02	
1  344.191	6.862635e+01	2.915964e+00	9.214606e-02	2.064930e-01	-3.133102e+00	7.668814e-02	
3  345.439	6.903985e+01	2.934608e+00	9.153527e-02	2.394356e-01	-3.158802e+00	7.866573e-02	
1  346.754	6.951489e+01	2.929720e+00	9.401110e-02	2.031875e-01	-3.165432e+00	7.053566e-02	
1  344.503	6.882461e+01	2.946112e+00	9.315532e-02	1.786634e-01	-3.142239e+00	5.264961e-02	
2  344.471	6.865708e+01	2.901014e+00	9.009917e-02	2.171599e-01	-3.152080e+00	7.527133e-02	
1  344.76	6.797746e+01	2.958003e+00	9.246978e-02	1.886284e-01	-3.068919e+00	7.529442e-02	
8  344.041	6.832495e+01	2.943687e+00	9.180404e-02	1.855878e-01	-3.119057e+00	8.693003e-02	
1  344.575	6.895364e+01	2.933588e+00	9.280400e-02	1.104611e-01	-3.142890e+00	6.059914e-02	
15  344.461	6.864431e+01	2.973198e+00	9.379757e-02	1.210225e-01	-3.173359e+00	7.531024e-02	
3  345.421	6.924726e+01	2.932281e+00	9.320697e-02	1.474392e-01	-3.264091e+00	7.164702e-02	
2  344.571	6.891550e+01	2.913086e+00	9.367229e-02	2.345759e-01	-3.316418e+00	6.887592e-02	
5  344.813	6.891520e+01	2.908553e+00	9.530660e-02	2.278871e-01	-3.343834e+00	7.790859e-02	
1  344.332	6.817365e+01	2.892926e+00	9.472312e-02	2.152107e-01	-3.409177e+00	7.365491e-02	
2  344.504	6.792788e+01	2.891295e+00	9.567941e-02	2.727341e-01	-3.428472e+00	7.521079e-02	
11  344.037	6.822291e+01	2.905983e+00	9.475349e-02	3.274314e-01	-3.405893e+00	6.777106e-02	
1  345.04	6.911391e+01	2.907557e+00	9.231770e-02	2.772140e-01	-3.355442e+00	6.142402e-02	
5  344.573	6.890265e+01	2.894759e+00	9.126242e-02	2.544850e-01	-3.330515e+00	5.980658e-02	
2  345.399	6.933107e+01	2.910808e+00	9.398462e-02	2.129666e-01	-3.289377e+00	5.826913e-02	
3  344.482	6.890368e+01	2.907886e+00	9.696280e-02	2.090657e-01	-3.216014e+00	6.777606e-02	
5  344.65	6.880656e+01	2.917430e+00	9.785649e-02	1.283474e-01	-3.166042e+00	5.735574e-02	
1  344.314	6.870386e+01	2.905109e+00	9.676883e-02	9.551592e-02	-3.142716e+00	7.613400e-02	
3  344.725	6.903031e+01	2.890034e+00	9.492565e-02	1.179408e-01	-3.067744e+00	7.262866e-02	
3  344.023	6.832465e+01	2.869268e+00	9.293897e-02	1.363739e-01	-3.053571e+00	7.851359e-02	
1  343.996	6.843234e+01	2.873293e+00	9.339043e-02	1.910067e-01	-3.066106e+00	8.076121e-02	
1  344.005	6.846353e+01	2.834902e+00	9.272053e-02	1.864697e-01	-2.972976e+00	6.512505e-02	
1  344.606	6.855491e+01	2.855434e+00	9.307536e-02	8.407938e-02	-2.912860e+00	4.681683e-02	
1  344.413	6.852687e+01	2.852570e+00	9.500861e-02	3.976835e-02	-2.978540e+00	5.812811e-02	
1  344.423	6.895789e+01	2.840765e+00	9.636860e-02	4.450533e-02	-2.902730e+00	7.187590e-02	
6  345.659	6.936475e+01	2.816888e+00	9.735279e-02	-2.291627e-02	-2.913017e+00	7.494774e-02	
1  344.649	6.911835e+01	2.818289e+00	9.859578e-02	4.116100e-02	-2.980367e+00	6.424593e-02	
1  344.587	6.895652e+01	2.818962e+00	1.014931e-01	-1.767676e-02	-2.968407e+00	7.946833e-02	
1  344.473	6.887716e+01	2.843335e+00	9.984388e-02	-3.627791e-02	-3.003908e+00	8.041275e-02	
1  345.142	6.832400e+01	2.865152e+00	1.029402e-01	1.038291e-02	-3.033778e+00	7.626663e-02	
1  344.847	6.808154e+01	2.855910e+00	1.027478e-01	4.667872e-02	-3.011123e+00	8.877383e-02	
4  344.984	6.810324e+01	2.820709e+00	1.059371e-01	2.467211e-03	-2.911671e+00	9.188869e-02	
3  345.181	6.911035e+01	2.839812e+00	1.023190e-01	1.248662e-02	-2.931440e+00	8.226781e-02	
3  345.95	6.951915e+01	2.834742e+00	1.024984e-01	-3.939527e-02	-2.885244e+00	6.379269e-02	
1  345.725	6.821909e+01	2.798209e+00	1.001581e-01	-2.213043e-02	-2.859640e+00	4.397480e-02	
1  345.657	6.844130e+01	2.784358e+00	9.775056e-02	-6.001100e-02	-2.918671e+00	3.082463e-02	
2  346.055	6.845143e+01	2.818421e+00	9.817660e-02	-1.266781e-01	-2.926111e+00	3.558363e-02	
1  345.4	6.947566e+01	2.822467e+00	9.554970e-02	-1.368408e-01	-2.918166e+00	5.005869e-02	
2  345.485	6.799117e+01	2.805294e+00	9.783902e-02	-4.691901e-02	-2.910539e+00	6.662006e-02	
1  346.11	6.787877e+01	2.834015e+00	9.939982e-02	-1.199955e-01	-2.970451e+00	8.707851e-02	
3  344.16	6.843668e+01	2.799488e+00	1.018668e-01	-6.356312e-02	-2.989481e+00	1.007712e-01	
1  344.134	6.843470e+01	2.799699e+00	1.021305e-01	-2.633554e-02	-3.010723e+00	9.684033e-02	
1  345.228	6.750641e+01	2.768108e+00	1.028783e-01	-2.798076e-02	-2.889283e+00	1.098216e-01	
2  344.065	6.792244e+01	2.756840e+00	1.010919e-01	-3.934773e-02	-2.973916e+00	1.306017e-01	
1  344.364	6.794724e+01	2.741310e+00	9.776521e-02	-4.984379e-02	-2.978405e+00	1.442770e-01	
5  344.171	6.778859e+01	2.783783e+00	1.015868e-01	4.678988e-03	-2.917753e+00	1.299357e-01	
1  346.52	6.885891e+01	2.764109e+00	1.033681e-01	6.480271e-02	-2.931959e+00	1.168711e-01	
2  346.226	6.877692e+01	2.797424e+00	1.064881e-01	4.344068e-03	-3.035209e+00	1.296007e-01	
3  346.078	6.901962e+01	2.787118e+00	1.082214e-01	-2.397898e-02	-3.136630e+00	1.063075e-01	
1  344.965	6.827039e+01	2.789363e+00	1.079441e-01	7.269668e-03	-3.107765e+00	9.154842e-02	
1  344.452	6.843786e+01	2.759463e+00	1.071054e-01	7.143109e-02	-3.070981e+00	9.479142e-02	
1  344.091	6.870232e+01	2.772919e+00	1.033411e-01	8.194559e-02	-3.052975e+00	6.437374e-02	
3  344.33	6.808580e+01	2.751494e+00	1.033489e-01	8.810335e-02	-3.029051e+00	6.723959e-02	
2  344.267	6.826850e+01	2.761913e+00	1.024310e-01	6.355509e-02	-3.023080e+00	6.165924e-02	
1  345.94	6.794076e+01	2.766010e+00	1.022262e-01	1.272386e-01	-3.049670e+00	4.436999e-02	
1  344.469	6.833503e+01	2.734702e+00	1.041975e-01	1.270544e-01	-3.015026e+00	4.353752e-02	
1  344.203	6.904135e+01	2.710246e+00	1.040105e-01	7.571871e-02	-3.038064e+00	4.358935e-02	
3  344.889	6.942003e+01	2.679437e+00	1.005397e-01	9.666758e-02	-3.075244e+00	2.553734e-02	
1  345.02	6.932096e+01	2.650359e+00	9.721650e-02	1.187176e-01	-3.056547e+00	1.421700e-02	
11  345.179	6.951139e+01	2.618674e+00	9.968646e-02	1.425773e-01	-3.093553e+00	6.812872e-03	
11  345.527	6.868930e+01	2.620945e+00	9.676721e-02	1.172719e-01	-3.100472e+00	5.060890e-04	
3  345.414	6.941818e+01	2.605773e+00	9.785409e-02	1.513394e-01	-3.054198e+00	1.418820e-02	
4  344.816	6.903887e+01	2.588123e+00	9.901032e-02	1.939998e-01	-3.021026e+00	3.385696e-02	
1  345.08	6.902065e+01	2.590505e+00	9.724140e-02	1.849832e-01	-3.047707e+00	3.306430e-02	
2  344.768	6.901809e+01	2.626803e+00	9.669490e-02	2.015840e-01	-3.058562e+00	2.785716e-02	
4  344.466	6.877302e+01	2.621797e+00	9.763463e-02	2.160604e-01	-3.033798e+00	4.295899e-02	
2  344.94	6.780012e+01	2.601530e+00	9.775002e-02	1.686730e-01	-3.086273e+00	5.038457e-02	
8  344.112	6.809768e+01	2.597755e+00	1.001204e-01	1.033754e-01	-3.039690e+00	5.106146e-02	
1  344.072	6.824728e+01	2.594997e+00	9.960344e-02	1.380401e-01	-2.986279e+00	4.221472e-02	
1  344.079	6.817627e+01	2.592160e+00	9.879201e-02	1.760552e-01	-2.999542e+00	5.458127e-02	
3  344.653	6.790365e+01	2.600631e+00	9.716191e-02	8.831839e-02	-3.028574e+00	6.326875e-02	
2  344.761	6.781581e+01	2.608702e+00	9.846883e-02	4.132173e-02	-3.026942e+00	6.363973e-02	
2  344.575	6.823579e+01	2.566202e+00	9.754986e-02	5.021285e-02	-3.012433e+00	6.594800e-02	
2  346.01	6.867317e+01	2.582083e+00	9.650144e-02	4.370671e-02	-2.968714e+00	8.142667e-02	
1  346.15	6.829205e+01	2.585880e+00	9.310314e-02	9.644010e-02	-3.008295e+00	8.024242e-02	
4  345.667	6.770042e+01	2.579070e+00	9.450356e-02	9.665977e-02	-3.058730e+00	9.462706e-02	
1  346.866	6.688828e+01	2.589483e+00	9.991959e-02	1.340871e-01	-3.138913e+00	8.866582e-02	
1  345.059	6.750181e+01	2.561316e+00	9.878897e-02	1.618175e-01	-3.163017e+00	9.730815e-02	
2  346.433	6.690585e+01	2.569000e+00	9.742945e-02	1.748612e-01	-3.031710e+00	1.085502e-01	
1  345.59	6.795034e+01	2.593721e+00	9.842057e-02	1.306189e-01	-3.059876e+00	1.113493e-01	
2  345.103	6.783285e+01	2.570910e+00	9.718171e-02	3.322126e-02	-3.064388e+00	1.056701e-01	
1  345.106	6.755567e+01	2.524304e+00	9.911963e-02	4.579947e-02	-3.131725e+00	8.977054e-02	
2  346.053	6.711450e+01	2.564833e+00	9.794999e-02	1.386697e-02	-3.201741e+00	1.190776e-01	
2  344.608	6.785894e+01	2.585692e+00	9.911070e-02	1.594293e-02	-3.274469e+00	1.115334e-01	
1  344.935	6.788162e+01	2.609091e+00	9.718641e-02	-2.739485e-02	-3.387149e+00	1.259037e-01	
1  344.901	6.812452e+01	2.571759e+00	1.008157e-01	1.710294e-02	-3.389260e+00	1.200674e-01	
8  345.246	6.766480e+01	2.536965e+00	9.978790e-02	6.233722e-03	-3.336210e+00	1.326226e-01	
1  345.142	6.737608e+01	2.518267e+00	1.020790e-01	-5.351221e-02	-3.302493e+00	1.138569e-01	
1  344.752	6.868516e+01	2.531530e+00	1.037736e-01	-1.366400e-01	-3.325605e+00	1.035057e-01	
2  344.319	6.874607e+01	2.544625e+00	1.070040e-01	-1.961462e-01	-3.253828e+00	1.034345e-01	
1  344.155	6.832110e+01	2.519226e+00	1.037537e-01	-2.445697e-01	-3.240780e+00	1.171332e-01	
3  344.197	6.835547e+01	2.487295e+00	1.041928e-01	-2.126701e-01	-3.232824e+00	1.059681e-01	
1  343.942	6.798676e+01	2.486447e+00	1.061157e-01	-1.500233e-01	-3.276838e+00	1.013728e-01	
1  344.225	6.775921e+01	2.430941e+00	1.069217e-01	-1.218095e-01	-3.385292e+00	1.006054e-01	
1  344.19	6.812150e+01	2.394607e+00	1.076373e-01	-9.568020e-02	-3.326754e+00	9.546992e-02	
1  345.057	6.882075e+01	2.408281e+00	1.107743e-01	-1.162623e-01	-3.331876e+00	8.896627e-02	
2  343.898	6.783551e+01	2.406164e+00	1.108108e-01	-1.579352e-01	-3.384162e+00	9.312735e-02	
1  344.147	6.778185e+01	2.431444e+00	1.107980e-01	-1.699011e-01	-3.391613e+00	8.798441e-02	
1  343.807	6.796257e+01	2.441749e+00	1.113292e-01	-1.774403e-01	-3.334369e+00	8.748857e-02	
4  343.687	6.821676e+01	2.410500e+00	1.111047e-01	-1.565658e-01	-3.336748e+00	9.585491e-02	
1  344	6.781846e+01	2.417822e+00	1.089549e-01	-1.417995e-01	-3.350917e+00	9.321900e-02	
2  344.873	6.860427e+01	2.419179e+00	1.098355e-01	-6.703076e-02	-3.356345e+00	9.607545e-02	
1  344.091	6.769990e+01	2.443363e+00	1.114098e-01	-1.172440e-01	-3.427301e+00	1.008965e-01	
4  345.722	6.711033e+01	2.462698e+00	1.108546e-01	-5.197420e-02	-3.411691e+00	1.064359e-01	
5  345.168	6.724596e+01	2.439701e+00	1.103417e-01	-7.438664e-02	-3.388229e+00	1.045327e-01	
3  345.377	6.856644e+01	2.476009e+00	1.085406e-01	1.212073e-02	-3.321835e+00	1.038811e-01	
1  345.254	6.726463e+01	2.498650e+00	1.087851e-01	5.901746e-02	-3.351225e+00	8.243777e-02	
2  346.344	6.695347e+01	2.501282e+00	1.067072e-01	3.973145e-02	-3.256145e+00	9.370614e-02	
2  346.936	6.678234e+01	2.494200e+00	1.089786e-01	6.710466e-02	-3.241167e+00	9.495894e-02	
4  345.116	6.734344e+01	2.516282e+00	1.100812e-01	3.731843e-02	-3.227474e+00	8.128906e-02	
4  345.22	6.730848e+01	2.510041e+00	1.101503e-01	5.527116e-02	-3.160662e+00	7.656335e-02	
2  346.033	6.706701e+01	2.483355e+00	1.089882e-01	1.212252e-01	-3.166078e+00	7.032433e-02	
2  345.848	6.700421e+01	2.490222e+00	1.086701e-01	1.375404e-01	-3.105820e+00	7.814175e-02	
3  347.484	6.905812e+01	2.527336e+00	1.073767e-01	2.245620e-01	-3.135862e+00	7.361706e-02	
5  345.924	6.904218e+01	2.501853e+00	1.102145e-01	2.594829e-01	-3.124663e+00	5.613933e-02	
1  345.127	6.895209e+01	2.508100e+00	1.102197e-01	2.658353e-01	-3.136224e+00	5.220426e-02	
3  343.826	6.860178e+01	2.532975e+00	1.105547e-01	2.654243e-01	-3.097054e+00	5.109288e-02	
1  344.7	6.839058e+01	2.485002e+00	1.112141e-01	3.187971e-01	-3.112760e+00	6.621629e-02	
7  343.542	6.817904e+01	2.494856e+00	1.094948e-01	3.763148e-01	-3.145579e+00	5.060541e-02	
