2  345.583	6.727371e+01	2.259272e+00	1.182276e-01	-9.594821e-01	-3.758881e-01	
1  344.465	6.776014e+01	2.282367e+00	1.175706e-01	-9.851766e-01	-3.744263e-01	
7  343.79	6.842033e+01	2.308231e+00	1.167734e-01	-1.016331e+00	-3.969259e-01	
1  346.757	6.922314e+01	2.298662e+00	1.160619e-01	-1.020643e+00	-3.969277e-01	
1  346.896	6.984526e+01	2.305561e+00	1.177737e-01	-1.076480e+00	-3.727891e-01	
2  346.94	6.953349e+01	2.315404e+00	1.163825e-01	-1.046313e+00	-3.609814e-01	
2  343.823	6.898332e+01	2.302412e+00	1.133222e-01	-1.071778e+00	-3.701986e-01	
1  343.015	6.845263e+01	2.306833e+00	1.169655e-01	-1.061502e+00	-4.076305e-01	
1  343.392	6.817599e+01	2.313532e+00	1.144596e-01	-1.062164e+00	-3.975340e-01	
1  343.397	6.814947e+01	2.330475e+00	1.155455e-01	-1.058995e+00	-4.235063e-01	
1  343.808	6.844935e+01	2.345444e+00	1.142860e-01	-1.104101e+00	-4.246724e-01	
1  343.757	6.819577e+01	2.336999e+00	1.151542e-01	-1.079708e+00	-4.288101e-01	
1  343.189	6.870874e+01	2.335709e+00	1.171405e-01	-1.046523e+00	-4.187995e-01	
5  343.026	6.846716e+01	2.337173e+00	1.155641e-01	-1.049128e+00	-4.162712e-01	
2  343.234	6.863884e+01	2.339333e+00	1.137420e-01	-1.089194e+00	-4.650581e-01	
2  343.137	6.882732e+01	2.339736e+00	1.139107e-01	-1.054759e+00	-5.028701e-01	
6  343.422	6.859837e+01	2.352432e+00	1.123923e-01	-1.012627e+00	-5.561493e-01	
1  344.281	6.773822e+01	2.342972e+00	1.113847e-01	-9.545237e-01	-5.637721e-01	
2  344.303	6.747639e+01	2.352984e+00	1.138268e-01	-9.781158e-01	-5.526755e-01	
1  344.393	6.741734e+01	2.356783e+00	1.149550e-01	-9.605191e-01	-5.206475e-01	
4  344.777	6.794659e+01	2.361631e+00	1.156849e-01	-9.259232e-01	-5.798844e-01	
4  343.964	6.784418e+01	2.340480e+00	1.148403e-01	-9.474438e-01	-6.064406e-01	
2  343.825	6.914211e+01	2.337101e+00	1.152126e-01	-1.030454e+00	-6.399808e-01	
1  343.143	6.891694e+01	2.354312e+00	1.133947e-01	-1.054241e+00	-6.297175e-01	
1  343.407	6.906531e+01	2.354219e+00	1.125680e-01	-1.054450e+00	-5.835848e-01	
1  343.641	6.876318e+01	2.342812e+00	1.110280e-01	-1.019464e+00	-6.032663e-01	
3  343.159	6.863550e+01	2.351467e+00	1.117733e-01	-1.030897e+00	-6.186564e-01	
2  344.006	6.900658e+01	2.339960e+00	1.093055e-01	-1.038922e+00	-6.155346e-01	
1  344.203	6.818978e+01	2.323849e+00	1.083553e-01	-1.055308e+00	-5.544791e-01	
1  343.866	6.807299e+01	2.341269e+00	1.100484e-01	-1.034430e+00	-5.882035e-01	
1  344.361	6.796108e+01	2.329538e+00	1.095645e-01	-1.038547e+00	-5.993226e-01	
5  344.601	6.752971e+01	2.316720e+00	1.104876e-01	-9.854584e-01	-5.871899e-01	
5  347.003	6.897228e+01	2.313575e+00	1.107123e-01	-9.763015e-01	-5.834027e-01	
1  344.708	6.919682e+01	2.320545e+00	1.108210e-01	-1.038959e+00	-5.721079e-01	
1  343.961	6.859021e+01	2.313567e+00	1.103833e-01	-1.085830e+00	-5.967514e-01	
3  344.487	6.922086e+01	2.303404e+00	1.077379e-01	-1.100430e+00	-5.871287e-01	
1  344.616	6.951389e+01	2.310265e+00	1.090248e-01	-1.114390e+00	-5.725761e-01	
3  344.501	6.928393e+01	2.309131e+00	1.084228e-01	-1.111440e+00	-6.280917e-01	
1  344.048	6.867887e+01	2.305703e+00	1.096485e-01	-1.080932e+00	-6.523608e-01	
3  344.752	6.924835e+01	2.306136e+00	1.102430e-01	-1.040361e+00	-6.568501e-01	
2  344.376	6.891609e+01	2.324357e+00	1.086266e-01	-1.023260e+00	-6.416241e-01	
1  344.648	6.835042e+01	2.373102e+00	1.084640e-01	-1.066455e+00	-6.810790e-01	
5  343.772	6.862985e+01	2.363901e+00	1.091609e-01	-1.053083e+00	-7.254460e-01	
1  343.784	6.850720e+01	2.360646e+00	1.096137e-01	-1.051203e+00	-7.070571e-01	
4  344.033	6.800469e+01	2.335944e+00	1.107120e-01	-1.021712e+00	-6.987560e-01	
1  343.908	6.769265e+01	2.337531e+00	1.116529e-01	-9.650589e-01	-7.409988e-01	
1  345.207	6.806513e+01	2.343955e+00	1.125751e-01	-9.104892e-01	-7.095233e-01	
1  344.44	6.764127e+01	2.332840e+00	1.126368e-01	-9.229000e-01	-6.844977e-01	
3  344.387	6.787203e+01	2.333366e+00	1.117837e-01	-9.305354e-01	-6.911479e-01	
1  344.514	6.772620e+01	2.359180e+00	1.135294e-01	-9.138132e-01	-6.676372e-01	
2  344.465	6.753871e+01	2.366738e+00	1.152612e-01	-9.123536e-01	-6.490549e-01	
4  345.094	6.709607e+01	2.354108e+00	1.140866e-01	-9.236986e-01	-6.879207e-01	
2  344.339	6.738919e+01	2.356069e+00	1.171045e-01	-9.181490e-01	-7.014670e-01	
2  343.068	6.845256e+01	2.341805e+00	1.146254e-01	-9.923910e-01	-7.331848e-01	
3  343.392	6.875392e+01	2.320175e+00	1.141335e-01	-1.005548e+00	-7.264535e-01	
1  343.991	6.892500e+01	2.327080e+00	1.126730e-01	-1.006928e+00	-6.849396e-01	
1  344.119	6.950648e+01	2.355885e+00	1.130360e-01	-1.067052e+00	-6.793802e-01	
1  344.003	6.902888e+01	2.344779e+00	1.129919e-01	-1.097824e+00	-7.081699e-01	
7  343.511	6.859108e+01	2.345615e+00	1.130999e-01	-1.058646e+00	-7.026233e-01	
1  343.456	6.884402e+01	2.333943e+00	1.134921e-01	-1.065750e+00	-7.327308e-01	
1  343.409	6.850317e+01	2.344210e+00	1.136997e-01	-1.039025e+00	-7.628498e-01	
2  344.532	6.781661e+01	2.345674e+00	1.140933e-01	-1.015814e+00	-7.452357e-01	
1  345.619	6.717174e+01	2.356205e+00	1.124837e-01	-9.615895e-01	-7.361944e-01	
2  344.578	6.741545e+01	2.366479e+00	1.134061e-01	-8.959353e-01	-7.387827e-01	
2  345.037	6.713617e+01	2.364208e+00	1.133514e-01	-8.950198e-01	-7.215578e-01	
3  345.429	6.814850e+01	2.358024e+00	1.112302e-01	-9.064792e-01	-7.335826e-01	
1  345.637	6.714161e+01	2.360434e+00	1.086608e-01	-8.903015e-01	-7.216597e-01	
2  347.395	6.677719e+01	2.354178e+00	1.080135e-01	-8.682795e-01	-6.393710e-01	
1  348.994	6.755263e+01	2.344594e+00	1.082989e-01	-8.550901e-01	-6.360920e-01	
2  348.813	6.655803e+01	2.340486e+00	1.091247e-01	-8.313222e-01	-6.706348e-01	
1  349.958	6.600564e+01	2.357192e+00	1.108328e-01	-8.639547e-01	-6.894549e-01	
1  350.759	6.614818e+01	2.345789e+00	1.122790e-01	-9.270490e-01	-6.689853e-01	
1  347.924	6.659806e+01	2.347377e+00	1.131361e-01	-9.383167e-01	-6.931973e-01	
1  344.756	6.719205e+01	2.355390e+00	1.143765e-01	-9.220348e-01	-7.515297e-01	
1  344.324	6.754558e+01	2.319829e+00	1.149680e-01	-9.179375e-01	-7.186248e-01	
5  343.505	6.778080e+01	2.361226e+00	1.147314e-01	-9.398425e-01	-7.808630e-01	
1  343.855	6.868978e+01	2.371791e+00	1.123928e-01	-9.683116e-01	-7.515109e-01	
1  343.303	6.886806e+01	2.366916e+00	1.122492e-01	-1.043501e+00	-7.565752e-01	
3  343.308	6.893733e+01	2.360562e+00	1.129954e-01	-1.024445e+00	-7.185563e-01	
1  344.187	6.867832e+01	2.360223e+00	1.129690e-01	-1.074735e+00	-7.568512e-01	
3  343.86	6.937867e+01	2.390509e+00	1.132240e-01	-1.044628e+00	-7.401305e-01	
3  343.082	6.871340e+01	2.381528e+00	1.127691e-01	-1.010844e+00	-7.533881e-01	
1  344.539	6.915313e+01	2.364702e+00	1.134413e-01	-9.952244e-01	-7.240309e-01	
1  343.176	6.883541e+01	2.389998e+00	1.133179e-01	-1.037693e+00	-7.394644e-01	
1  343.088	6.864449e+01	2.370102e+00	1.125158e-01	-1.033099e+00	-6.884664e-01	
3  343.419	6.886367e+01	2.388904e+00	1.118311e-01	-1.003059e+00	-7.188423e-01	
3  343.378	6.857330e+01	2.400269e+00	1.098936e-01	-9.785608e-01	-7.569759e-01	
2  343.986	6.885426e+01	2.395185e+00	1.124453e-01	-9.646603e-01	-8.080645e-01	
2  343.192	6.819517e+01	2.373545e+00	1.127222e-01	-9.576765e-01	-8.107546e-01	
2  343.594	6.783271e+01	2.374803e+00	1.140144e-01	-9.223120e-01	-8.022600e-01	
5  343.121	6.812674e+01	2.394407e+00	1.153633e-01	-9.623747e-01	-7.787344e-01	
1  343.541	6.802612e+01	2.373248e+00	1.140790e-01	-9.980980e-01	-7.588769e-01	
1  343.224	6.822920e+01	2.362084e+00	1.139826e-01	-1.004720e+00	-7.572878e-01	
3  344.097	6.750209e+01	2.337357e+00	1.136882e-01	-9.305659e-01	-7.439456e-01	
2  344.34	6.780720e+01	2.312699e+00	1.128104e-01	-9.240981e-01	-7.441954e-01	
5  344.765	6.742342e+01	2.314221e+00	1.106212e-01	-9.134714e-01	-7.893288e-01	
2  344.951	6.736540e+01	2.298910e+00	1.100619e-01	-9.422890e-01	-7.539345e-01	
2  344.765	6.767819e+01	2.303584e+00	1.076695e-01	-9.689931e-01	-7.253839e-01	
4  346.111	6.738235e+01	2.309164e+00	1.099038e-01	-1.003090e+00	-7.326845e-01	
1  346.186	6.734607e+01	2.302338e+00	1.081315e-01	-9.916444e-01	-7.434975e-01	
1  345.72	6.759865e+01	2.278936e+00	1.078523e-01	-1.008541e+00	-7.397249e-01	
1  344.956	6.840516e+01	2.290134e+00	1.063909e-01	-9.740358e-01	-8.128468e-01	
3  345.524	6.759578e+01	2.256465e+00	1.074265e-01	-9.367947e-01	-8.207113e-01	
1  345.362	6.740570e+01	2.273471e+00	1.093397e-01	-9.655287e-01	-8.085269e-01	
4  344.967	6.799039e+01	2.254167e+00	1.075880e-01	-9.702345e-01	-7.904519e-01	
4  345.934	6.797153e+01	2.247603e+00	1.043982e-01	-1.007594e+00	-7.615224e-01	
11  346.472	6.811820e+01	2.228247e+00	1.049171e-01	-1.063725e+00	-7.003235e-01	
2  347.98	6.904271e+01	2.228313e+00	1.055958e-01	-1.012820e+00	-6.471587e-01	
1  348.197	6.907341e+01	2.227727e+00	1.042651e-01	-1.016940e+00	-6.792147e-01	
3  346.149	6.913855e+01	2.232946e+00	1.063689e-01	-1.055729e+00	-6.502704e-01	
1  346.065	6.938858e+01	2.239644e+00	1.081957e-01	-1.067015e+00	-6.298652e-01	
6  345.798	6.950794e+01	2.242198e+00	1.097514e-01	-1.169406e+00	-6.496905e-01	
1  345.692	6.956059e+01	2.237251e+00	1.092470e-01	-1.096993e+00	-6.081257e-01	
7  344.209	6.886317e+01	2.227387e+00	1.106002e-01	-1.076956e+00	-6.127864e-01	
3  344.218	6.868253e+01	2.245343e+00	1.094860e-01	-1.070156e+00	-6.239833e-01	
3  344.261	6.914734e+01	2.264763e+00	1.118271e-01	-1.059240e+00	-6.255423e-01	
1  344.607	6.939626e+01	2.277150e+00	1.096962e-01	-1.102829e+00	-6.710361e-01	
1  345.987	7.002338e+01	2.275222e+00	1.109992e-01	-1.171827e+00	-6.676126e-01	
2  346.427	7.025720e+01	2.268813e+00	1.115665e-01	-1.173448e+00	-6.518088e-01	
1  346.255	6.924465e+01	2.249025e+00	1.120065e-01	-1.181291e+00	-6.547018e-01	
1  345.677	6.974724e+01	2.257169e+00	1.144362e-01	-1.185099e+00	-6.752651e-01	
2  346.368	6.895658e+01	2.247598e+00	1.145881e-01	-1.162745e+00	-7.206185e-01	
1  345.102	6.954057e+01	2.253593e+00	1.164259e-01	-1.156366e+00	-7.534667e-01	
1  344.238	6.958133e+01	2.247095e+00	1.172732e-01	-1.121807e+00	-7.460692e-01	
1  343.3	6.906381e+01	2.257587e+00	1.199883e-01	-1.086553e+00	-7.068795e-01	
4  343.389	6.901983e+01	2.257070e+00	1.218602e-01	-1.092867e+00	-6.939945e-01	
1  343.859	6.916553e+01	2.255267e+00	1.212380e-01	-1.041665e+00	-6.467147e-01	
2  344.129	6.929569e+01	2.250043e+00	1.232804e-01	-1.046293e+00	-6.639869e-01	
3  343.891	6.944543e+01	2.249060e+00	1.225189e-01	-1.081267e+00	-6.293681e-01	
1  344.793	6.960569e+01	2.250568e+00	1.224943e-01	-1.063218e+00	-6.607984e-01	
1  344.115	6.961544e+01	2.255093e+00	1.211280e-01	-1.093201e+00	-6.852004e-01	
4  343.217	6.894531e+01	2.237050e+00	1.193634e-01	-1.088002e+00	-6.823739e-01	
3  344.528	6.966104e+01	2.256978e+00	1.164613e-01	-1.145962e+00	-6.877062e-01	
3  344.673	6.988238e+01	2.257023e+00	1.196810e-01	-1.118986e+00	-6.735320e-01	
1  343.754	6.902496e+01	2.271314e+00	1.212418e-01	-1.106711e+00	-6.966595e-01	
1  343.77	6.937480e+01	2.269333e+00	1.220503e-01	-1.105472e+00	-7.103544e-01	
1  343.924	6.883538e+01	2.298585e+00	1.203177e-01	-1.095369e+00	-7.088219e-01	
3  342.993	6.863845e+01	2.301900e+00	1.173361e-01	-1.024581e+00	-6.776121e-01	
1  345.04	6.793016e+01	2.303417e+00	1.177990e-01	-1.057340e+00	-6.777548e-01	
1  345.087	6.816259e+01	2.300925e+00	1.171403e-01	-1.087995e+00	-6.310698e-01	
2  346.936	6.779199e+01	2.289963e+00	1.166620e-01	-1.078049e+00	-6.987917e-01	
2  346.575	6.756129e+01	2.301104e+00	1.144717e-01	-1.054246e+00	-6.438147e-01	
1  343.991	6.783549e+01	2.299098e+00	1.134162e-01	-1.013630e+00	-6.709612e-01	
1  343.241	6.876590e+01	2.319313e+00	1.130509e-01	-1.057708e+00	-6.656018e-01	
1  344.024	6.904036e+01	2.328550e+00	1.147719e-01	-1.010979e+00	-6.775747e-01	
2  343.67	6.919854e+01	2.322090e+00	1.147453e-01	-1.042130e+00	-7.131031e-01	
1  344.341	6.924380e+01	2.290772e+00	1.136130e-01	-1.036495e+00	-6.923342e-01	
2  344.108	6.933486e+01	2.304657e+00	1.131351e-01	-1.054981e+00	-6.982556e-01	
1  343.973	6.944728e+01	2.293750e+00	1.156152e-01	-1.070368e+00	-7.308540e-01	
2  343.951	6.897160e+01	2.307102e+00	1.159005e-01	-1.110114e+00	-6.704228e-01	
2  343.401	6.905547e+01	2.319875e+00	1.130654e-01	-1.073842e+00	-6.477981e-01	
1  343.75	6.907676e+01	2.306568e+00	1.122132e-01	-1.047592e+00	-6.663990e-01	
1  344.099	6.935729e+01	2.308385e+00	1.117736e-01	-1.102521e+00	-6.932622e-01	
1  343.951	6.941358e+01	2.328596e+00	1.142399e-01	-1.082294e+00	-7.810915e-01	
4  343.616	6.861125e+01	2.329105e+00	1.132328e-01	-1.053716e+00	-7.743029e-01	
2  343.656	6.913690e+01	2.334154e+00	1.116918e-01	-1.051896e+00	-7.427292e-01	
1  343.546	6.906682e+01	2.331847e+00	1.120362e-01	-1.048640e+00	-6.838587e-01	
1  343.402	6.884189e+01	2.338603e+00	1.107484e-01	-1.051086e+00	-6.572847e-01	
1  343.536	6.885543e+01	2.335841e+00	1.103418e-01	-1.040247e+00	-6.418174e-01	
6  344.047	6.946061e+01	2.349244e+00	1.110237e-01	-1.097837e+00	-6.299258e-01	
2  344.38	6.950179e+01	2.365209e+00	1.119677e-01	-1.056930e+00	-6.457662e-01	
3  343.557	6.881233e+01	2.369712e+00	1.148436e-01	-1.076273e+00	-6.714322e-01	
1  343.827	6.901082e+01	2.354092e+00	1.176725e-01	-1.094222e+00	-6.819560e-01	
3  343.271	6.904370e+01	2.354798e+00	1.181657e-01	-1.044200e+00	-7.206657e-01	
1  344.093	6.755756e+01	2.340002e+00	1.201572e-01	-9.585366e-01	-6.892929e-01	
2  343.295	6.864658e+01	2.340960e+00	1.211933e-01	-9.981041e-01	-7.134134e-01	
1  343.475	6.882874e+01	2.379599e+00	1.218852e-01	-1.027710e+00	-6.805335e-01	
1  343.871	6.900334e+01	2.359706e+00	1.204340e-01	-1.011565e+00	-6.314835e-01	
4  343.716	6.868609e+01	2.366507e+00	1.199046e-01	-9.825213e-01	-6.624527e-01	
2  343.913	6.908658e+01	2.357010e+00	1.219506e-01	-1.019909e+00	-6.618195e-01	
1  343.553	6.901897e+01	2.367138e+00	1.217776e-01	-1.039382e+00	-7.030205e-01	
1  343.246	6.828983e+01	2.374685e+00	1.201194e-01	-9.826799e-01	-7.158031e-01	
1  344.496	6.758409e+01	2.372138e+00	1.197339e-01	-9.729499e-01	-7.277540e-01	
1  344.397	6.773974e+01	2.375275e+00	1.198008e-01	-9.968437e-01	-6.742971e-01	
1  344.075	6.775317e+01	2.379634e+00	1.204881e-01	-9.886373e-01	-5.971522e-01	
2  343.381	6.839768e+01	2.356183e+00	1.214073e-01	-9.910441e-01	-6.209909e-01	
2  344.281	6.772888e+01	2.354004e+00	1.224130e-01	-9.896784e-01	-6.349868e-01	
1  343.91	6.791036e+01	2.335162e+00	1.229293e-01	-1.008529e+00	-5.855916e-01	
2  343.995	6.786061e+01	2.337521e+00	1.217315e-01	-9.656408e-01	-5.267925e-01	
2  344.997	6.795003e+01	2.326276e+00	1.205921e-01	-9.413633e-01	-4.973153e-01	
1  344.767	6.812362e+01	2.330215e+00	1.200817e-01	-9.471727e-01	-5.297705e-01	
1  344.605	6.789155e+01	2.315084e+00	1.205178e-01	-9.340264e-01	-5.887852e-01	
1  345.01	6.729223e+01	2.312764e+00	1.222895e-01	-9.295408e-01	-5.787649e-01	
1  344.865	6.781997e+01	2.307764e+00	1.227815e-01	-9.199251e-01	-6.369775e-01	
5  344.372	6.820779e+01	2.335527e+00	1.225539e-01	-9.513042e-01	-5.969541e-01	
2  344.343	6.785865e+01	2.326575e+00	1.220812e-01	-9.354702e-01	-6.204031e-01	
2  344.224	6.771931e+01	2.304881e+00	1.234766e-01	-9.450181e-01	-6.240386e-01	
1  344.815	6.736336e+01	2.311104e+00	1.236930e-01	-9.271581e-01	-6.528166e-01	
1  343.8	6.836595e+01	2.313514e+00	1.260273e-01	-9.905937e-01	-6.269833e-01	
2  343.869	6.800178e+01	2.315866e+00	1.252934e-01	-1.002971e+00	-6.051394e-01	
6  344.972	6.779836e+01	2.311225e+00	1.265051e-01	-1.020447e+00	-6.334979e-01	
2  345.404	6.778448e+01	2.301032e+00	1.253459e-01	-1.046783e+00	-5.908130e-01	
1  344.168	6.886217e+01	2.326878e+00	1.276346e-01	-1.059325e+00	-6.728047e-01	
2  344.645	6.889226e+01	2.331569e+00	1.278731e-01	-1.079398e+00	-6.772137e-01	
2  344.074	6.863171e+01	2.354487e+00	1.256443e-01	-1.050590e+00	-6.489901e-01	
2  343.682	6.915241e+01	2.335686e+00	1.229435e-01	-1.049858e+00	-6.470817e-01	
3  344.11	6.929590e+01	2.355756e+00	1.243009e-01	-1.061818e+00	-6.248743e-01	
4  343.976	6.907850e+01	2.337424e+00	1.253657e-01	-1.062565e+00	-7.024066e-01	
2  344.162	6.893317e+01	2.318204e+00	1.257879e-01	-1.064482e+00	-7.848948e-01	
1  344.37	6.890256e+01	2.325223e+00	1.249943e-01	-1.075002e+00	-7.757174e-01	
2  345.234	6.942565e+01	2.340107e+00	1.258252e-01	-1.114138e+00	-7.469710e-01	
2  344.941	6.959939e+01	2.343636e+00	1.263321e-01	-1.075584e+00	-7.149719e-01	
1  344.799	6.930711e+01	2.349970e+00	1.249176e-01	-1.092483e+00	-7.710333e-01	
4  344.883	6.943879e+01	2.357088e+00	1.233178e-01	-1.096021e+00	-8.062476e-01	
1  344.525	6.883672e+01	2.353451e+00	1.219386e-01	-1.070906e+00	-8.201369e-01	
1  344.26	6.898824e+01	2.376143e+00	1.222329e-01	-1.054635e+00	-8.387814e-01	
5  343.678	6.888170e+01	2.400869e+00	1.215106e-01	-1.003988e+00	-7.619699e-01	
5  344.086	6.841482e+01	2.409787e+00	1.218228e-01	-1.024696e+00	-7.185483e-01	
1  345.031	6.838011e+01	2.397081e+00	1.210956e-01	-1.055186e+00	-7.341818e-01	
1  345.48	6.825508e+01	2.370892e+00	1.222118e-01	-1.061840e+00	-7.209376e-01	
2  343.88	6.906210e+01	2.360077e+00	1.240985e-01	-1.038382e+00	-7.227675e-01	
1  344.693	6.885468e+01	2.368726e+00	1.248272e-01	-1.073504e+00	-7.253094e-01	
1  343.957	6.873175e+01	2.345521e+00	1.244818e-01	-9.905173e-01	-6.894798e-01	
1  343.722	6.860906e+01	2.329066e+00	1.250786e-01	-9.899890e-01	-7.293152e-01	
2  344.386	6.763977e+01	2.314561e+00	1.256463e-01	-9.549077e-01	-7.135859e-01	
1  344.587	6.761943e+01	2.320824e+00	1.248417e-01	-9.779803e-01	-6.903471e-01	
2  343.67	6.821674e+01	2.331556e+00	1.239120e-01	-9.780990e-01	-6.355332e-01	
1  343.7	6.793534e+01	2.293135e+00	1.245800e-01	-9.903790e-01	-6.756102e-01	
1  343.557	6.833253e+01	2.307860e+00	1.238133e-01	-9.809230e-01	-6.676080e-01	
1  344.704	6.741710e+01	2.300800e+00	1.230006e-01	-9.762598e-01	-6.209468e-01	
1  343.688	6.778874e+01	2.307463e+00	1.206527e-01	-9.860129e-01	-6.926775e-01	
1  344.491	6.747051e+01	2.338761e+00	1.189673e-01	-9.743126e-01	-6.812843e-01	
4  343.782	6.799555e+01	2.328996e+00	1.201308e-01	-9.437196e-01	-6.846157e-01	
2  343.619	6.781289e+01	2.333044e+00	1.207458e-01	-9.528432e-01	-7.279849e-01	
6  345.194	6.739848e+01	2.350820e+00	1.219080e-01	-9.711576e-01	-7.113495e-01	
1  343.849	6.804451e+01	2.338887e+00	1.243745e-01	-9.923489e-01	-7.008458e-01	
1  343.698	6.812736e+01	2.348478e+00	1.240809e-01	-9.787809e-01	-7.236115e-01	
1  344.034	6.823693e+01	2.357749e+00	1.236711e-01	-1.020098e+00	-7.124070e-01	
2  343.719	6.854510e+01	2.353990e+00	1.249610e-01	-1.010345e+00	-7.255551e-01	
1  343.999	6.869068e+01	2.365035e+00	1.245530e-01	-9.790497e-01	-7.576769e-01	
3  344.764	6.868662e+01	2.339351e+00	1.273578e-01	-9.657443e-01	-7.353580e-01	
1  344.389	6.870267e+01	2.341319e+00	1.256791e-01	-9.712146e-01	-7.331900e-01	
2  344.559	6.812365e+01	2.322596e+00	1.296517e-01	-9.686609e-01	-7.223700e-01	
2  345.834	6.755826e+01	2.332136e+00	1.309137e-01	-9.516691e-01	-7.052673e-01	
1  346.577	6.742432e+01	2.327083e+00	1.303513e-01	-9.762307e-01	-7.030073e-01	
2  344.531	6.801988e+01	2.314797e+00	1.286277e-01	-1.000659e+00	-6.937465e-01	
2  344.433	6.915775e+01	2.312056e+00	1.284414e-01	-1.062531e+00	-7.537246e-01	
1  344.244	6.890591e+01	2.306526e+00	1.287711e-01	-1.039606e+00	-7.932958e-01	
1  344.049	6.908097e+01	2.301359e+00	1.267191e-01	-1.024812e+00	-7.784265e-01	
1  344.843	6.828055e+01	2.288419e+00	1.274886e-01	-1.058214e+00	-7.208554e-01	
1  344.44	6.924574e+01	2.295258e+00	1.284856e-01	-1.080956e+00	-7.347585e-01	
2  344.657	6.946682e+01	2.296301e+00	1.277821e-01	-1.066929e+00	-8.031437e-01	
3  344.353	6.952406e+01	2.289185e+00	1.251063e-01	-1.070527e+00	-8.038256e-01	
1  343.61	6.887595e+01	2.290065e+00	1.255356e-01	-1.014172e+00	-7.948163e-01	
2  344.233	6.912065e+01	2.302674e+00	1.278002e-01	-1.039619e+00	-8.373174e-01	
1  344.152	6.883209e+01	2.317300e+00	1.275413e-01	-1.020625e+00	-8.842751e-01	
1  344.098	6.829800e+01	2.320411e+00	1.278887e-01	-9.822884e-01	-8.480526e-01	
2  344.418	6.844339e+01	2.299779e+00	1.298552e-01	-9.582386e-01	-8.729797e-01	
1  344.355	6.849205e+01	2.285861e+00	1.286274e-01	-9.479973e-01	-8.900228e-01	
6  344.084	6.819492e+01	2.298408e+00	1.282510e-01	-9.482437e-01	-8.826770e-01	
1  344.126	6.869321e+01	2.300199e+00	1.285195e-01	-9.781410e-01	-9.466292e-01	
2  344.731	6.802307e+01	2.318771e+00	1.301011e-01	-9.532343e-01	-8.864494e-01	
3  344.808	6.816210e+01	2.310996e+00	1.307564e-01	-9.762544e-01	-8.885788e-01	
5  345.255	6.788792e+01	2.309216e+00	1.321257e-01	-9.438005e-01	-8.716542e-01	
4  345.185	6.882818e+01	2.307890e+00	1.314918e-01	-9.621647e-01	-9.569512e-01	
4  344.614	6.845018e+01	2.346748e+00	1.288533e-01	-9.426736e-01	-9.943737e-01	
1  344.917	6.838453e+01	2.343988e+00	1.277732e-01	-9.058873e-01	-9.963072e-01	
4  344.681	6.842240e+01	2.349980e+00	1.274166e-01	-9.151971e-01	-1.004899e+00	
1  345.566	6.750570e+01	2.343392e+00	1.265479e-01	-9.340019e-01	-9.919612e-01	
1  345.15	6.724869e+01	2.343016e+00	1.240129e-01	-8.987010e-01	-9.506152e-01	
3  344.272	6.777386e+01	2.343943e+00	1.245408e-01	-8.964242e-01	-9.368115e-01	
2  344.614	6.753036e+01	2.352243e+00	1.247008e-01	-8.856271e-01	-9.632145e-01	
1  345.381	6.710471e+01	2.335599e+00	1.241399e-01	-8.755222e-01	-9.194592e-01	
1  345.612	6.761187e+01	2.318222e+00	1.245622e-01	-8.467735e-01	-9.386905e-01	
4  345.439	6.704133e+01	2.320030e+00	1.235174e-01	-8.867463e-01	-9.051932e-01	
4  344.189	6.743868e+01	2.293237e+00	1.219683e-01	-9.053932e-01	-9.042202e-01	
5  343.302	6.811526e+01	2.291681e+00	1.215994e-01	-9.463541e-01	-8.950785e-01	
1  343.363	6.864030e+01	2.294420e+00	1.218171e-01	-9.722607e-01	-9.056161e-01	
2  343.384	6.880769e+01	2.295029e+00	1.209467e-01	-9.876140e-01	-8.916635e-01	
1  343.573	6.883183e+01	2.294948e+00	1.224946e-01	-1.033988e+00	-9.311425e-01	
1  344.94	6.961167e+01	2.312120e+00	1.210885e-01	-1.026972e+00	-8.688459e-01	
2  345.49	6.981690e+01	2.331083e+00	1.217390e-01	-1.043093e+00	-8.250259e-01	
4  345.045	6.942599e+01	2.342362e+00	1.231178e-01	-1.004470e+00	-8.256754e-01	
4  344.039	6.920701e+01	2.339413e+00	1.231507e-01	-1.044128e+00	-8.849013e-01	
2  343.905	6.889811e+01	2.315163e+00	1.231577e-01	-1.059604e+00	-8.372733e-01	
1  343.786	6.880071e+01	2.316298e+00	1.245513e-01	-1.045455e+00	-8.133011e-01	
2  343.847	6.833407e+01	2.303645e+00	1.208416e-01	-1.049953e+00	-7.430533e-01	
2  343.891	6.944037e+01	2.306582e+00	1.211048e-01	-1.067575e+00	-7.383807e-01	
2  344.39	6.968368e+01	2.311850e+00	1.214514e-01	-1.095242e+00	-7.489871e-01	
1  344.161	6.948007e+01	2.353119e+00	1.207505e-01	-1.055460e+00	-7.951386e-01	
1  344.026	6.947295e+01	2.331402e+00	1.203490e-01	-1.064075e+00	-7.970041e-01	
3  343.582	6.893220e+01	2.325320e+00	1.214368e-01	-1.061697e+00	-7.745886e-01	
2  343.332	6.846504e+01	2.316723e+00	1.229781e-01	-1.021820e+00	-7.457119e-01	
1  345.491	6.785537e+01	2.313375e+00	1.217293e-01	-1.044519e+00	-7.208651e-01	
3  345.474	6.737449e+01	2.314763e+00	1.202511e-01	-9.878831e-01	-7.482179e-01	
3  344.471	6.800165e+01	2.312276e+00	1.177835e-01	-1.039381e+00	-7.427919e-01	
1  345.079	6.822112e+01	2.319107e+00	1.153916e-01	-1.065541e+00	-7.840537e-01	
3  344.023	6.933035e+01	2.330370e+00	1.150317e-01	-1.089413e+00	-8.058180e-01	
2  344.313	6.891800e+01	2.346875e+00	1.144594e-01	-1.088772e+00	-7.903310e-01	
5  344.313	6.950102e+01	2.342502e+00	1.118086e-01	-1.084144e+00	-8.012709e-01	
1  345.956	7.017581e+01	2.362781e+00	1.122034e-01	-1.108292e+00	-7.823451e-01	
1  344.017	6.942980e+01	2.352362e+00	1.116557e-01	-1.077016e+00	-7.249966e-01	
4  344.532	6.944511e+01	2.375532e+00	1.100262e-01	-1.045301e+00	-6.711910e-01	
2  344.972	6.956628e+01	2.364499e+00	1.113638e-01	-1.038150e+00	-7.208467e-01	
1  345.306	6.949858e+01	2.398216e+00	1.100735e-01	-1.013441e+00	-7.291329e-01	
2  344.298	6.926055e+01	2.390555e+00	1.087001e-01	-1.026385e+00	-7.159435e-01	
3  343.408	6.877392e+01	2.385442e+00	1.097988e-01	-1.047501e+00	-7.034924e-01	
1  343.914	6.866252e+01	2.361910e+00	1.104422e-01	-1.067458e+00	-7.175872e-01	
1  344.357	6.887109e+01	2.362885e+00	1.083572e-01	-1.078618e+00	-7.566514e-01	
2  347.527	7.037916e+01	2.366604e+00	1.098324e-01	-1.090952e+00	-7.454774e-01	
2  345.103	6.970954e+01	2.379948e+00	1.088667e-01	-1.127185e+00	-7.072579e-01	
3  346.399	6.926831e+01	2.388433e+00	1.089975e-01	-1.160603e+00	-6.612781e-01	
3  345.429	6.903725e+01	2.376819e+00	1.098825e-01	-1.139192e+00	-6.299331e-01	
1  344.217	6.951168e+01	2.377472e+00	1.103895e-01	-1.114085e+00	-6.230603e-01	
1  344.82	6.825486e+01	2.385150e+00	1.092863e-01	-1.076755e+00	-5.972723e-01	
1  343.449	6.869634e+01	2.394418e+00	1.148312e-01	-1.071569e+00	-6.065952e-01	
1  343.46	6.850811e+01	2.385988e+00	1.152519e-01	-1.055421e+00	-6.387863e-01	
2  343.025	6.843732e+01	2.384220e+00	1.131324e-01	-1.024672e+00	-6.362692e-01	
1  343.542	6.918145e+01	2.381479e+00	1.130296e-01	-1.045698e+00	-6.191027e-01	
4  343.728	6.859904e+01	2.365786e+00	1.099727e-01	-1.068524e+00	-6.366303e-01	
1  343.333	6.865172e+01	2.372559e+00	1.110083e-01	-1.063285e+00	-5.975340e-01	
1  343.566	6.897886e+01	2.365677e+00	1.098063e-01	-1.048589e+00	-5.783451e-01	
2  343.513	6.847911e+01	2.359765e+00	1.106032e-01	-1.059752e+00	-5.952958e-01	
3  348.719	6.703477e+01	2.355538e+00	1.108503e-01	-1.032988e+00	-5.408813e-01	
1  349.553	6.671085e+01	2.364516e+00	1.107515e-01	-1.003794e+00	-5.372098e-01	
1  348.032	6.710151e+01	2.381148e+00	1.096477e-01	-1.022783e+00	-5.606699e-01	
1  345.505	6.720859e+01	2.383450e+00	1.086860e-01	-9.744679e-01	-5.360479e-01	
1  346.425	6.824182e+01	2.372319e+00	1.081345e-01	-9.403721e-01	-4.945616e-01	
2  344.044	6.802328e+01	2.381245e+00	1.098856e-01	-9.667071e-01	-5.271602e-01	
1  343.95	6.819702e+01	2.365542e+00	1.082007e-01	-9.886801e-01	-5.521174e-01	
1  344.084	6.819117e+01	2.363709e+00	1.077791e-01	-9.816434e-01	-5.807201e-01	
1  343.653	6.875172e+01	2.364730e+00	1.078096e-01	-1.035864e+00	-6.272107e-01	
2  344.482	6.920865e+01	2.345578e+00	1.086160e-01	-1.036119e+00	-6.826416e-01	
1  344.379	6.926421e+01	2.368349e+00	1.081070e-01	-1.100277e+00	-6.908686e-01	
2  344.225	6.920753e+01	2.338679e+00	1.086297e-01	-1.049219e+00	-7.381375e-01	
1  344.892	6.915203e+01	2.334273e+00	1.099544e-01	-1.006791e+00	-7.275060e-01	
1  343.512	6.877739e+01	2.319056e+00	1.117220e-01	-1.060143e+00	-7.204325e-01	
1  346.253	6.793082e+01	2.306418e+00	1.111307e-01	-1.062399e+00	-7.692045e-01	
4  347.402	6.738377e+01	2.306187e+00	1.124565e-01	-1.037781e+00	-7.056775e-01	
3  345.311	6.793628e+01	2.293074e+00	1.134076e-01	-1.064647e+00	-6.716882e-01	
1  343.261	6.873785e+01	2.273876e+00	1.141616e-01	-1.059205e+00	-6.626999e-01	
1  343.379	6.873324e+01	2.259324e+00	1.137246e-01	-1.062217e+00	-6.622186e-01	
2  343.837	6.895942e+01	2.285523e+00	1.171506e-01	-1.014604e+00	-6.799870e-01	
2  345.04	6.928134e+01	2.280008e+00	1.190614e-01	-1.009802e+00	-7.048119e-01	
4  343.428	6.897195e+01	2.286762e+00	1.177135e-01	-1.025853e+00	-7.187744e-01	
1  342.996	6.838255e+01	2.291166e+00	1.192429e-01	-1.000532e+00	-7.374280e-01	
1  344.02	6.752799e+01	2.299980e+00	1.193222e-01	-9.591497e-01	-7.283366e-01	
1  343.702	6.781621e+01	2.315653e+00	1.176771e-01	-9.335302e-01	-7.564097e-01	
1  343.12	6.829612e+01	2.325506e+00	1.186454e-01	-9.745204e-01	-7.619680e-01	
1  343.261	6.872176e+01	2.342930e+00	1.181039e-01	-9.929648e-01	-7.530549e-01	
4  343.62	6.850829e+01	2.340957e+00	1.177873e-01	-9.652182e-01	-7.231540e-01	
1  344.812	6.742317e+01	2.353025e+00	1.176975e-01	-9.759684e-01	-7.058558e-01	
1  344.127	6.770407e+01	2.349317e+00	1.165449e-01	-9.910721e-01	-7.248271e-01	
2  343.799	6.774824e+01	2.362752e+00	1.132872e-01	-9.727484e-01	-7.751679e-01	
1  344.211	6.749757e+01	2.364801e+00	1.125378e-01	-9.302326e-01	-6.723291e-01	
3  344.957	6.731630e+01	2.389255e+00	1.111868e-01	-8.960799e-01	-6.718250e-01	
1  344.569	6.762862e+01	2.396211e+00	1.112607e-01	-9.066150e-01	-6.632550e-01	
1  343.423	6.822613e+01	2.371292e+00	1.116806e-01	-9.657140e-01	-6.963567e-01	
1  343.82	6.763251e+01	2.379744e+00	1.134172e-01	-9.600628e-01	-6.983069e-01	
2  344.076	6.756218e+01	2.374624e+00	1.110024e-01	-9.519481e-01	-6.560820e-01	
1  343.393	6.843669e+01	2.366769e+00	1.112197e-01	-9.763838e-01	-7.352510e-01	
1  343.289	6.864765e+01	2.353571e+00	1.108890e-01	-1.013814e+00	-7.143145e-01	
1  343.138	6.838626e+01	2.346265e+00	1.124332e-01	-1.013356e+00	-7.009636e-01	
8  343.691	6.839774e+01	2.354418e+00	1.136198e-01	-9.634740e-01	-6.890150e-01	
1  344.169	6.776423e+01	2.342268e+00	1.142329e-01	-1.005609e+00	-7.006827e-01	
1  343.07	6.824027e+01	2.328713e+00	1.161053e-01	-1.010266e+00	-6.830605e-01	
1  343.567	6.896890e+01	2.361874e+00	1.183590e-01	-1.007696e+00	-6.981924e-01	
2  346.235	6.962674e+01	2.349422e+00	1.179162e-01	-1.003274e+00	-7.488392e-01	
1  344.171	6.945769e+01	2.334864e+00	1.191449e-01	-1.039873e+00	-7.858370e-01	
1  343.947	6.905542e+01	2.340021e+00	1.192753e-01	-9.956823e-01	-7.761747e-01	
2  343.591	6.910457e+01	2.362117e+00	1.188558e-01	-1.012401e+00	-8.333764e-01	
1  343.37	6.898149e+01	2.351357e+00	1.190867e-01	-1.039984e+00	-8.045682e-01	
1  343.64	6.915085e+01	2.367771e+00	1.196416e-01	-1.040865e+00	-8.201008e-01	
3  343.71	6.851059e+01	2.372225e+00	1.201373e-01	-1.028342e+00	-7.998741e-01	
2  343.28	6.868612e+01	2.333052e+00	1.198838e-01	-9.891030e-01	-7.803750e-01	
1  343.343	6.823599e+01	2.339454e+00	1.205629e-01	-9.986985e-01	-7.944167e-01	
5  343.282	6.858172e+01	2.337858e+00	1.216789e-01	-1.016976e+00	-7.845476e-01	
2  343.347	6.835942e+01	2.368394e+00	1.214036e-01	-9.867348e-01	-7.780830e-01	
1  343.465	6.862553e+01	2.359798e+00	1.225588e-01	-1.006047e+00	-8.019194e-01	
3  343.756	6.819745e+01	2.352532e+00	1.239073e-01	-9.911346e-01	-7.699453e-01	
1  343.393	6.835213e+01	2.357859e+00	1.223181e-01	-9.920057e-01	-7.485638e-01	
2  343.596	6.879905e+01	2.355091e+00	1.218494e-01	-1.054823e+00	-7.081546e-01	
1  344.035	6.941730e+01	2.340579e+00	1.203435e-01	-1.099156e+00	-7.114727e-01	
3  346.031	7.027900e+01	2.354536e+00	1.183309e-01	-1.119135e+00	-7.025667e-01	
2  345.034	6.977301e+01	2.360883e+00	1.174255e-01	-1.059364e+00	-6.789683e-01	
1  345.398	6.947912e+01	2.336387e+00	1.171286e-01	-1.017206e+00	-6.733242e-01	
11  343.914	6.902640e+01	2.331085e+00	1.181752e-01	-1.009180e+00	-6.673193e-01	
1  343.811	6.833919e+01	2.310212e+00	1.183646e-01	-9.742263e-01	-5.989941e-01	
3  344.924	6.753133e+01	2.341346e+00	1.197431e-01	-9.154061e-01	-5.794659e-01	
1  346.543	6.822543e+01	2.344296e+00	1.221980e-01	-9.122939e-01	-5.750062e-01	
2  347.219	6.833471e+01	2.321496e+00	1.242324e-01	-9.174832e-01	-5.527422e-01	
8  346.133	6.765348e+01	2.300277e+00	1.225374e-01	-9.069694e-01	-5.340897e-01	
1  345.168	6.726718e+01	2.293626e+00	1.222985e-01	-9.383083e-01	-5.167906e-01	
1  345.281	6.732243e+01	2.302760e+00	1.239904e-01	-9.874703e-01	-5.546526e-01	
2  344.066	6.813000e+01	2.315997e+00	1.234089e-01	-9.664541e-01	-5.657827e-01	
4  343.358	6.856178e+01	2.335939e+00	1.223482e-01	-1.020348e+00	-5.296391e-01	
1  343.403	6.846953e+01	2.320081e+00	1.230714e-01	-1.017708e+00	-5.170815e-01	
4  343.103	6.861608e+01	2.308040e+00	1.215738e-01	-1.040191e+00	-5.208153e-01	
2  343.068	6.863707e+01	2.275546e+00	1.213746e-01	-1.072722e+00	-5.706724e-01	
3  343.238	6.916756e+01	2.265495e+00	1.198644e-01	-1.092966e+00	-5.878844e-01	
4  343.423	6.915487e+01	2.279143e+00	1.190096e-01	-1.070170e+00	-5.473133e-01	
3  343.34	6.898462e+01	2.284160e+00	1.208412e-01	-1.045216e+00	-6.050310e-01	
1  342.949	6.867640e+01	2.301679e+00	1.170535e-01	-1.057551e+00	-5.464761e-01	
1  343.235	6.881643e+01	2.314482e+00	1.171277e-01	-1.035925e+00	-5.578263e-01	
3  343.084	6.873164e+01	2.309781e+00	1.190084e-01	-1.084099e+00	-5.218799e-01	
1  343.137	6.871102e+01	2.314264e+00	1.189310e-01	-1.031647e+00	-5.547718e-01	
3  343.064	6.824662e+01	2.333046e+00	1.171282e-01	-1.026660e+00	-5.469742e-01	
3  343.206	6.907875e+01	2.346894e+00	1.186545e-01	-1.077747e+00	-5.649577e-01	
8  343.436	6.873879e+01	2.328066e+00	1.191596e-01	-1.100549e+00	-5.061709e-01	
4  344.261	6.969212e+01	2.340830e+00	1.164952e-01	-1.104047e+00	-4.917540e-01	
1  343.727	6.952172e+01	2.355832e+00	1.170623e-01	-1.111399e+00	-5.065795e-01	
1  344.649	6.855689e+01	2.338488e+00	1.169170e-01	-1.118092e+00	-5.349733e-01	
1  343.541	6.923683e+01	2.344832e+00	1.192411e-01	-1.103872e+00	-5.759948e-01	
2  343.767	6.948223e+01	2.369080e+00	1.176137e-01	-1.094795e+00	-5.880384e-01	
2  346.778	7.027913e+01	2.374678e+00	1.186767e-01	-1.090302e+00	-6.110456e-01	
1  344.285	6.947308e+01	2.393515e+00	1.165503e-01	-1.045558e+00	-6.127764e-01	
1  344.775	6.930017e+01	2.401137e+00	1.168603e-01	-1.010651e+00	-6.019271e-01	
1  345.452	6.917214e+01	2.419141e+00	1.180745e-01	-9.879377e-01	-5.577466e-01	
2  343.736	6.891299e+01	2.408557e+00	1.180758e-01	-1.009804e+00	-5.523381e-01	
2  343.212	6.867041e+01	2.435498e+00	1.177719e-01	-1.035748e+00	-5.686527e-01	
1  344.08	6.904591e+01	2.430433e+00	1.194257e-01	-1.012514e+00	-5.534712e-01	
1  343.669	6.885829e+01	2.440008e+00	1.209885e-01	-1.035649e+00	-5.532836e-01	
1  344.103	6.929155e+01	2.440829e+00	1.185933e-01	-1.039709e+00	-5.308255e-01	
1  344.098	6.872576e+01	2.440097e+00	1.166421e-01	-9.804222e-01	-5.317497e-01	
3  343.087	6.854671e+01	2.419171e+00	1.140746e-01	-1.006803e+00	-5.359633e-01	
1  343.743	6.817146e+01	2.428717e+00	1.139747e-01	-1.042248e+00	-5.484751e-01	
6  343.236	6.885074e+01	2.451180e+00	1.141325e-01	-1.020106e+00	-5.219683e-01	
1  343.38	6.843881e+01	2.450060e+00	1.165178e-01	-9.823388e-01	-5.511194e-01	
1  343.177	6.823525e+01	2.454288e+00	1.149453e-01	-9.903904e-01	-5.157747e-01	
1  343.776	6.832771e+01	2.442430e+00	1.137266e-01	-9.713985e-01	-4.756006e-01	
1  343.988	6.806488e+01	2.434557e+00	1.136762e-01	-9.604296e-01	-4.470471e-01	
2  344.648	6.893600e+01	2.404785e+00	1.107043e-01	-1.001025e+00	-5.016212e-01	
3  343.411	6.875378e+01	2.427517e+00	1.071753e-01	-1.039689e+00	-4.831987e-01	
3  343.546	6.838950e+01	2.427815e+00	1.083595e-01	-1.071567e+00	-4.119256e-01	
4  343.561	6.908429e+01	2.426529e+00	1.094911e-01	-1.121843e+00	-3.909932e-01	
2  343.338	6.897554e+01	2.421507e+00	1.081868e-01	-1.101953e+00	-3.398296e-01	
2  343.139	6.896193e+01	2.423211e+00	1.100060e-01	-1.093294e+00	-3.260723e-01	
1  343.265	6.870019e+01	2.435409e+00	1.102350e-01	-1.094465e+00	-3.650007e-01	
1  343.566	6.915101e+01	2.432941e+00	1.112644e-01	-1.072606e+00	-3.105518e-01	
3  343.66	6.877024e+01	2.421311e+00	1.070621e-01	-1.056600e+00	-3.177242e-01	
1  343.21	6.881158e+01	2.424357e+00	1.098424e-01	-1.095632e+00	-3.715376e-01	
1  343.28	6.908533e+01	2.442727e+00	1.088096e-01	-1.089367e+00	-4.097766e-01	
7  343.636	6.948406e+01	2.439778e+00	1.114594e-01	-1.112366e+00	-3.993924e-01	
7  343.604	6.946117e+01	2.436090e+00	1.123579e-01	-1.105714e+00	-3.641037e-01	
1  344.243	6.971151e+01	2.429314e+00	1.135512e-01	-1.112811e+00	-3.232923e-01	
1  343.51	6.942546e+01	2.427141e+00	1.126690e-01	-1.113765e+00	-3.221374e-01	
11  343.108	6.907860e+01	2.428157e+00	1.123359e-01	-1.093421e+00	-3.657502e-01	
3  343.271	6.923758e+01	2.429643e+00	1.124232e-01	-1.100837e+00	-3.916596e-01	
3  343.204	6.878065e+01	2.415117e+00	1.115127e-01	-1.101087e+00	-3.602483e-01	
1  343.82	6.930233e+01	2.389282e+00	1.088816e-01	-1.136431e+00	-3.780059e-01	
6  343.786	6.928894e+01	2.390339e+00	1.086738e-01	-1.097163e+00	-4.140369e-01	
1  345.782	6.811951e+01	2.377443e+00	1.076492e-01	-1.111291e+00	-4.052182e-01	
1  344.599	6.979362e+01	2.391164e+00	1.085396e-01	-1.159832e+00	-3.676046e-01	
1  344.749	6.957460e+01	2.384305e+00	1.088906e-01	-1.178187e+00	-3.952672e-01	
1  344.258	6.920251e+01	2.377748e+00	1.090867e-01	-1.151572e+00	-4.123269e-01	
1  344.355	6.911238e+01	2.373026e+00	1.078029e-01	-1.149095e+00	-3.960482e-01	
1  345.067	6.896770e+01	2.354479e+00	1.079056e-01	-1.171161e+00	-3.486957e-01	
1  344.89	6.869944e+01	2.354993e+00	1.081852e-01	-1.151717e+00	-3.420936e-01	
1  344.072	6.948324e+01	2.366508e+00	1.097553e-01	-1.116953e+00	-3.718630e-01	
1  345.039	6.981931e+01	2.362085e+00	1.112905e-01	-1.112529e+00	-3.977089e-01	
2  344.567	6.898830e+01	2.383157e+00	1.109115e-01	-1.156703e+00	-3.986677e-01	
3  343.751	6.949765e+01	2.395693e+00	1.114790e-01	-1.136976e+00	-3.836320e-01	
2  343.161	6.889554e+01	2.398256e+00	1.113321e-01	-1.074293e+00	-3.518560e-01	
1  343.289	6.858454e+01	2.403205e+00	1.095541e-01	-1.090183e+00	-3.270743e-01	
2  343.733	6.830631e+01	2.404934e+00	1.111231e-01	-1.085677e+00	-3.685212e-01	
1  343.651	6.939325e+01	2.408784e+00	1.096708e-01	-1.126302e+00	-3.531582e-01	
8  344.425	6.959885e+01	2.431981e+00	1.089455e-01	-1.096611e+00	-3.480112e-01	
1  344.344	6.914500e+01	2.437654e+00	1.052600e-01	-1.061934e+00	-3.583106e-01	
3  345.253	6.933664e+01	2.421482e+00	1.061921e-01	-1.053434e+00	-3.803966e-01	
1  344.562	6.909781e+01	2.415713e+00	1.064031e-01	-1.045966e+00	-4.003088e-01	
1  344.632	6.900989e+01	2.420668e+00	1.066824e-01	-1.036831e+00	-3.751050e-01	
7  344.488	6.842982e+01	2.437813e+00	1.080377e-01	-9.807085e-01	-4.170758e-01	
1  343.856	6.819625e+01	2.407168e+00	1.080004e-01	-9.970909e-01	-4.301865e-01	
2  343.575	6.798478e+01	2.414217e+00	1.103839e-01	-9.817733e-01	-4.834505e-01	
2  344.273	6.757765e+01	2.413551e+00	1.094385e-01	-9.917865e-01	-4.619300e-01	
3  344.016	6.822354e+01	2.402979e+00	1.111300e-01	-9.756993e-01	-4.584934e-01	
2  343.809	6.821762e+01	2.430765e+00	1.127100e-01	-9.705158e-01	-4.630005e-01	
4  344.514	6.811514e+01	2.437013e+00	1.137422e-01	-9.485185e-01	-4.444198e-01	
4  344.278	6.773353e+01	2.462135e+00	1.122618e-01	-9.488175e-01	-4.010081e-01	
2  343.953	6.768034e+01	2.464880e+00	1.104580e-01	-9.704057e-01	-3.981015e-01	
2  344.417	6.751075e+01	2.440633e+00	1.103992e-01	-9.958841e-01	-4.053935e-01	
3  344.795	6.766362e+01	2.433703e+00	1.079728e-01	-9.514587e-01	-3.932571e-01	
1  345.22	6.720016e+01	2.440526e+00	1.091169e-01	-9.408155e-01	-4.231171e-01	
1  346.084	6.697948e+01	2.453988e+00	1.088040e-01	-9.126548e-01	-4.161499e-01	
1  348.3	6.820059e+01	2.436168e+00	1.073682e-01	-9.064658e-01	-4.426161e-01	
1  348.528	6.808268e+01	2.446210e+00	1.048961e-01	-9.010628e-01	-4.443223e-01	
1  347.299	6.826916e+01	2.463828e+00	1.059109e-01	-9.210307e-01	-4.312482e-01	
1  345.85	6.754754e+01	2.475290e+00	1.037614e-01	-9.298800e-01	-3.720103e-01	
1  346.032	6.714140e+01	2.461342e+00	1.040713e-01	-9.792099e-01	-3.692366e-01	
3  346.048	6.711213e+01	2.470504e+00	1.045322e-01	-9.270974e-01	-3.894062e-01	
3  344.498	6.816404e+01	2.471369e+00	1.043916e-01	-9.758320e-01	-3.897197e-01	
1  344.698	6.822937e+01	2.454684e+00	1.020169e-01	-1.001221e+00	-3.601885e-01	
2  345.171	6.760161e+01	2.458211e+00	1.026319e-01	-9.781767e-01	-3.307410e-01	
2  345.768	6.743327e+01	2.449406e+00	1.038217e-01	-9.572627e-01	-3.039745e-01	
2  346.763	6.791625e+01	2.468309e+00	1.038962e-01	-9.291933e-01	-3.537126e-01	
7  344.661	6.766040e+01	2.475192e+00	1.039213e-01	-9.630886e-01	-3.986636e-01	
3  345.241	6.785197e+01	2.489530e+00	1.008403e-01	-9.598945e-01	-3.880653e-01	
4  345.062	6.739784e+01	2.498929e+00	1.036471e-01	-9.435223e-01	-4.080137e-01	
3  345.331	6.746964e+01	2.466608e+00	1.039872e-01	-9.253983e-01	-4.786746e-01	
1  345.671	6.726773e+01	2.498384e+00	1.018864e-01	-9.178986e-01	-4.874991e-01	
5  345.531	6.725416e+01	2.483046e+00	1.022160e-01	-9.315727e-01	-5.076353e-01	
1  345.911	6.787213e+01	2.465577e+00	1.046287e-01	-9.138281e-01	-4.986676e-01	
1  345	6.816979e+01	2.489821e+00	1.032335e-01	-9.353087e-01	-5.452032e-01	
5  344.126	6.787677e+01	2.482693e+00	1.026590e-01	-9.854453e-01	-5.104428e-01	
1  344.54	6.769076e+01	2.466740e+00	1.028449e-01	-9.838544e-01	-4.970672e-01	
1  344.16	6.850520e+01	2.478291e+00	1.024535e-01	-9.900864e-01	-5.286416e-01	
2  343.77	6.843752e+01	2.501745e+00	1.014648e-01	-1.007084e+00	-5.366322e-01	
3  343.906	6.809622e+01	2.504174e+00	1.032966e-01	-1.013825e+00	-5.664517e-01	
2  344.576	6.902375e+01	2.478587e+00	1.041073e-01	-1.001422e+00	-5.746056e-01	
1  343.34	6.882022e+01	2.489125e+00	1.064630e-01	-1.013014e+00	-5.766301e-01	
3  345.821	6.924153e+01	2.500034e+00	1.038494e-01	-9.896408e-01	-5.634971e-01	
2  344.795	6.947536e+01	2.525657e+00	1.042813e-01	-1.029045e+00	-5.663405e-01	
2  343.868	6.927263e+01	2.510766e+00	1.042480e-01	-1.055550e+00	-6.222196e-01	
2  343.367	6.853819e+01	2.520068e+00	1.032278e-01	-9.988704e-01	-6.151629e-01	
1  344.212	6.871265e+01	2.549276e+00	1.039496e-01	-1.058688e+00	-6.455771e-01	
1  344.304	6.900147e+01	2.541119e+00	1.039208e-01	-1.087469e+00	-5.849776e-01	
1  344.272	6.886009e+01	2.536019e+00	1.021895e-01	-1.071071e+00	-6.099356e-01	
1  344.964	6.899568e+01	2.527147e+00	1.027109e-01	-1.099358e+00	-6.060127e-01	
1  344.786	6.936881e+01	2.510440e+00	1.003724e-01	-1.093796e+00	-5.797345e-01	
1  346.218	6.887494e+01	2.508493e+00	1.018672e-01	-1.125815e+00	-5.617445e-01	
1  345.827	6.862132e+01	2.492438e+00	1.035160e-01	-1.095810e+00	-6.347856e-01	
1  344.855	6.965791e+01	2.488638e+00	1.039587e-01	-1.068680e+00	-6.082699e-01	
2  345.221	6.953522e+01	2.502527e+00	1.040833e-01	-1.025083e+00	-6.250635e-01	
1  344.249	6.899080e+01	2.484143e+00	1.042849e-01	-9.963383e-01	-6.386913e-01	
8  346.188	6.867722e+01	2.473846e+00	1.045804e-01	-9.397289e-01	-5.793720e-01	
3  344.092	6.789540e+01	2.469183e+00	1.039740e-01	-9.567964e-01	-5.668669e-01	
1  344.02	6.782251e+01	2.469477e+00	1.046743e-01	-9.504682e-01	-5.939002e-01	
1  344.334	6.783596e+01	2.483781e+00	1.048175e-01	-9.215861e-01	-6.226912e-01	
1  345.415	6.717116e+01	2.472289e+00	1.043257e-01	-9.361894e-01	-6.033106e-01	
5  344.881	6.751219e+01	2.472831e+00	1.053984e-01	-9.014404e-01	-6.206318e-01	
1  345.118	6.720007e+01	2.473053e+00	1.061277e-01	-9.382183e-01	-5.762937e-01	
4  346.071	6.776615e+01	2.481603e+00	1.042379e-01	-8.882619e-01	-5.829902e-01	
3  344.945	6.744884e+01	2.477207e+00	1.022392e-01	-9.458422e-01	-6.242101e-01	
1  345.347	6.727252e+01	2.497567e+00	1.014891e-01	-9.193372e-01	-6.085538e-01	
4  344.866	6.744127e+01	2.491543e+00	1.019987e-01	-9.245518e-01	-6.467112e-01	
1  344.995	6.749468e+01	2.487912e+00	1.049091e-01	-8.806180e-01	-6.948571e-01	
2  346.238	6.689872e+01	2.480495e+00	1.035489e-01	-8.548231e-01	-7.467013e-01	
1  345.683	6.706168e+01	2.481986e+00	1.027430e-01	-8.972060e-01	-7.428716e-01	
3  345.165	6.735617e+01	2.460108e+00	1.027270e-01	-8.984849e-01	-7.444541e-01	
1  346.91	6.859878e+01	2.459243e+00	1.014484e-01	-9.051463e-01	-8.030381e-01	
2  344.267	6.787085e+01	2.439233e+00	1.031191e-01	-9.439849e-01	-8.140745e-01	
1  343.61	6.840822e+01	2.455703e+00	1.043618e-01	-9.796188e-01	-7.743305e-01	
2  343.745	6.872024e+01	2.473068e+00	1.041266e-01	-9.827849e-01	-7.613656e-01	
3  343.745	6.830513e+01	2.480330e+00	1.030133e-01	-9.551267e-01	-8.055029e-01	
3  344.598	6.802737e+01	2.478702e+00	1.037576e-01	-9.941649e-01	-8.176630e-01	
1  344.222	6.830975e+01	2.470212e+00	1.043445e-01	-1.009460e+00	-8.155357e-01	
2  343.675	6.829937e+01	2.472856e+00	1.045865e-01	-9.801701e-01	-8.436071e-01	
1  345.059	6.799799e+01	2.459909e+00	1.050004e-01	-9.964544e-01	-8.898510e-01	
1  344.669	6.806410e+01	2.472971e+00	1.049821e-01	-9.926012e-01	-8.829563e-01	
3  343.924	6.862809e+01	2.469102e+00	1.034903e-01	-9.986590e-01	-8.757109e-01	
3  344.414	6.912513e+01	2.444128e+00	1.046198e-01	-9.977139e-01	-8.380033e-01	
3  344.44	6.895798e+01	2.451358e+00	1.023307e-01	-1.030356e+00	-8.278722e-01	
1  344.992	6.828915e+01	2.435381e+00	1.026015e-01	-1.019537e+00	-8.379929e-01	
2  345.261	6.816472e+01	2.420494e+00	1.036654e-01	-1.025338e+00	-8.178049e-01	
1  345.299	6.862244e+01	2.400408e+00	1.035102e-01	-1.050164e+00	-8.653493e-01	
1  344.523	6.892673e+01	2.405349e+00	1.042701e-01	-1.033917e+00	-8.928862e-01	
1  345.85	6.966147e+01	2.419270e+00	1.036839e-01	-1.074821e+00	-9.205526e-01	
2  346.327	6.910588e+01	2.428536e+00	1.026040e-01	-1.080784e+00	-9.361950e-01	
1  346.764	6.923125e+01	2.417946e+00	1.020514e-01	-1.085356e+00	-9.749982e-01	
1  347.447	6.871695e+01	2.402910e+00	1.016735e-01	-1.064079e+00	-1.029997e+00	
3  347.496	6.878664e+01	2.426416e+00	1.028241e-01	-1.072528e+00	-1.023285e+00	
2  346.43	6.863186e+01	2.405122e+00	1.021908e-01	-1.043571e+00	-1.018747e+00	
1  347.206	6.857268e+01	2.382613e+00	1.008158e-01	-1.035839e+00	-1.093386e+00	
2  346.137	6.906193e+01	2.392033e+00	9.947348e-02	-1.005103e+00	-1.037084e+00	
1  346.574	6.854314e+01	2.377568e+00	9.983894e-02	-1.017425e+00	-1.061161e+00	
5  347.08	6.852833e+01	2.371371e+00	9.958097e-02	-1.023448e+00	-1.082365e+00	
1  347.667	6.823935e+01	2.364496e+00	9.974319e-02	-1.016272e+00	-1.092820e+00	
3  347.31	6.882445e+01	2.346892e+00	9.795911e-02	-1.001767e+00	-1.146482e+00	
5  347.6	6.861231e+01	2.343600e+00	9.661025e-02	-9.721577e-01	-1.145448e+00	
4  347.705	6.871902e+01	2.330436e+00	9.718759e-02	-9.897597e-01	-1.151457e+00	
2  349.673	6.889186e+01	2.316465e+00	9.788460e-02	-9.180976e-01	-1.137437e+00	
1  348.511	6.878513e+01	2.314996e+00	9.783945e-02	-9.386078e-01	-1.116795e+00	
5  347.808	6.819067e+01	2.342411e+00	9.606171e-02	-9.599656e-01	-1.119955e+00	
3  348.01	6.824240e+01	2.337025e+00	9.576349e-02	-9.345026e-01	-1.113508e+00	
2  347.869	6.835137e+01	2.333390e+00	9.731078e-02	-9.124517e-01	-1.138334e+00	
1  347.687	6.756562e+01	2.373057e+00	9.760981e-02	-9.293860e-01	-1.149511e+00	
1  346.433	6.782844e+01	2.368675e+00	9.922024e-02	-8.784773e-01	-1.162501e+00	
1  345.272	6.795511e+01	2.365263e+00	1.021092e-01	-9.013945e-01	-1.166816e+00	
1  346.306	6.753264e+01	2.348203e+00	1.011066e-01	-9.047714e-01	-1.146982e+00	
2  345.068	6.828700e+01	2.347839e+00	1.031650e-01	-9.498222e-01	-1.142589e+00	
2  345.032	6.855506e+01	2.337445e+00	1.042270e-01	-9.383412e-01	-1.185014e+00	
2  344.743	6.852454e+01	2.316694e+00	1.073082e-01	-9.117684e-01	-1.262961e+00	
1  344.879	6.825710e+01	2.330302e+00	1.079345e-01	-8.723042e-01	-1.255948e+00	
1  344.293	6.801122e+01	2.352708e+00	1.069670e-01	-8.870025e-01	-1.233286e+00	
4  344.305	6.842269e+01	2.365051e+00	1.061868e-01	-9.188349e-01	-1.226439e+00	
3  344.404	6.841795e+01	2.346066e+00	1.067318e-01	-9.143459e-01	-1.216615e+00	
2  345.045	6.757467e+01	2.367039e+00	1.048450e-01	-8.909294e-01	-1.204340e+00	
1  344.842	6.804653e+01	2.379194e+00	1.038472e-01	-8.861002e-01	-1.155636e+00	
1  344.412	6.859105e+01	2.394561e+00	1.048055e-01	-9.319714e-01	-1.189180e+00	
3  343.848	6.825068e+01	2.385544e+00	1.085729e-01	-8.978793e-01	-1.150749e+00	
5  344.001	6.809720e+01	2.410593e+00	1.108190e-01	-9.519640e-01	-1.120340e+00	
1  344.087	6.808251e+01	2.400096e+00	1.142354e-01	-9.574225e-01	-1.112533e+00	
2  344.167	6.843551e+01	2.417175e+00	1.154584e-01	-9.858581e-01	-1.082726e+00	
1  344.112	6.811610e+01	2.393265e+00	1.138699e-01	-9.757551e-01	-1.041090e+00	
4  343.796	6.907762e+01	2.397029e+00	1.159394e-01	-9.741436e-01	-1.013428e+00	
1  343.906	6.913743e+01	2.401626e+00	1.146089e-01	-9.765807e-01	-9.956567e-01	
5  343.703	6.905360e+01	2.376288e+00	1.138967e-01	-9.890131e-01	-1.065302e+00	
4  344.64	6.953239e+01	2.398165e+00	1.136956e-01	-1.011079e+00	-1.075337e+00	
5  344.857	6.951184e+01	2.426730e+00	1.129232e-01	-1.030807e+00	-1.102958e+00	
4  345.118	6.909400e+01	2.431338e+00	1.121284e-01	-1.035886e+00	-1.120381e+00	
1  345.374	6.907916e+01	2.425149e+00	1.118849e-01	-1.047406e+00	-1.098841e+00	
1  346.488	6.848249e+01	2.420733e+00	1.110684e-01	-1.034458e+00	-1.112140e+00	
1  345.508	6.821117e+01	2.402918e+00	1.113650e-01	-9.874260e-01	-1.192389e+00	
5  344.932	6.863387e+01	2.426063e+00	1.111515e-01	-9.878233e-01	-1.245229e+00	
2  343.769	6.863046e+01	2.439311e+00	1.114291e-01	-9.384011e-01	-1.261631e+00	
1  343.605	6.858120e+01	2.435221e+00	1.133894e-01	-9.039059e-01	-1.267195e+00	
7  343.752	6.843639e+01	2.433985e+00	1.122435e-01	-8.721065e-01	-1.319565e+00	
3  344.497	6.803891e+01	2.421813e+00	1.144635e-01	-9.198771e-01	-1.328003e+00	
1  345.594	6.742555e+01	2.416822e+00	1.133112e-01	-8.844567e-01	-1.367923e+00	
2  345.575	6.772178e+01	2.415065e+00	1.111543e-01	-9.134300e-01	-1.374757e+00	
2  347.125	6.779165e+01	2.409448e+00	1.091808e-01	-9.519990e-01	-1.350546e+00	
1  346.806	6.823704e+01	2.365888e+00	1.076493e-01	-9.842960e-01	-1.361144e+00	
1  346.334	6.800275e+01	2.366005e+00	1.093780e-01	-9.534827e-01	-1.405960e+00	
4  344.904	6.895426e+01	2.381837e+00	1.084401e-01	-9.037525e-01	-1.401858e+00	
2  345.421	6.940049e+01	2.388800e+00	1.096762e-01	-9.464509e-01	-1.409841e+00	
4  345.217	6.814642e+01	2.375812e+00	1.099354e-01	-9.448372e-01	-1.383243e+00	
3  345.432	6.807879e+01	2.350352e+00	1.094905e-01	-9.464215e-01	-1.387244e+00	
2  344.695	6.883325e+01	2.345185e+00	1.091006e-01	-9.079718e-01	-1.450944e+00	
1  344.487	6.825949e+01	2.322182e+00	1.085024e-01	-8.707393e-01	-1.464379e+00	
3  344.156	6.816398e+01	2.302642e+00	1.109506e-01	-9.039023e-01	-1.437872e+00	
2  344.629	6.861809e+01	2.310330e+00	1.127638e-01	-8.710616e-01	-1.444716e+00	
1  344.957	6.775477e+01	2.315602e+00	1.129346e-01	-9.065242e-01	-1.450956e+00	
1  343.878	6.822081e+01	2.316568e+00	1.118218e-01	-9.018274e-01	-1.406247e+00	
1  344.182	6.772366e+01	2.315126e+00	1.134461e-01	-8.860529e-01	-1.398911e+00	
1  344.24	6.806524e+01	2.316435e+00	1.145171e-01	-9.312846e-01	-1.362294e+00	
2  345.316	6.735710e+01	2.318051e+00	1.147047e-01	-8.858372e-01	-1.392090e+00	
1  345.198	6.709910e+01	2.331397e+00	1.143119e-01	-8.466523e-01	-1.373492e+00	
6  344.024	6.757761e+01	2.364371e+00	1.133536e-01	-8.231265e-01	-1.407744e+00	
1  344.029	6.783870e+01	2.370524e+00	1.140798e-01	-8.202121e-01	-1.404017e+00	
6  344.026	6.751867e+01	2.368785e+00	1.156987e-01	-8.258093e-01	-1.404177e+00	
2  344.422	6.805310e+01	2.348433e+00	1.158172e-01	-8.287235e-01	-1.326391e+00	
1  344.485	6.826438e+01	2.353553e+00	1.152598e-01	-8.389046e-01	-1.341104e+00	
1  343.945	6.762037e+01	2.368013e+00	1.161877e-01	-8.616036e-01	-1.339753e+00	
3  343.718	6.774765e+01	2.350905e+00	1.173388e-01	-8.654893e-01	-1.326813e+00	
3  344.979	6.720700e+01	2.369192e+00	1.202576e-01	-8.357328e-01	-1.341359e+00	
3  344.221	6.765800e+01	2.355108e+00	1.224339e-01	-8.508176e-01	-1.326752e+00	
2  344.497	6.753995e+01	2.369308e+00	1.219777e-01	-8.549588e-01	-1.321045e+00	
1  344.872	6.734109e+01	2.367895e+00	1.231096e-01	-8.183512e-01	-1.326179e+00	
1  344.64	6.794216e+01	2.397337e+00	1.243569e-01	-8.445341e-01	-1.307554e+00	
1  345.455	6.736667e+01	2.395665e+00	1.252504e-01	-8.345942e-01	-1.278636e+00	
1  346.473	6.723253e+01	2.409383e+00	1.270407e-01	-7.785240e-01	-1.301474e+00	
2  345.739	6.781045e+01	2.438300e+00	1.255288e-01	-8.037185e-01	-1.319287e+00	
1  346.114	6.733167e+01	2.444740e+00	1.257719e-01	-8.041787e-01	-1.310100e+00	
1  345.637	6.844267e+01	2.425278e+00	1.253710e-01	-8.392676e-01	-1.354749e+00	
2  344.983	6.773749e+01	2.417184e+00	1.237324e-01	-8.102507e-01	-1.385335e+00	
4  346.204	6.699493e+01	2.424818e+00	1.223704e-01	-8.099966e-01	-1.351831e+00	
2  344.187	6.821271e+01	2.419126e+00	1.201052e-01	-8.912330e-01	-1.363586e+00	
1  344.004	6.828168e+01	2.392460e+00	1.212857e-01	-8.737583e-01	-1.337895e+00	
1  345.674	6.790850e+01	2.386410e+00	1.234381e-01	-9.205036e-01	-1.338466e+00	
1  345.596	6.769627e+01	2.371841e+00	1.223150e-01	-9.046518e-01	-1.364961e+00	
2  346.155	6.707494e+01	2.383661e+00	1.192041e-01	-8.567162e-01	-1.350050e+00	
2  346.978	6.828048e+01	2.360270e+00	1.171911e-01	-7.947479e-01	-1.308185e+00	
2  346.521	6.826475e+01	2.344052e+00	1.173169e-01	-7.987043e-01	-1.341561e+00	
1  344.853	6.765417e+01	2.335474e+00	1.162540e-01	-7.952449e-01	-1.356505e+00	
2  344.477	6.794476e+01	2.344016e+00	1.172051e-01	-8.195365e-01	-1.336337e+00	
2  344.067	6.773018e+01	2.365626e+00	1.161677e-01	-8.246176e-01	-1.309101e+00	
1  344.11	6.783804e+01	2.350547e+00	1.167360e-01	-8.212484e-01	-1.371545e+00	
1  343.718	6.774750e+01	2.349126e+00	1.177948e-01	-8.576363e-01	-1.332601e+00	
1  343.539	6.811029e+01	2.340087e+00	1.167889e-01	-8.789466e-01	-1.391704e+00	
2  343.729	6.860660e+01	2.332195e+00	1.163484e-01	-9.091159e-01	-1.416422e+00	
1  343.529	6.825373e+01	2.317168e+00	1.170792e-01	-8.973895e-01	-1.397855e+00	
1  343.855	6.769407e+01	2.361202e+00	1.169080e-01	-8.434965e-01	-1.418478e+00	
1  344.414	6.821474e+01	2.371897e+00	1.189330e-01	-8.315264e-01	-1.368427e+00	
1  343.955	6.799551e+01	2.386903e+00	1.197530e-01	-8.430769e-01	-1.353313e+00	
6  344.276	6.847591e+01	2.393399e+00	1.196691e-01	-8.569457e-01	-1.392838e+00	
3  344.081	6.784125e+01	2.390028e+00	1.190221e-01	-8.666072e-01	-1.397095e+00	
3  345.455	6.915238e+01	2.413802e+00	1.186124e-01	-8.819778e-01	-1.474877e+00	
2  345.515	6.908352e+01	2.415796e+00	1.191247e-01	-8.701536e-01	-1.495444e+00	
1  344.376	6.851841e+01	2.414519e+00	1.192301e-01	-8.805229e-01	-1.532334e+00	
1  345.063	6.897047e+01	2.410220e+00	1.190898e-01	-9.283067e-01	-1.534203e+00	
1  344.585	6.799673e+01	2.430836e+00	1.185924e-01	-8.640041e-01	-1.516443e+00	
2  344.254	6.825801e+01	2.432548e+00	1.193543e-01	-8.405365e-01	-1.476918e+00	
1  344.391	6.837930e+01	2.421301e+00	1.186518e-01	-8.845998e-01	-1.514847e+00	
5  344.726	6.876986e+01	2.433506e+00	1.197293e-01	-8.916203e-01	-1.510984e+00	
1  345.145	6.896755e+01	2.442324e+00	1.196996e-01	-9.138621e-01	-1.510358e+00	
3  345.188	6.893012e+01	2.440886e+00	1.197810e-01	-9.178823e-01	-1.514299e+00	
1  345.21	6.839981e+01	2.453055e+00	1.190302e-01	-9.122678e-01	-1.469450e+00	
5  345.467	6.887742e+01	2.483338e+00	1.200340e-01	-9.162654e-01	-1.468427e+00	
3  348.679	6.837650e+01	2.481830e+00	1.202931e-01	-9.633919e-01	-1.473800e+00	
4  347.446	6.841625e+01	2.489585e+00	1.194215e-01	-9.479382e-01	-1.465514e+00	
1  347.729	6.847590e+01	2.489125e+00	1.214939e-01	-9.518191e-01	-1.448594e+00	
2  349.467	6.810887e+01	2.487775e+00	1.215041e-01	-9.549077e-01	-1.441519e+00	
1  349.527	6.806180e+01	2.505280e+00	1.230583e-01	-9.419141e-01	-1.428209e+00	
2  346.856	6.828115e+01	2.501168e+00	1.243720e-01	-9.047653e-01	-1.412969e+00	
2  347.975	6.867152e+01	2.523033e+00	1.266448e-01	-9.306553e-01	-1.386470e+00	
1  350.386	6.808679e+01	2.518154e+00	1.260631e-01	-9.447437e-01	-1.383913e+00	
2  348.864	6.982404e+01	2.504507e+00	1.262850e-01	-9.410879e-01	-1.343094e+00	
2  348.363	6.972940e+01	2.501262e+00	1.256051e-01	-9.347681e-01	-1.355341e+00	
6  347.103	6.933938e+01	2.489347e+00	1.245380e-01	-9.006232e-01	-1.342779e+00	
2  345.864	6.859306e+01	2.519749e+00	1.235193e-01	-9.169601e-01	-1.256576e+00	
1  345.111	6.854278e+01	2.516982e+00	1.220469e-01	-8.953612e-01	-1.219091e+00	
1  345.567	6.859838e+01	2.537693e+00	1.209680e-01	-8.545346e-01	-1.229146e+00	
5  345.186	6.863904e+01	2.544193e+00	1.202596e-01	-8.738480e-01	-1.231642e+00	
3  345.487	6.856609e+01	2.572785e+00	1.200329e-01	-8.551300e-01	-1.256351e+00	
1  345.381	6.808660e+01	2.570820e+00	1.199176e-01	-8.177025e-01	-1.282524e+00	
1  346.732	6.836954e+01	2.594138e+00	1.209451e-01	-7.976569e-01	-1.309959e+00	
2  345.83	6.781768e+01	2.600895e+00	1.201779e-01	-8.138384e-01	-1.326898e+00	
1  346.315	6.842640e+01	2.597114e+00	1.186877e-01	-7.964905e-01	-1.342990e+00	
1  345.906	6.821846e+01	2.597096e+00	1.201123e-01	-8.069376e-01	-1.337572e+00	
1  346.241	6.847696e+01	2.597585e+00	1.216618e-01	-8.363923e-01	-1.326799e+00	
1  346.098	6.822362e+01	2.582160e+00	1.223382e-01	-8.306206e-01	-1.343986e+00	
1  346.09	6.828438e+01	2.584141e+00	1.220960e-01	-8.279767e-01	-1.315693e+00	
1  347.59	6.783707e+01	2.578461e+00	1.241000e-01	-8.705018e-01	-1.291498e+00	
3  347.607	6.748595e+01	2.589766e+00	1.252486e-01	-7.828039e-01	-1.300735e+00	
1  347.985	6.728572e+01	2.608828e+00	1.238955e-01	-7.851908e-01	-1.352431e+00	
1  347.264	6.838466e+01	2.607975e+00	1.244142e-01	-8.229919e-01	-1.311435e+00	
1  347.846	6.798161e+01	2.611004e+00	1.244834e-01	-7.679498e-01	-1.348652e+00	
3  347.599	6.829211e+01	2.602802e+00	1.250432e-01	-8.013308e-01	-1.370834e+00	
4  347.587	6.846189e+01	2.625123e+00	1.243650e-01	-8.218763e-01	-1.355522e+00	
1  346.621	6.818971e+01	2.605544e+00	1.224627e-01	-8.550956e-01	-1.333649e+00	
3  346.261	6.817468e+01	2.588688e+00	1.223444e-01	-8.608701e-01	-1.298128e+00	
1  346.285	6.832957e+01	2.588686e+00	1.222969e-01	-8.251143e-01	-1.306722e+00	
2  346.292	6.867919e+01	2.567305e+00	1.220726e-01	-8.455524e-01	-1.320817e+00	
2  346.057	6.816133e+01	2.562820e+00	1.231488e-01	-8.468851e-01	-1.321000e+00	
1  347.186	6.810479e+01	2.560701e+00	1.261399e-01	-8.683536e-01	-1.281077e+00	
1  346.897	6.840232e+01	2.558537e+00	1.253646e-01	-8.299939e-01	-1.326778e+00	
2  346.487	6.839963e+01	2.559868e+00	1.238359e-01	-8.324322e-01	-1.253988e+00	
4  347.874	6.897587e+01	2.547362e+00	1.244040e-01	-8.541775e-01	-1.184200e+00	
1  346.465	6.819607e+01	2.554533e+00	1.245597e-01	-8.323042e-01	-1.179941e+00	
1  346.435	6.812769e+01	2.565395e+00	1.247278e-01	-8.738265e-01	-1.173154e+00	
3  346.719	6.764942e+01	2.577004e+00	1.233390e-01	-8.498587e-01	-1.180796e+00	
1  346.776	6.712799e+01	2.573547e+00	1.210888e-01	-8.035128e-01	-1.181762e+00	
3  345.589	6.773903e+01	2.556450e+00	1.215125e-01	-8.267933e-01	-1.202190e+00	
2  345.336	6.813847e+01	2.553258e+00	1.209263e-01	-8.320858e-01	-1.255875e+00	
9  346.14	6.835548e+01	2.540103e+00	1.223656e-01	-8.170554e-01	-1.304179e+00	
4  346.088	6.855526e+01	2.515001e+00	1.207964e-01	-8.202148e-01	-1.326947e+00	
2  345.933	6.865390e+01	2.520008e+00	1.202999e-01	-8.358545e-01	-1.283202e+00	
2  345.003	6.735620e+01	2.513661e+00	1.177145e-01	-8.124230e-01	-1.282052e+00	
1  345.608	6.843203e+01	2.495470e+00	1.179906e-01	-8.178753e-01	-1.272641e+00	
1  346.619	6.776670e+01	2.479844e+00	1.180205e-01	-7.624128e-01	-1.232422e+00	
1  346.386	6.800875e+01	2.478259e+00	1.171842e-01	-7.755857e-01	-1.257914e+00	
2  344.899	6.802236e+01	2.504190e+00	1.204789e-01	-8.284902e-01	-1.233112e+00	
4  345.448	6.828573e+01	2.509746e+00	1.211964e-01	-8.286170e-01	-1.237365e+00	
2  344.608	6.791898e+01	2.510657e+00	1.196177e-01	-8.409179e-01	-1.263178e+00	
2  344.363	6.842238e+01	2.506265e+00	1.188933e-01	-8.745441e-01	-1.215370e+00	
2  344.526	6.831736e+01	2.507234e+00	1.190777e-01	-9.158489e-01	-1.179825e+00	
2  344.915	6.783462e+01	2.501263e+00	1.189739e-01	-9.014046e-01	-1.143444e+00	
1  344.42	6.872851e+01	2.534293e+00	1.174036e-01	-9.330653e-01	-1.147224e+00	
4  344.009	6.826124e+01	2.537865e+00	1.169314e-01	-8.928943e-01	-1.086938e+00	
1  343.881	6.856033e+01	2.518246e+00	1.161864e-01	-9.066493e-01	-1.099113e+00	
1  343.983	6.806964e+01	2.510824e+00	1.128604e-01	-9.343828e-01	-1.058436e+00	
1  345.614	6.780857e+01	2.490560e+00	1.132654e-01	-9.550436e-01	-1.071854e+00	
1  343.871	6.867735e+01	2.498710e+00	1.116391e-01	-9.062238e-01	-1.023559e+00	
1  344.217	6.800700e+01	2.495731e+00	1.120717e-01	-9.491224e-01	-1.025086e+00	
3  343.454	6.794227e+01	2.480516e+00	1.126337e-01	-9.205255e-01	-9.760655e-01	
2  344.014	6.761608e+01	2.494924e+00	1.110592e-01	-9.175146e-01	-9.260253e-01	
2  343.844	6.755629e+01	2.496991e+00	1.117919e-01	-8.905742e-01	-9.188885e-01	
1  344.78	6.722004e+01	2.496350e+00	1.124958e-01	-8.315184e-01	-9.314933e-01	
2  345.226	6.700036e+01	2.484354e+00	1.125915e-01	-8.258918e-01	-9.310758e-01	
4  346.407	6.685899e+01	2.505982e+00	1.105741e-01	-7.851637e-01	-9.154359e-01	
2  345.034	6.714989e+01	2.492698e+00	1.089322e-01	-8.133976e-01	-9.964702e-01	
1  344.834	6.758957e+01	2.489875e+00	1.089742e-01	-8.113797e-01	-1.071880e+00	
3  344.62	6.719817e+01	2.491366e+00	1.078360e-01	-8.486966e-01	-1.096864e+00	
2  345.48	6.706236e+01	2.474593e+00	1.084200e-01	-7.960871e-01	-1.048020e+00	
2  348.279	6.618025e+01	2.479001e+00	1.101135e-01	-8.015261e-01	-1.049243e+00	
1  346.166	6.665280e+01	2.476907e+00	1.090454e-01	-7.913284e-01	-1.058350e+00	
1  346.418	6.741165e+01	2.494235e+00	1.090552e-01	-7.749900e-01	-1.051739e+00	
3  345.684	6.759639e+01	2.515120e+00	1.088709e-01	-8.003973e-01	-9.919565e-01	
1  345.142	6.701621e+01	2.516923e+00	1.100181e-01	-8.028276e-01	-1.034686e+00	
2  345.173	6.726848e+01	2.549332e+00	1.091090e-01	-8.866681e-01	-1.023523e+00	
1  344.168	6.769237e+01	2.537962e+00	1.107721e-01	-9.086757e-01	-1.010612e+00	
7  343.44	6.853056e+01	2.524128e+00	1.133507e-01	-9.467114e-01	-9.770975e-01	
1  343.36	6.834369e+01	2.516857e+00	1.139421e-01	-9.338357e-01	-9.409865e-01	
4  343.373	6.818022e+01	2.504809e+00	1.142826e-01	-9.169243e-01	-8.954669e-01	
3  343.531	6.831990e+01	2.504137e+00	1.155368e-01	-9.429068e-01	-9.438590e-01	
4  343.767	6.831912e+01	2.528272e+00	1.164837e-01	-9.165283e-01	-9.924255e-01	
1  344.077	6.782606e+01	2.535649e+00	1.162108e-01	-8.699448e-01	-9.819977e-01	
4  344.188	6.769787e+01	2.532093e+00	1.161521e-01	-8.774363e-01	-9.949784e-01	
4  343.792	6.805979e+01	2.532530e+00	1.157494e-01	-8.878012e-01	-9.948702e-01	
1  343.283	6.838917e+01	2.502524e+00	1.133446e-01	-9.313072e-01	-9.732663e-01	
4  343.223	6.841364e+01	2.511182e+00	1.104796e-01	-9.270391e-01	-1.007794e+00	
1  343.739	6.882607e+01	2.511259e+00	1.076050e-01	-9.852904e-01	-1.008373e+00	
3  344.032	6.796293e+01	2.494539e+00	1.070927e-01	-9.495202e-01	-9.799426e-01	
3  343.611	6.823043e+01	2.489292e+00	1.054811e-01	-9.494404e-01	-9.842281e-01	
1  343.938	6.794178e+01	2.502704e+00	1.047239e-01	-9.261832e-01	-1.035513e+00	
3  344.211	6.757438e+01	2.473356e+00	1.059064e-01	-8.853673e-01	-1.107571e+00	
1  343.997	6.820578e+01	2.477777e+00	1.056459e-01	-8.788615e-01	-1.069667e+00	
3  343.745	6.809412e+01	2.452996e+00	1.058935e-01	-8.955628e-01	-1.074201e+00	
2  343.474	6.807193e+01	2.445804e+00	1.098672e-01	-9.311110e-01	-1.053974e+00	
1  343.7	6.875204e+01	2.461447e+00	1.140511e-01	-9.277728e-01	-1.016757e+00	
2  343.959	6.823212e+01	2.451483e+00	1.134967e-01	-9.694790e-01	-1.025457e+00	
1  344.778	6.825938e+01	2.452507e+00	1.130921e-01	-9.949744e-01	-1.018171e+00	
1  343.383	6.847752e+01	2.465321e+00	1.130329e-01	-9.578025e-01	-1.023799e+00	
2  343.22	6.822463e+01	2.456170e+00	1.127725e-01	-9.161659e-01	-9.951491e-01	
2  343.393	6.826611e+01	2.468201e+00	1.142788e-01	-9.044764e-01	-1.003002e+00	
4  343.549	6.882298e+01	2.468764e+00	1.138258e-01	-9.468493e-01	-1.020180e+00	
1  343.47	6.885029e+01	2.455789e+00	1.127093e-01	-9.723218e-01	-1.022012e+00	
1  343.783	6.822911e+01	2.458661e+00	1.151811e-01	-9.602256e-01	-1.004765e+00	
2  345.463	6.779781e+01	2.440788e+00	1.138634e-01	-9.720586e-01	-1.017124e+00	
3  344.565	6.774074e+01	2.451068e+00	1.133268e-01	-9.469647e-01	-9.984261e-01	
3  343.463	6.816518e+01	2.452424e+00	1.150151e-01	-9.470804e-01	-9.775506e-01	
2  343.4	6.815545e+01	2.442875e+00	1.160879e-01	-9.306040e-01	-1.013309e+00	
1  343.451	6.848822e+01	2.434226e+00	1.175352e-01	-9.403694e-01	-1.046211e+00	
8  343.43	6.794943e+01	2.421476e+00	1.161486e-01	-9.066757e-01	-1.041025e+00	
2  344.242	6.738816e+01	2.427187e+00	1.164829e-01	-8.669943e-01	-1.037481e+00	
2  344.942	6.731870e+01	2.443943e+00	1.162727e-01	-8.873847e-01	-1.081811e+00	
1  344.536	6.733429e+01	2.444206e+00	1.142166e-01	-8.697770e-01	-1.140491e+00	
2  344.714	6.768727e+01	2.452698e+00	1.140919e-01	-8.112634e-01	-1.137664e+00	
4  346.204	6.842181e+01	2.443171e+00	1.136039e-01	-8.180874e-01	-1.204818e+00	
1  344.995	6.793304e+01	2.403585e+00	1.132361e-01	-8.122221e-01	-1.230963e+00	
3  346.03	6.787587e+01	2.411063e+00	1.096887e-01	-7.959425e-01	-1.217709e+00	
1  345.822	6.798828e+01	2.419745e+00	1.101117e-01	-8.040869e-01	-1.209755e+00	
2  344.225	6.800518e+01	2.425434e+00	1.121384e-01	-8.328899e-01	-1.229809e+00	
2  343.952	6.859227e+01	2.419243e+00	1.122806e-01	-8.876780e-01	-1.221943e+00	
5  344.29	6.841226e+01	2.404518e+00	1.105086e-01	-9.566363e-01	-1.265670e+00	
1  344.745	6.921264e+01	2.383460e+00	1.113245e-01	-9.427687e-01	-1.226331e+00	
1  345.149	6.911756e+01	2.367673e+00	1.135299e-01	-9.127801e-01	-1.238564e+00	
4  345.907	6.933381e+01	2.365769e+00	1.109613e-01	-9.211631e-01	-1.290640e+00	
7  344.239	6.886135e+01	2.344218e+00	1.110257e-01	-9.276510e-01	-1.323036e+00	
4  345.104	6.938418e+01	2.370361e+00	1.105938e-01	-9.640089e-01	-1.328348e+00	
1  345.202	6.947528e+01	2.407061e+00	1.107036e-01	-9.896902e-01	-1.310370e+00	
2  344.365	6.902244e+01	2.417838e+00	1.094468e-01	-9.497815e-01	-1.322340e+00	
1  346.584	6.949057e+01	2.426525e+00	1.089441e-01	-9.177684e-01	-1.259425e+00	
1  345.018	6.926893e+01	2.405409e+00	1.076072e-01	-9.544850e-01	-1.258675e+00	
1  345.372	6.959186e+01	2.428094e+00	1.099871e-01	-9.844434e-01	-1.262793e+00	
1  345.749	6.904142e+01	2.434781e+00	1.079686e-01	-1.010761e+00	-1.292698e+00	
1  345.305	6.954159e+01	2.444255e+00	1.088003e-01	-9.744152e-01	-1.246705e+00	
2  344.968	6.949650e+01	2.442118e+00	1.098605e-01	-9.922112e-01	-1.199030e+00	
1  345.102	6.955485e+01	2.471592e+00	1.111074e-01	-9.972900e-01	-1.196408e+00	
2  345.092	6.958907e+01	2.468407e+00	1.120852e-01	-9.878752e-01	-1.171575e+00	
1  345.489	6.964541e+01	2.451109e+00	1.125629e-01	-1.033674e+00	-1.161909e+00	
1  344.4	6.863433e+01	2.437131e+00	1.113915e-01	-9.903049e-01	-1.148829e+00	
1  344.331	6.857174e+01	2.437855e+00	1.122538e-01	-9.890477e-01	-1.126195e+00	
2  345.316	6.885345e+01	2.443946e+00	1.113051e-01	-1.032334e+00	-1.098120e+00	
2  343.822	6.893913e+01	2.428750e+00	1.116158e-01	-9.452018e-01	-1.093830e+00	
3  343.48	6.858130e+01	2.447577e+00	1.115992e-01	-9.205756e-01	-1.052044e+00	
4  343.364	6.855961e+01	2.433460e+00	1.119898e-01	-9.518042e-01	-1.092786e+00	
1  343.773	6.904966e+01	2.432288e+00	1.134835e-01	-9.667325e-01	-1.052979e+00	
1  344.238	6.926870e+01	2.429115e+00	1.150992e-01	-9.739322e-01	-1.054084e+00	
3  343.637	6.891866e+01	2.423980e+00	1.129476e-01	-9.621776e-01	-1.112691e+00	
1  344.402	6.928624e+01	2.410068e+00	1.099615e-01	-1.011857e+00	-1.098570e+00	
1  344.723	6.942512e+01	2.414108e+00	1.086327e-01	-1.008834e+00	-1.092178e+00	
1  344.314	6.887174e+01	2.413583e+00	1.105870e-01	-1.007529e+00	-1.119810e+00	
1  344.456	6.913050e+01	2.419343e+00	1.093737e-01	-1.008183e+00	-1.140623e+00	
2  345.168	6.940286e+01	2.421132e+00	1.097868e-01	-1.036936e+00	-1.142166e+00	
4  346.708	6.909915e+01	2.400558e+00	1.064906e-01	-1.071632e+00	-1.106805e+00	
7  346.466	6.979009e+01	2.394795e+00	1.059007e-01	-1.062719e+00	-1.128195e+00	
1  345.686	6.944915e+01	2.381208e+00	1.049973e-01	-9.990111e-01	-1.131643e+00	
1  346.159	6.945413e+01	2.378944e+00	1.045688e-01	-9.781617e-01	-1.143041e+00	
4  345.881	6.811153e+01	2.364956e+00	1.040633e-01	-9.739621e-01	-1.191749e+00	
1  345.478	6.841351e+01	2.368474e+00	1.054434e-01	-9.887657e-01	-1.209102e+00	
1  345.51	6.945088e+01	2.393375e+00	1.059190e-01	-1.001061e+00	-1.202605e+00	
1  345.512	6.922319e+01	2.401347e+00	1.069601e-01	-1.022569e+00	-1.226765e+00	
3  344.853	6.906515e+01	2.416768e+00	1.060435e-01	-9.973914e-01	-1.193817e+00	
1  343.692	6.866017e+01	2.397730e+00	1.100211e-01	-9.668904e-01	-1.138678e+00	
5  344.265	6.916973e+01	2.413783e+00	1.087443e-01	-9.789897e-01	-1.105886e+00	
2  344.19	6.857387e+01	2.407555e+00	1.067093e-01	-9.798766e-01	-1.111630e+00	
2  344.253	6.843733e+01	2.378679e+00	1.068859e-01	-9.595030e-01	-1.186150e+00	
2  344.972	6.823885e+01	2.386067e+00	1.045327e-01	-9.494385e-01	-1.244586e+00	
1  345.176	6.897830e+01	2.387002e+00	1.049402e-01	-9.341742e-01	-1.234002e+00	
4  345.548	6.821521e+01	2.387222e+00	1.027221e-01	-9.657124e-01	-1.187430e+00	
2  345.275	6.756315e+01	2.382995e+00	1.031992e-01	-8.932921e-01	-1.165894e+00	
2  345.333	6.765563e+01	2.368785e+00	1.043327e-01	-8.323008e-01	-1.299688e+00	
1  345.709	6.784045e+01	2.386789e+00	1.030288e-01	-8.290068e-01	-1.294168e+00	
4  345.034	6.826258e+01	2.406203e+00	1.034091e-01	-8.599104e-01	-1.342139e+00	
1  344.598	6.833858e+01	2.391086e+00	1.050821e-01	-8.770161e-01	-1.396499e+00	
1  344.301	6.800689e+01	2.389453e+00	1.061651e-01	-8.810005e-01	-1.360545e+00	
3  345.549	6.725048e+01	2.391260e+00	1.051436e-01	-8.423473e-01	-1.390124e+00	
2  344.307	6.822725e+01	2.376800e+00	1.065350e-01	-8.798408e-01	-1.366853e+00	
2  346.28	6.865703e+01	2.403903e+00	1.046457e-01	-8.458270e-01	-1.381403e+00	
3  346.161	6.733069e+01	2.397402e+00	1.021977e-01	-8.568158e-01	-1.388105e+00	
1  345.136	6.753962e+01	2.410661e+00	1.054507e-01	-8.697619e-01	-1.382808e+00	
1  344.063	6.792809e+01	2.440396e+00	1.073072e-01	-8.549263e-01	-1.438179e+00	
1  344.421	6.815824e+01	2.461550e+00	1.065269e-01	-8.173731e-01	-1.472615e+00	
5  344.679	6.852250e+01	2.467713e+00	1.048543e-01	-8.480852e-01	-1.472488e+00	
5  344.405	6.786437e+01	2.463744e+00	1.054017e-01	-8.332856e-01	-1.541496e+00	
1  346.548	6.804616e+01	2.464135e+00	1.045020e-01	-9.089734e-01	-1.565058e+00	
1  345.936	6.912219e+01	2.471736e+00	1.028261e-01	-9.210007e-01	-1.568714e+00	
3  347.886	6.982368e+01	2.472159e+00	1.048715e-01	-9.150960e-01	-1.583058e+00	
1  347.113	6.970640e+01	2.451801e+00	1.051645e-01	-9.328326e-01	-1.540454e+00	
1  345.886	6.945569e+01	2.439305e+00	1.071235e-01	-9.318210e-01	-1.464785e+00	
3  345.066	6.879967e+01	2.431368e+00	1.057609e-01	-8.704231e-01	-1.492105e+00	
1  345.011	6.889820e+01	2.443492e+00	1.077695e-01	-9.502948e-01	-1.439896e+00	
5  345.618	6.923193e+01	2.433637e+00	1.050152e-01	-9.481627e-01	-1.455359e+00	
3  345.703	6.898333e+01	2.462394e+00	1.044993e-01	-9.590455e-01	-1.452915e+00	
3  344.999	6.900246e+01	2.465939e+00	1.067330e-01	-9.375396e-01	-1.457652e+00	
3  344.488	6.878292e+01	2.446383e+00	1.061079e-01	-8.982276e-01	-1.398014e+00	
1  346.56	6.783295e+01	2.421610e+00	1.060692e-01	-9.267232e-01	-1.426275e+00	
5  345.774	6.773361e+01	2.417523e+00	1.059365e-01	-9.080258e-01	-1.392596e+00	
3  344.387	6.834309e+01	2.453275e+00	1.070281e-01	-9.225803e-01	-1.355352e+00	
3  345.251	6.847636e+01	2.444539e+00	1.068927e-01	-9.531792e-01	-1.375270e+00	
2  345.128	6.892867e+01	2.435217e+00	1.065999e-01	-9.641675e-01	-1.388546e+00	
1  346.349	6.969813e+01	2.452468e+00	1.057888e-01	-9.807753e-01	-1.370509e+00	
2  345.113	6.899479e+01	2.453484e+00	1.072512e-01	-9.827924e-01	-1.312489e+00	
7  344.735	6.913180e+01	2.465594e+00	1.062917e-01	-9.384972e-01	-1.317394e+00	
1  344.873	6.922466e+01	2.481285e+00	1.073142e-01	-9.340154e-01	-1.351793e+00	
3  344.801	6.910622e+01	2.497348e+00	1.090521e-01	-9.012513e-01	-1.276768e+00	
2  344.299	6.886462e+01	2.501974e+00	1.098035e-01	-8.879444e-01	-1.275275e+00	
2  343.829	6.841930e+01	2.511228e+00	1.119179e-01	-9.129147e-01	-1.258956e+00	
1  343.869	6.855957e+01	2.490490e+00	1.142328e-01	-9.172151e-01	-1.263236e+00	
1  343.938	6.840660e+01	2.464636e+00	1.137885e-01	-8.584279e-01	-1.281975e+00	
3  343.684	6.810598e+01	2.474943e+00	1.142408e-01	-8.774390e-01	-1.291124e+00	
3  344.27	6.799508e+01	2.480532e+00	1.132172e-01	-8.978573e-01	-1.309237e+00	
2  346.092	6.765800e+01	2.471290e+00	1.130552e-01	-9.143034e-01	-1.313628e+00	
2  345.836	6.809931e+01	2.465218e+00	1.129105e-01	-9.443788e-01	-1.337275e+00	
3  345.478	6.849236e+01	2.441377e+00	1.114911e-01	-9.632435e-01	-1.378360e+00	
2  346.051	6.838021e+01	2.424848e+00	1.122497e-01	-9.723639e-01	-1.372123e+00	
1  344.714	6.876955e+01	2.425915e+00	1.098738e-01	-9.764097e-01	-1.297402e+00	
1  343.906	6.873487e+01	2.420256e+00	1.102005e-01	-9.487701e-01	-1.262514e+00	
3  344.371	6.909120e+01	2.411766e+00	1.105836e-01	-9.378136e-01	-1.271988e+00	
3  344.573	6.906985e+01	2.438779e+00	1.092767e-01	-9.695196e-01	-1.303984e+00	
1  345.437	6.942425e+01	2.437919e+00	1.086929e-01	-9.950684e-01	-1.323809e+00	
1  345.85	6.979678e+01	2.417251e+00	1.112439e-01	-9.994619e-01	-1.247435e+00	
5  344.806	6.924585e+01	2.432221e+00	1.119449e-01	-1.005884e+00	-1.219959e+00	
1  345.278	6.871162e+01	2.396863e+00	1.105746e-01	-1.017968e+00	-1.179189e+00	
2  345.463	6.889650e+01	2.402152e+00	1.109023e-01	-1.038287e+00	-1.138720e+00	
1  344.394	6.922116e+01	2.386573e+00	1.118471e-01	-1.005567e+00	-1.173432e+00	
1  346.115	6.964107e+01	2.418524e+00	1.125117e-01	-9.472432e-01	-1.224624e+00	
1  344.682	6.856284e+01	2.439665e+00	1.130480e-01	-9.660538e-01	-1.284110e+00	
2  344.148	6.890312e+01	2.419719e+00	1.115416e-01	-9.745724e-01	-1.236728e+00	
1  344.577	6.934114e+01	2.424147e+00	1.123304e-01	-9.718339e-01	-1.226442e+00	
3  345.735	6.980397e+01	2.408727e+00	1.148013e-01	-1.029006e+00	-1.209416e+00	
2  345.347	6.948883e+01	2.406492e+00	1.157253e-01	-1.025987e+00	-1.231366e+00	
3  344.551	6.910537e+01	2.395821e+00	1.162455e-01	-9.967755e-01	-1.242784e+00	
1  345.769	6.945212e+01	2.385171e+00	1.150028e-01	-9.274554e-01	-1.289683e+00	
4  344.414	6.883778e+01	2.398060e+00	1.166857e-01	-8.899918e-01	-1.302853e+00	
3  343.57	6.812522e+01	2.390228e+00	1.170445e-01	-8.923943e-01	-1.299077e+00	
2  343.741	6.818421e+01	2.360516e+00	1.162276e-01	-8.595458e-01	-1.325455e+00	
2  343.49	6.801005e+01	2.338681e+00	1.163168e-01	-8.895948e-01	-1.313369e+00	
2  343.772	6.854671e+01	2.340186e+00	1.165701e-01	-8.907332e-01	-1.342317e+00	
2  343.9	6.830750e+01	2.356338e+00	1.159174e-01	-8.639026e-01	-1.306063e+00	
5  343.711	6.812838e+01	2.350498e+00	1.159707e-01	-8.669511e-01	-1.249100e+00	
1  343.928	6.816213e+01	2.369773e+00	1.161933e-01	-8.565756e-01	-1.249055e+00	
1  343.768	6.816400e+01	2.361432e+00	1.187784e-01	-8.667002e-01	-1.249779e+00	
1  343.594	6.801479e+01	2.361103e+00	1.181455e-01	-8.677346e-01	-1.265488e+00	
1  344.928	6.846550e+01	2.344148e+00	1.183178e-01	-8.573778e-01	-1.227570e+00	
1  344.071	6.742395e+01	2.339363e+00	1.173564e-01	-8.542836e-01	-1.241332e+00	
1  344.19	6.767348e+01	2.353536e+00	1.177403e-01	-8.993285e-01	-1.262156e+00	
3  344.14	6.745588e+01	2.371026e+00	1.168963e-01	-8.564239e-01	-1.277835e+00	
1  345.527	6.694675e+01	2.365609e+00	1.165584e-01	-8.418145e-01	-1.272809e+00	
2  345.437	6.688801e+01	2.365541e+00	1.152884e-01	-8.279410e-01	-1.263676e+00	
2  344.823	6.726294e+01	2.357362e+00	1.155924e-01	-8.629619e-01	-1.311128e+00	
1  343.602	6.807906e+01	2.367820e+00	1.131596e-01	-8.694227e-01	-1.373781e+00	
1  343.847	6.788082e+01	2.395987e+00	1.133357e-01	-8.871433e-01	-1.332736e+00	
1  343.81	6.807291e+01	2.408091e+00	1.132123e-01	-8.899124e-01	-1.379936e+00	
1  344.122	6.829204e+01	2.399346e+00	1.148117e-01	-9.304040e-01	-1.337929e+00	
1  344.29	6.867172e+01	2.420665e+00	1.165235e-01	-9.527597e-01	-1.306555e+00	
2  344.447	6.859971e+01	2.402999e+00	1.183189e-01	-9.737640e-01	-1.222840e+00	
1  344.558	6.923374e+01	2.390655e+00	1.170809e-01	-9.930976e-01	-1.245708e+00	
1  346.465	6.981932e+01	2.379576e+00	1.177371e-01	-9.664604e-01	-1.241451e+00	
1  346.525	6.824081e+01	2.369817e+00	1.169108e-01	-1.005225e+00	-1.234590e+00	
2  343.961	6.902348e+01	2.342523e+00	1.146721e-01	-9.566066e-01	-1.224867e+00	
1  344.145	6.837668e+01	2.329774e+00	1.148333e-01	-9.762659e-01	-1.222287e+00	
1  343.656	6.867937e+01	2.358454e+00	1.151184e-01	-9.606231e-01	-1.233634e+00	
1  343.668	6.879469e+01	2.369327e+00	1.139627e-01	-9.484937e-01	-1.239182e+00	
1  344.6	6.908190e+01	2.354768e+00	1.138739e-01	-9.298100e-01	-1.217918e+00	
2  344.224	6.902569e+01	2.360270e+00	1.133977e-01	-9.369483e-01	-1.244571e+00	
2  344.028	6.903887e+01	2.353885e+00	1.124149e-01	-9.689705e-01	-1.209962e+00	
1  344.192	6.907655e+01	2.337016e+00	1.135409e-01	-1.004304e+00	-1.197392e+00	
1  345.234	6.833858e+01	2.336774e+00	1.112873e-01	-1.005429e+00	-1.173651e+00	
2  345.3	6.905320e+01	2.328312e+00	1.139295e-01	-1.052494e+00	-1.165836e+00	
2  346.104	6.923414e+01	2.322537e+00	1.159562e-01	-1.081476e+00	-1.155790e+00	
1  345.383	6.948886e+01	2.291796e+00	1.151582e-01	-1.068963e+00	-1.178122e+00	
2  345.103	6.850185e+01	2.285753e+00	1.162720e-01	-1.034646e+00	-1.135201e+00	
1  344.911	6.898791e+01	2.295758e+00	1.158957e-01	-1.051141e+00	-1.150655e+00	
3  345.006	6.938985e+01	2.285499e+00	1.135779e-01	-1.054300e+00	-1.163639e+00	
1  344.191	6.887179e+01	2.268076e+00	1.142136e-01	-1.026448e+00	-1.139302e+00	
1  345.232	6.817745e+01	2.271600e+00	1.188884e-01	-1.026223e+00	-1.078243e+00	
1  344.82	6.810887e+01	2.266760e+00	1.212711e-01	-1.012083e+00	-1.070251e+00	
1  345.693	6.993501e+01	2.290523e+00	1.210116e-01	-1.043446e+00	-1.043751e+00	
1  346.302	7.022292e+01	2.304132e+00	1.183406e-01	-1.097072e+00	-1.005001e+00	
4  343.853	6.896101e+01	2.312497e+00	1.175992e-01	-1.039194e+00	-1.016044e+00	
5  344.983	6.968004e+01	2.318179e+00	1.177665e-01	-1.068308e+00	-1.061431e+00	
5  345.716	6.924499e+01	2.299658e+00	1.216170e-01	-1.098388e+00	-1.031235e+00	
1  345.273	6.981256e+01	2.280862e+00	1.225053e-01	-1.090270e+00	-1.019272e+00	
1  346.429	7.013267e+01	2.308191e+00	1.236770e-01	-1.098153e+00	-1.040206e+00	
1  345.841	7.000017e+01	2.298749e+00	1.235360e-01	-1.090338e+00	-1.012088e+00	
10  345.763	6.976346e+01	2.319185e+00	1.203628e-01	-1.089581e+00	-1.094280e+00	
2  344.967	6.941339e+01	2.311618e+00	1.195366e-01	-1.068921e+00	-1.095347e+00	
1  346.618	6.955591e+01	2.311958e+00	1.212093e-01	-1.108792e+00	-1.114162e+00	
1  346.495	7.008353e+01	2.300966e+00	1.223917e-01	-1.103717e+00	-1.098718e+00	
2  345.354	6.962674e+01	2.260700e+00	1.213092e-01	-1.095430e+00	-1.094111e+00	
1  344.83	6.968469e+01	2.224277e+00	1.200385e-01	-1.073668e+00	-1.089874e+00	
3  344.595	6.931500e+01	2.253335e+00	1.188275e-01	-1.078940e+00	-1.059699e+00	
1  344.27	6.897720e+01	2.249071e+00	1.200244e-01	-1.053105e+00	-1.101509e+00	
2  343.871	6.909598e+01	2.257387e+00	1.193687e-01	-1.026819e+00	-1.133801e+00	
1  343.879	6.896650e+01	2.227299e+00	1.188684e-01	-1.020626e+00	-1.190919e+00	
3  343.771	6.881421e+01	2.236033e+00	1.186719e-01	-9.980853e-01	-1.245473e+00	
1  344.327	6.913268e+01	2.231723e+00	1.179634e-01	-9.666912e-01	-1.229747e+00	
1  344.299	6.918085e+01	2.237567e+00	1.206245e-01	-9.665044e-01	-1.239752e+00	
3  344.734	6.941793e+01	2.231268e+00	1.212184e-01	-9.843711e-01	-1.249073e+00	
1  343.936	6.855785e+01	2.251309e+00	1.202777e-01	-9.783462e-01	-1.319221e+00	
1  343.804	6.886909e+01	2.232999e+00	1.212775e-01	-9.955292e-01	-1.276097e+00	
3  344.857	6.835018e+01	2.238255e+00	1.203969e-01	-9.984137e-01	-1.307945e+00	
1  344.76	6.940739e+01	2.264145e+00	1.183897e-01	-9.790937e-01	-1.304314e+00	
2  347.911	7.022984e+01	2.255223e+00	1.173446e-01	-1.011750e+00	-1.281281e+00	
1  348.506	7.053980e+01	2.240039e+00	1.190224e-01	-1.056673e+00	-1.273131e+00	
1  348.162	7.054137e+01	2.276985e+00	1.172559e-01	-1.100211e+00	-1.235497e+00	
3  348.598	7.053335e+01	2.282531e+00	1.185209e-01	-1.121658e+00	-1.274363e+00	
3  348.363	6.992291e+01	2.281049e+00	1.182826e-01	-1.133637e+00	-1.262676e+00	
3  349.273	6.940040e+01	2.295469e+00	1.192712e-01	-1.122645e+00	-1.288537e+00	
1  349.317	6.979175e+01	2.294133e+00	1.168188e-01	-1.145600e+00	-1.253285e+00	
1  349.48	6.976432e+01	2.315147e+00	1.146405e-01	-1.157632e+00	-1.167516e+00	
1  349.164	6.989617e+01	2.333183e+00	1.141901e-01	-1.155918e+00	-1.148897e+00	
1  348.399	7.026153e+01	2.321739e+00	1.116378e-01	-1.143139e+00	-1.137840e+00	
2  348.198	7.041115e+01	2.302748e+00	1.107510e-01	-1.136793e+00	-1.087346e+00	
2  348.252	7.031216e+01	2.308805e+00	1.111812e-01	-1.160434e+00	-1.035736e+00	
3  349.353	7.086536e+01	2.289729e+00	1.125628e-01	-1.156944e+00	-1.003557e+00	
11  347.165	7.017378e+01	2.254667e+00	1.127158e-01	-1.142817e+00	-1.024641e+00	
1  348.309	6.957504e+01	2.268918e+00	1.111402e-01	-1.162019e+00	-1.024221e+00	
2  348.15	6.955977e+01	2.293543e+00	1.123741e-01	-1.156792e+00	-1.029341e+00	
1  346.628	7.008852e+01	2.286473e+00	1.117413e-01	-1.125417e+00	-9.920283e-01	
1  346.296	7.001528e+01	2.309712e+00	1.111737e-01	-1.108876e+00	-9.954172e-01	
3  345.532	6.982992e+01	2.301552e+00	1.137383e-01	-1.118353e+00	-9.262441e-01	
3  344.623	6.958781e+01	2.319169e+00	1.143888e-01	-1.098028e+00	-8.719913e-01	
1  343.922	6.911365e+01	2.307962e+00	1.149282e-01	-1.077553e+00	-8.536791e-01	
1  343.601	6.867912e+01	2.295249e+00	1.130687e-01	-1.047529e+00	-8.319847e-01	
3  343.359	6.852050e+01	2.286422e+00	1.141801e-01	-1.027088e+00	-8.466017e-01	
1  344.442	6.811527e+01	2.313053e+00	1.109744e-01	-1.018609e+00	-8.899838e-01	
2  343.51	6.834518e+01	2.272981e+00	1.140113e-01	-1.018853e+00	-8.668837e-01	
1  344.456	6.807112e+01	2.273999e+00	1.149919e-01	-1.038390e+00	-8.269499e-01	
3  343.677	6.889208e+01	2.307573e+00	1.165435e-01	-9.869605e-01	-8.482279e-01	
1  343.415	6.891786e+01	2.312013e+00	1.173843e-01	-1.055225e+00	-8.311922e-01	
2  343.608	6.925050e+01	2.316223e+00	1.166675e-01	-1.068382e+00	-7.999985e-01	
2  343.071	6.882001e+01	2.339441e+00	1.177351e-01	-1.036632e+00	-7.311485e-01	
3  343.212	6.880009e+01	2.328916e+00	1.160858e-01	-1.061285e+00	-7.026904e-01	
2  344.025	6.870362e+01	2.334125e+00	1.157436e-01	-1.096700e+00	-6.454447e-01	
3  344.36	6.881105e+01	2.365811e+00	1.116147e-01	-1.106235e+00	-6.317987e-01	
1  343.982	6.926115e+01	2.367086e+00	1.108573e-01	-1.108273e+00	-6.316222e-01	
1  343.623	6.913941e+01	2.352199e+00	1.134321e-01	-1.098857e+00	-6.320845e-01	
1  343.564	6.914799e+01	2.348578e+00	1.118881e-01	-1.057036e+00	-6.429323e-01	
3  344.363	6.947860e+01	2.344246e+00	1.101772e-01	-1.076908e+00	-6.255952e-01	
2  343.991	6.888174e+01	2.332178e+00	1.091541e-01	-1.098938e+00	-5.847933e-01	
2  344.044	6.881727e+01	2.311753e+00	1.078459e-01	-1.061110e+00	-5.855738e-01	
3  344.612	6.865397e+01	2.290010e+00	1.073156e-01	-1.093129e+00	-5.865597e-01	
1  344.198	6.809918e+01	2.311518e+00	1.091941e-01	-1.037977e+00	-6.388943e-01	
1  343.994	6.854451e+01	2.277940e+00	1.092266e-01	-1.051687e+00	-6.680722e-01	
3  344.007	6.804383e+01	2.274718e+00	1.107205e-01	-1.004343e+00	-6.166059e-01	
1  345.89	6.857944e+01	2.283036e+00	1.097560e-01	-9.746262e-01	-6.074215e-01	
4  343.533	6.878417e+01	2.309114e+00	1.118539e-01	-1.036859e+00	-6.049629e-01	
1  343.699	6.890510e+01	2.301502e+00	1.115305e-01	-1.045717e+00	-6.085727e-01	
3  343.404	6.875636e+01	2.294896e+00	1.145366e-01	-1.031961e+00	-5.898049e-01	
1  343.248	6.844548e+01	2.295850e+00	1.148403e-01	-1.023287e+00	-5.523110e-01	
5  344.343	6.818524e+01	2.293450e+00	1.133915e-01	-9.705320e-01	-5.799342e-01	
3  343.312	6.818182e+01	2.288462e+00	1.149665e-01	-1.008737e+00	-5.856466e-01	
6  343.443	6.821458e+01	2.293950e+00	1.136075e-01	-1.012181e+00	-5.521756e-01	
1  343.807	6.837574e+01	2.316977e+00	1.133735e-01	-9.929429e-01	-5.526181e-01	
1  344.042	6.890866e+01	2.331098e+00	1.178999e-01	-1.003652e+00	-6.039554e-01	
1  344.191	6.901501e+01	2.323253e+00	1.165398e-01	-1.013662e+00	-5.939873e-01	
1  343.57	6.864950e+01	2.335793e+00	1.124709e-01	-1.008257e+00	-6.031606e-01	
3  343.248	6.858803e+01	2.343242e+00	1.123398e-01	-1.052522e+00	-6.398786e-01	
1  343.837	6.922509e+01	2.326851e+00	1.107560e-01	-1.087193e+00	-6.452335e-01	
1  344.918	6.977825e+01	2.329705e+00	1.116098e-01	-1.093269e+00	-6.793388e-01	
3  345.203	6.984133e+01	2.347035e+00	1.128393e-01	-1.075762e+00	-6.836164e-01	
2  344.492	6.960360e+01	2.346054e+00	1.129822e-01	-1.123278e+00	-6.985734e-01	
2  344.937	6.971091e+01	2.326814e+00	1.137434e-01	-1.155166e+00	-6.517424e-01	
1  345.945	7.020011e+01	2.327312e+00	1.141120e-01	-1.114965e+00	-7.613312e-01	
2  345.738	7.011038e+01	2.327928e+00	1.152302e-01	-1.095485e+00	-7.763486e-01	
1  344.354	6.963470e+01	2.317080e+00	1.149298e-01	-1.079205e+00	-7.859666e-01	
1  343.969	6.900533e+01	2.310220e+00	1.157185e-01	-1.092687e+00	-7.740611e-01	
1  344.66	6.892755e+01	2.314414e+00	1.167170e-01	-1.118034e+00	-7.152384e-01	
4  343.477	6.901286e+01	2.314642e+00	1.149050e-01	-1.086904e+00	-6.829084e-01	
1  345.723	6.778663e+01	2.327620e+00	1.160708e-01	-1.050349e+00	-6.930255e-01	
1  342.992	6.870163e+01	2.306970e+00	1.166969e-01	-1.033291e+00	-6.957119e-01	
3  343.11	6.877092e+01	2.301057e+00	1.151308e-01	-1.047721e+00	-7.004524e-01	
1  343.336	6.864241e+01	2.285942e+00	1.131992e-01	-1.045926e+00	-7.266500e-01	
2  343.259	6.829282e+01	2.321580e+00	1.141536e-01	-1.026973e+00	-6.987816e-01	
4  344.502	6.791015e+01	2.348981e+00	1.141707e-01	-1.031558e+00	-6.977490e-01	
1  343.948	6.806331e+01	2.330744e+00	1.153857e-01	-1.033030e+00	-7.089955e-01	
1  343.201	6.882640e+01	2.332451e+00	1.159317e-01	-1.013668e+00	-7.329782e-01	
3  343.207	6.844614e+01	2.327653e+00	1.153318e-01	-1.027635e+00	-7.705921e-01	
2  343.048	6.874363e+01	2.324283e+00	1.162855e-01	-1.019149e+00	-7.683615e-01	
3  343.013	6.833536e+01	2.356680e+00	1.169163e-01	-9.979766e-01	-7.400327e-01	
2  343.288	6.797064e+01	2.370100e+00	1.166781e-01	-9.773373e-01	-6.929572e-01	
3  343.412	6.785933e+01	2.359052e+00	1.168263e-01	-9.650613e-01	-7.439338e-01	
4  343.457	6.796883e+01	2.355171e+00	1.179401e-01	-9.488372e-01	-7.096441e-01	
1  343.63	6.833513e+01	2.362298e+00	1.172297e-01	-9.544921e-01	-6.957545e-01	
1  344.464	6.802354e+01	2.373751e+00	1.163561e-01	-9.121955e-01	-7.043194e-01	
1  343.649	6.875089e+01	2.366471e+00	1.157219e-01	-9.906751e-01	-6.427441e-01	
1  345.95	6.877766e+01	2.337247e+00	1.139350e-01	-9.401691e-01	-7.267320e-01	
1  344.523	6.752804e+01	2.365308e+00	1.118104e-01	-9.808009e-01	-6.981093e-01	
3  343.337	6.810171e+01	2.367486e+00	1.111228e-01	-9.897965e-01	-6.403066e-01	
2  344.516	6.740612e+01	2.364808e+00	1.106578e-01	-9.283420e-01	-6.789537e-01	
1  345.931	6.859991e+01	2.362551e+00	1.101673e-01	-9.320120e-01	-7.112675e-01	
3  344.752	6.763658e+01	2.361874e+00	1.077750e-01	-9.177212e-01	-7.322907e-01	
4  344.751	6.874045e+01	2.380198e+00	1.073256e-01	-9.737554e-01	-6.935408e-01	
2  344.07	6.794310e+01	2.366644e+00	1.082880e-01	-1.000528e+00	-7.237193e-01	
1  343.453	6.814486e+01	2.366402e+00	1.098564e-01	-9.990688e-01	-7.005566e-01	
1  343.864	6.885243e+01	2.366757e+00	1.112777e-01	-9.968334e-01	-6.856015e-01	
1  345.163	6.902441e+01	2.379741e+00	1.097646e-01	-9.781402e-01	-6.985874e-01	
1  344.12	6.812921e+01	2.386688e+00	1.100298e-01	-1.032224e+00	-7.013029e-01	
1  345.373	6.766446e+01	2.376988e+00	1.083700e-01	-1.022996e+00	-6.457199e-01	
4  344.662	6.809698e+01	2.385688e+00	1.085032e-01	-1.052652e+00	-6.262431e-01	
2  343.78	6.837971e+01	2.389913e+00	1.064097e-01	-1.034407e+00	-6.244253e-01	
2  343.483	6.876146e+01	2.380662e+00	1.080473e-01	-1.048681e+00	-5.980148e-01	
2  343.405	6.857936e+01	2.398490e+00	1.075263e-01	-1.038357e+00	-5.462961e-01	
1  343.945	6.809551e+01	2.408987e+00	1.053054e-01	-1.013381e+00	-5.613271e-01	
1  344.629	6.924450e+01	2.437884e+00	1.047197e-01	-1.040988e+00	-5.354672e-01	
1  343.696	6.897050e+01	2.437729e+00	1.060600e-01	-1.073719e+00	-5.757765e-01	
3  343.621	6.901891e+01	2.436547e+00	1.072423e-01	-1.074567e+00	-5.956485e-01	
3  344.294	6.908377e+01	2.462739e+00	1.061439e-01	-1.094958e+00	-6.294792e-01	
1  344.483	6.876511e+01	2.454008e+00	1.055977e-01	-1.083378e+00	-6.384365e-01	
1  346.463	6.816815e+01	2.462862e+00	1.050658e-01	-1.074336e+00	-6.632463e-01	
1  343.794	6.857859e+01	2.465445e+00	1.061779e-01	-1.041726e+00	-6.939027e-01	
1  343.638	6.824733e+01	2.455422e+00	1.072626e-01	-1.015007e+00	-6.904893e-01	
1  344.431	6.929716e+01	2.453166e+00	1.053116e-01	-1.069682e+00	-7.731108e-01	
1  343.763	6.894047e+01	2.450203e+00	1.066184e-01	-1.040482e+00	-7.812834e-01	
5  344.431	6.946075e+01	2.470232e+00	1.060793e-01	-1.066141e+00	-7.791465e-01	
1  344.592	6.913385e+01	2.495471e+00	1.067428e-01	-1.075048e+00	-7.788288e-01	
1  345.044	6.806155e+01	2.482122e+00	1.090227e-01	-1.030837e+00	-7.191567e-01	
1  344.244	6.858479e+01	2.496286e+00	1.090095e-01	-1.048936e+00	-7.302085e-01	
2  344.442	6.928887e+01	2.509248e+00	1.082485e-01	-1.085878e+00	-7.164040e-01	
2  343.879	6.938088e+01	2.508122e+00	1.073158e-01	-1.046666e+00	-7.062917e-01	
2  343.784	6.843944e+01	2.499087e+00	1.057306e-01	-1.029858e+00	-6.849342e-01	
6  343.192	6.835405e+01	2.487499e+00	1.068173e-01	-9.933115e-01	-6.952579e-01	
2  343.323	6.879334e+01	2.476228e+00	1.067202e-01	-1.016087e+00	-7.325113e-01	
2  343.36	6.841588e+01	2.472891e+00	1.068360e-01	-9.630511e-01	-7.184926e-01	
1  343.786	6.810756e+01	2.486402e+00	1.057153e-01	-9.951916e-01	-7.278756e-01	
1  343.521	6.859984e+01	2.509867e+00	1.068419e-01	-1.021359e+00	-7.413361e-01	
1  343.19	6.853067e+01	2.493284e+00	1.066436e-01	-9.747921e-01	-7.926614e-01	
1  343.157	6.853879e+01	2.502618e+00	1.072330e-01	-9.784287e-01	-8.140619e-01	
4  345.011	6.846898e+01	2.486231e+00	1.071269e-01	-1.036953e+00	-8.614104e-01	
1  344.252	6.833200e+01	2.488555e+00	1.080381e-01	-1.014304e+00	-8.356601e-01	
1  343.732	6.899372e+01	2.482341e+00	1.094373e-01	-9.690910e-01	-8.584882e-01	
1  343.141	6.848862e+01	2.481281e+00	1.084424e-01	-9.717103e-01	-8.504564e-01	
6  344.775	6.808493e+01	2.481187e+00	1.075613e-01	-1.001898e+00	-8.715550e-01	
1  343.611	6.843435e+01	2.489597e+00	1.080252e-01	-9.871731e-01	-9.106152e-01	
1  343.397	6.840308e+01	2.483906e+00	1.071261e-01	-9.722692e-01	-9.103870e-01	
1  343.584	6.906441e+01	2.473097e+00	1.094861e-01	-9.994029e-01	-9.004941e-01	
4  343.338	6.883646e+01	2.496703e+00	1.111148e-01	-9.685580e-01	-9.031728e-01	
5  343.131	6.838975e+01	2.492039e+00	1.106675e-01	-9.374650e-01	-9.107907e-01	
2  343.343	6.801493e+01	2.519712e+00	1.106436e-01	-9.221581e-01	-9.370983e-01	
2  343.875	6.879433e+01	2.504332e+00	1.120086e-01	-1.002208e+00	-9.522638e-01	
2  344.536	6.890274e+01	2.502637e+00	1.115856e-01	-1.021673e+00	-9.909017e-01	
1  344.446	6.871988e+01	2.524031e+00	1.111283e-01	-1.003046e+00	-1.004404e+00	
3  344.486	6.913375e+01	2.512185e+00	1.090145e-01	-1.026419e+00	-9.935088e-01	
2  344.707	6.904231e+01	2.497316e+00	1.080341e-01	-1.038266e+00	-9.721565e-01	
2  344.299	6.872937e+01	2.500837e+00	1.075203e-01	-1.011260e+00	-9.804021e-01	
1  345.737	6.836848e+01	2.457339e+00	1.082239e-01	-1.032015e+00	-9.623601e-01	
2  344.142	6.925735e+01	2.427729e+00	1.088815e-01	-1.016598e+00	-9.840097e-01	
1  344.339	6.871624e+01	2.440115e+00	1.078581e-01	-1.013894e+00	-1.017963e+00	
2  343.668	6.898876e+01	2.444411e+00	1.092615e-01	-9.806727e-01	-9.860460e-01	
1  343.31	6.868400e+01	2.467342e+00	1.090070e-01	-9.655167e-01	-9.615312e-01	
2  343.266	6.816283e+01	2.468525e+00	1.085944e-01	-9.319838e-01	-9.654094e-01	
2  343.239	6.844307e+01	2.491546e+00	1.082696e-01	-9.350424e-01	-9.784250e-01	
2  343.502	6.835396e+01	2.520484e+00	1.076206e-01	-8.959420e-01	-1.014839e+00	
2  343.895	6.893292e+01	2.541211e+00	1.090598e-01	-9.269031e-01	-1.048141e+00	
2  344.258	6.925578e+01	2.552018e+00	1.109976e-01	-9.703759e-01	-1.044300e+00	
1  343.331	6.862123e+01	2.547905e+00	1.075951e-01	-9.339959e-01	-1.004918e+00	
4  343.334	6.826203e+01	2.544530e+00	1.088551e-01	-8.968919e-01	-9.779712e-01	
3  345.935	6.702507e+01	2.530491e+00	1.073494e-01	-8.834062e-01	-1.001490e+00	
1  344.052	6.758218e+01	2.532966e+00	1.077758e-01	-8.955324e-01	-1.007972e+00	
1  343.318	6.818224e+01	2.518806e+00	1.068392e-01	-9.116676e-01	-1.030028e+00	
2  343.332	6.807964e+01	2.500093e+00	1.082303e-01	-9.002604e-01	-9.814081e-01	
1  343.97	6.754744e+01	2.513917e+00	1.087488e-01	-8.996692e-01	-9.420862e-01	
1  343.95	6.884217e+01	2.524332e+00	1.110327e-01	-9.257913e-01	-9.360881e-01	
2  343.577	6.877520e+01	2.494328e+00	1.106922e-01	-9.398654e-01	-9.263760e-01	
1  343.925	6.854418e+01	2.502871e+00	1.105879e-01	-9.131293e-01	-8.572293e-01	
1  343.127	6.855324e+01	2.490602e+00	1.087551e-01	-9.646822e-01	-7.971807e-01	
6  343.225	6.818836e+01	2.505573e+00	1.087311e-01	-9.634515e-01	-8.150783e-01	
1  343.208	6.842879e+01	2.501921e+00	1.091288e-01	-9.439302e-01	-7.921548e-01	
1  343.263	6.830567e+01	2.510341e+00	1.134813e-01	-9.604315e-01	-8.201498e-01	
1  343.477	6.832208e+01	2.507083e+00	1.129549e-01	-9.826460e-01	-8.098138e-01	
1  343.752	6.816807e+01	2.499429e+00	1.143740e-01	-9.712506e-01	-8.488019e-01	
1  343.7	6.885476e+01	2.494769e+00	1.129155e-01	-9.473796e-01	-8.871935e-01	
3  344.214	6.885260e+01	2.516624e+00	1.149973e-01	-9.211778e-01	-9.671029e-01	
1  343.804	6.876470e+01	2.529508e+00	1.139565e-01	-9.700565e-01	-9.942316e-01	
1  344.072	6.920301e+01	2.526996e+00	1.134394e-01	-9.858780e-01	-9.591943e-01	
1  345.847	6.975672e+01	2.499889e+00	1.135224e-01	-9.866189e-01	-9.257573e-01	
1  344.409	6.938693e+01	2.488746e+00	1.152036e-01	-9.930551e-01	-9.209300e-01	
1  346.324	6.964858e+01	2.494901e+00	1.165369e-01	-9.663602e-01	-8.959082e-01	
2  346.519	6.954118e+01	2.496851e+00	1.180800e-01	-9.482789e-01	-9.269003e-01	
1  346.351	6.851113e+01	2.503655e+00	1.207651e-01	-1.013838e+00	-9.682813e-01	
1  346.753	6.821610e+01	2.496267e+00	1.192448e-01	-1.017549e+00	-9.170531e-01	
1  343.785	6.878460e+01	2.501840e+00	1.167800e-01	-9.668587e-01	-9.509492e-01	
1  344.45	6.893651e+01	2.515619e+00	1.180303e-01	-9.393386e-01	-9.286323e-01	
2  344.247	6.878318e+01	2.528112e+00	1.184967e-01	-9.424202e-01	-9.393563e-01	
1  343.897	6.900175e+01	2.514435e+00	1.152702e-01	-9.676100e-01	-9.575047e-01	
3  345.593	6.886953e+01	2.525187e+00	1.167527e-01	-8.876385e-01	-9.758328e-01	
4  346.931	6.937556e+01	2.510279e+00	1.143884e-01	-9.093291e-01	-9.805487e-01	
1  343.469	6.797136e+01	2.516299e+00	1.129253e-01	-8.892832e-01	-9.884069e-01	
2  343.589	6.820342e+01	2.528935e+00	1.143054e-01	-8.945246e-01	-9.721419e-01	
4  344.191	6.870967e+01	2.535185e+00	1.153833e-01	-9.098505e-01	-9.598740e-01	
1  344.061	6.829437e+01	2.555788e+00	1.173334e-01	-9.099598e-01	-9.096746e-01	
1  344.541	6.869075e+01	2.543815e+00	1.188469e-01	-9.192843e-01	-9.361130e-01	
1  344.623	6.806065e+01	2.550951e+00	1.176387e-01	-9.412554e-01	-9.107220e-01	
1  344.069	6.885531e+01	2.524468e+00	1.165800e-01	-9.400945e-01	-9.499777e-01	
1  344.052	6.890171e+01	2.527882e+00	1.165458e-01	-9.572668e-01	-9.791632e-01	
5  344.891	6.853877e+01	2.509780e+00	1.181756e-01	-9.900185e-01	-9.778353e-01	
1  344.375	6.896098e+01	2.510978e+00	1.190954e-01	-9.787617e-01	-9.418377e-01	
5  344.289	6.828003e+01	2.506205e+00	1.195082e-01	-9.359862e-01	-9.969267e-01	
7  345.956	6.776003e+01	2.507484e+00	1.203965e-01	-9.304472e-01	-1.043096e+00	
1  344.633	6.856911e+01	2.524145e+00	1.208043e-01	-9.258791e-01	-1.034249e+00	
3  348.004	6.961680e+01	2.539521e+00	1.208681e-01	-9.199547e-01	-1.047073e+00	
1  345.233	6.896714e+01	2.528404e+00	1.215770e-01	-9.367183e-01	-1.033275e+00	
7  344.854	6.888161e+01	2.522429e+00	1.203342e-01	-9.734051e-01	-1.001325e+00	
1  344.745	6.863987e+01	2.523652e+00	1.181182e-01	-9.851628e-01	-9.791750e-01	
4  344.642	6.913529e+01	2.527073e+00	1.182018e-01	-9.737639e-01	-9.948900e-01	
2  344.38	6.909940e+01	2.508256e+00	1.172166e-01	-9.991881e-01	-9.632074e-01	
9  344.648	6.923291e+01	2.529348e+00	1.159424e-01	-1.013439e+00	-9.548224e-01	
2  346.167	6.894346e+01	2.567831e+00	1.191960e-01	-1.014163e+00	-9.731729e-01	
1  345.9	6.954301e+01	2.542010e+00	1.192890e-01	-1.009689e+00	-1.017812e+00	
1  345.773	6.860906e+01	2.537586e+00	1.186610e-01	-9.880951e-01	-1.055331e+00	
1  346.652	6.911877e+01	2.557410e+00	1.192710e-01	-1.010903e+00	-1.105273e+00	
1  345.354	6.921626e+01	2.547137e+00	1.190837e-01	-9.483296e-01	-1.111968e+00	
2  344.888	6.842326e+01	2.535173e+00	1.197204e-01	-9.341184e-01	-1.097325e+00	
2  345.129	6.868385e+01	2.546616e+00	1.208013e-01	-9.030166e-01	-1.006515e+00	
3  344.958	6.851669e+01	2.538249e+00	1.204572e-01	-8.948349e-01	-9.538439e-01	
2  345.503	6.761380e+01	2.512939e+00	1.216305e-01	-8.427509e-01	-9.261405e-01	
3  345.202	6.821493e+01	2.516892e+00	1.209865e-01	-8.659613e-01	-9.523116e-01	
1  345.226	6.810734e+01	2.507972e+00	1.198044e-01	-8.489949e-01	-9.782141e-01	
2  347.057	6.666454e+01	2.524136e+00	1.181814e-01	-8.076432e-01	-1.059880e+00	
1  345.069	6.732103e+01	2.500646e+00	1.183039e-01	-8.127472e-01	-1.107187e+00	
2  344.074	6.818194e+01	2.507992e+00	1.172170e-01	-8.653403e-01	-1.117117e+00	
1  344.276	6.871684e+01	2.520568e+00	1.162508e-01	-8.936654e-01	-1.151010e+00	
5  344.18	6.854574e+01	2.519614e+00	1.154581e-01	-9.316112e-01	-1.191032e+00	
2  344.324	6.890590e+01	2.515504e+00	1.147030e-01	-9.071650e-01	-1.279940e+00	
2  344.481	6.896197e+01	2.502809e+00	1.151135e-01	-9.015600e-01	-1.265862e+00	
1  344.044	6.824482e+01	2.506286e+00	1.128143e-01	-9.144266e-01	-1.246761e+00	
2  344.259	6.763229e+01	2.497281e+00	1.100495e-01	-8.779368e-01	-1.225851e+00	
1  343.549	6.812423e+01	2.516066e+00	1.093098e-01	-8.907613e-01	-1.213033e+00	
13  343.494	6.810937e+01	2.514720e+00	1.097508e-01	-8.650508e-01	-1.222318e+00	
