1  345.012	6.751650e+01	2.209694e+00	1.191530e-01	-9.955236e-01	-3.373234e-01	
1  344.741	6.803045e+01	2.200327e+00	1.183410e-01	-1.017975e+00	-3.099949e-01	
2  344.94	6.857856e+01	2.198199e+00	1.155273e-01	-1.052137e+00	-2.969144e-01	
12  343.588	6.836198e+01	2.198844e+00	1.164278e-01	-1.107491e+00	-3.082332e-01	
1  343.468	6.846725e+01	2.194314e+00	1.174599e-01	-1.092381e+00	-3.020593e-01	
1  343.969	6.903323e+01	2.212890e+00	1.154497e-01	-1.090248e+00	-4.077042e-01	
1  343.485	6.839134e+01	2.234615e+00	1.148553e-01	-1.085909e+00	-4.339582e-01	
2  343.138	6.881946e+01	2.254936e+00	1.165709e-01	-1.091468e+00	-4.191825e-01	
1  343.096	6.851635e+01	2.270299e+00	1.165687e-01	-1.078925e+00	-3.807446e-01	
2  343.388	6.832951e+01	2.250321e+00	1.154460e-01	-1.082326e+00	-3.790021e-01	
2  344.06	6.914648e+01	2.250259e+00	1.131065e-01	-1.090813e+00	-4.470754e-01	
1  343.924	6.833551e+01	2.238649e+00	1.120107e-01	-1.058047e+00	-4.407116e-01	
4  344.157	6.839452e+01	2.245985e+00	1.118705e-01	-1.045115e+00	-4.166987e-01	
1  343.976	6.872658e+01	2.231685e+00	1.112818e-01	-1.093251e+00	-4.505840e-01	
1  344.734	6.862053e+01	2.221342e+00	1.089071e-01	-1.087080e+00	-4.007914e-01	
1  344.845	6.827813e+01	2.232634e+00	1.081873e-01	-1.073455e+00	-4.333787e-01	
5  344.279	6.828037e+01	2.247144e+00	1.099821e-01	-1.075947e+00	-4.432094e-01	
1  343.912	6.846522e+01	2.256524e+00	1.109439e-01	-1.086895e+00	-4.565521e-01	
1  344.163	6.815337e+01	2.263368e+00	1.108729e-01	-1.063810e+00	-5.182524e-01	
5  344.895	6.780941e+01	2.250921e+00	1.124607e-01	-1.060777e+00	-5.258854e-01	
2  344.518	6.842637e+01	2.245731e+00	1.121787e-01	-1.113062e+00	-5.150054e-01	
1  344.304	6.835582e+01	2.229598e+00	1.105115e-01	-1.076788e+00	-5.466459e-01	
1  344.664	6.814162e+01	2.225563e+00	1.109958e-01	-1.071181e+00	-5.955915e-01	
1  346.211	6.819969e+01	2.226730e+00	1.104560e-01	-1.122812e+00	-5.534288e-01	
1  346.658	6.825275e+01	2.243565e+00	1.089892e-01	-1.133269e+00	-5.320825e-01	
2  346.098	6.810711e+01	2.249602e+00	1.105335e-01	-1.123504e+00	-4.706531e-01	
1  344.219	6.819930e+01	2.282068e+00	1.110907e-01	-1.067534e+00	-5.824402e-01	
3  343.905	6.875457e+01	2.302547e+00	1.087677e-01	-1.071106e+00	-5.924330e-01	
2  344.541	6.792976e+01	2.308764e+00	1.098444e-01	-1.048455e+00	-5.536242e-01	
1  343.48	6.820044e+01	2.332090e+00	1.107304e-01	-1.021569e+00	-5.618327e-01	
1  343.625	6.815292e+01	2.331368e+00	1.107520e-01	-1.001166e+00	-5.620084e-01	
1  344.977	6.825051e+01	2.345967e+00	1.096758e-01	-9.599457e-01	-5.527672e-01	
3  344.885	6.788083e+01	2.334462e+00	1.110405e-01	-9.378194e-01	-5.890870e-01	
1  344.904	6.798068e+01	2.320090e+00	1.112638e-01	-9.505644e-01	-5.580319e-01	
2  345.758	6.844698e+01	2.326578e+00	1.146833e-01	-9.571219e-01	-5.029661e-01	
2  344.548	6.770651e+01	2.322188e+00	1.136636e-01	-9.505527e-01	-5.215764e-01	
1  344.676	6.811846e+01	2.315148e+00	1.123813e-01	-9.570843e-01	-5.706078e-01	
1  344.59	6.807361e+01	2.292726e+00	1.126936e-01	-9.625027e-01	-5.771242e-01	
1  344.092	6.841994e+01	2.294219e+00	1.124679e-01	-9.907232e-01	-5.983222e-01	
1  343.372	6.846256e+01	2.304468e+00	1.136933e-01	-1.066952e+00	-5.800344e-01	
1  343.54	6.875275e+01	2.323807e+00	1.134317e-01	-1.094299e+00	-5.748915e-01	
2  343.817	6.812816e+01	2.325138e+00	1.128015e-01	-1.049884e+00	-5.909948e-01	
4  343.626	6.822639e+01	2.326130e+00	1.106631e-01	-1.044120e+00	-5.626997e-01	
1  344.737	6.773594e+01	2.342439e+00	1.108837e-01	-1.032691e+00	-5.732814e-01	
1  343.857	6.784673e+01	2.335440e+00	1.112707e-01	-1.010804e+00	-5.032412e-01	
1  343.427	6.878293e+01	2.329992e+00	1.130185e-01	-1.035991e+00	-5.326270e-01	
1  344.45	6.774514e+01	2.342110e+00	1.122856e-01	-1.027965e+00	-5.718765e-01	
1  343.496	6.830812e+01	2.349070e+00	1.128208e-01	-1.056953e+00	-5.631477e-01	
1  343.645	6.812317e+01	2.338903e+00	1.098154e-01	-1.021467e+00	-5.769152e-01	
1  343.695	6.849706e+01	2.366519e+00	1.097369e-01	-9.968326e-01	-5.909364e-01	
1  344.042	6.803917e+01	2.339343e+00	1.096152e-01	-9.801542e-01	-5.642526e-01	
1  344.45	6.753593e+01	2.356542e+00	1.097513e-01	-9.639199e-01	-5.629685e-01	
2  344.586	6.783993e+01	2.349035e+00	1.090907e-01	-9.545144e-01	-5.612692e-01	
1  343.75	6.787545e+01	2.357714e+00	1.106071e-01	-9.955645e-01	-5.290932e-01	
1  343.337	6.863686e+01	2.379662e+00	1.104404e-01	-1.017008e+00	-5.750682e-01	
2  344.321	6.940438e+01	2.388045e+00	1.093213e-01	-1.065861e+00	-5.185303e-01	
1  344.777	6.790203e+01	2.367326e+00	1.093727e-01	-1.046055e+00	-5.832656e-01	
1  343.785	6.841603e+01	2.394372e+00	1.121684e-01	-9.773217e-01	-5.452721e-01	
1  343.15	6.881419e+01	2.414361e+00	1.106035e-01	-1.031009e+00	-5.822170e-01	
2  343.526	6.903216e+01	2.420653e+00	1.097254e-01	-1.036466e+00	-5.518002e-01	
1  342.967	6.843245e+01	2.453221e+00	1.108447e-01	-1.010043e+00	-5.493772e-01	
1  344.429	6.941793e+01	2.461266e+00	1.097737e-01	-1.034191e+00	-5.563740e-01	
1  346.803	7.010414e+01	2.458388e+00	1.104461e-01	-1.065671e+00	-5.152785e-01	
1  343.284	6.914973e+01	2.448561e+00	1.097068e-01	-1.078972e+00	-4.604303e-01	
5  343.564	6.888077e+01	2.456824e+00	1.108990e-01	-1.092067e+00	-5.062808e-01	
2  343.415	6.916533e+01	2.470764e+00	1.081445e-01	-1.062934e+00	-4.742467e-01	
1  344.265	6.950690e+01	2.456192e+00	1.075296e-01	-1.069561e+00	-5.023361e-01	
3  343.526	6.863003e+01	2.506073e+00	1.089067e-01	-1.063978e+00	-5.252961e-01	
2  344.153	6.910327e+01	2.519707e+00	1.092796e-01	-1.099391e+00	-5.586848e-01	
6  344.175	6.907655e+01	2.527751e+00	1.070769e-01	-1.091386e+00	-5.922906e-01	
1  344.422	6.919163e+01	2.549806e+00	1.040235e-01	-1.099659e+00	-5.710787e-01	
1  344.538	6.945943e+01	2.552412e+00	1.038396e-01	-1.027998e+00	-5.758586e-01	
2  344.939	6.928291e+01	2.535207e+00	1.011614e-01	-1.018513e+00	-5.381390e-01	
6  343.564	6.860700e+01	2.513032e+00	1.023471e-01	-1.015589e+00	-5.085148e-01	
1  344.975	6.914138e+01	2.519973e+00	1.029580e-01	-1.000603e+00	-5.269067e-01	
2  344.017	6.903021e+01	2.520010e+00	1.040938e-01	-1.091090e+00	-5.320467e-01	
1  345.159	6.931060e+01	2.501390e+00	1.015707e-01	-1.118866e+00	-5.748814e-01	
1  345.536	6.919774e+01	2.504984e+00	1.029790e-01	-1.125357e+00	-5.988413e-01	
1  347.41	7.025704e+01	2.496546e+00	1.006039e-01	-1.162698e+00	-6.309099e-01	
1  347.019	7.023729e+01	2.484858e+00	1.010433e-01	-1.151599e+00	-6.063077e-01	
3  346.89	6.992366e+01	2.489610e+00	9.926599e-02	-1.148837e+00	-6.245556e-01	
3  348.886	7.042520e+01	2.493744e+00	9.823675e-02	-1.100386e+00	-6.193413e-01	
1  346.922	7.009862e+01	2.477796e+00	1.003645e-01	-1.097273e+00	-6.235770e-01	
1  346.142	6.918884e+01	2.459809e+00	9.856524e-02	-1.112190e+00	-6.352689e-01	
2  347.763	6.977331e+01	2.468208e+00	9.673707e-02	-1.152156e+00	-6.382962e-01	
1  348.408	7.009688e+01	2.469487e+00	9.612922e-02	-1.147228e+00	-6.771656e-01	
3  346.441	6.965247e+01	2.477978e+00	9.924966e-02	-1.126902e+00	-6.720557e-01	
6  346.045	6.938697e+01	2.484499e+00	1.000148e-01	-1.115141e+00	-6.920677e-01	
1  346.221	6.875181e+01	2.450243e+00	9.829180e-02	-1.088354e+00	-6.588184e-01	
1  346.482	6.867706e+01	2.444965e+00	9.718651e-02	-1.076664e+00	-6.883536e-01	
1  346.408	6.882569e+01	2.425087e+00	9.661335e-02	-1.067644e+00	-6.992425e-01	
2  346.243	6.907263e+01	2.409552e+00	9.754997e-02	-1.051203e+00	-6.165286e-01	
2  346.106	6.890379e+01	2.437289e+00	9.660442e-02	-1.034946e+00	-5.805639e-01	
5  346.074	6.892038e+01	2.442474e+00	9.668697e-02	-1.035921e+00	-5.512207e-01	
2  346.828	6.887548e+01	2.436406e+00	9.449448e-02	-1.074939e+00	-5.869251e-01	
3  346.784	6.897381e+01	2.439879e+00	9.481518e-02	-1.087836e+00	-5.736604e-01	
1  345.967	6.895661e+01	2.430541e+00	9.709120e-02	-1.075317e+00	-6.038984e-01	
1  347.406	6.793962e+01	2.425899e+00	9.687027e-02	-1.049348e+00	-6.115549e-01	
2  347.507	6.754225e+01	2.410068e+00	9.669323e-02	-1.006046e+00	-5.684672e-01	
1  347.719	6.750808e+01	2.392538e+00	9.708426e-02	-1.010089e+00	-5.490988e-01	
3  346.531	6.834266e+01	2.383149e+00	9.689862e-02	-1.046997e+00	-5.576522e-01	
2  346.455	6.890835e+01	2.395599e+00	9.747711e-02	-1.108637e+00	-5.068684e-01	
1  346.799	6.967641e+01	2.400361e+00	9.861199e-02	-1.140132e+00	-4.985664e-01	
1  346.81	6.969559e+01	2.405910e+00	9.941644e-02	-1.101690e+00	-4.740438e-01	
2  345.869	6.970294e+01	2.412002e+00	1.013535e-01	-1.118519e+00	-4.667665e-01	
2  344.987	6.946184e+01	2.426355e+00	1.024361e-01	-1.116748e+00	-5.098917e-01	
2  345.441	6.946559e+01	2.403810e+00	1.030192e-01	-1.149461e+00	-4.933017e-01	
3  345.54	6.935726e+01	2.380872e+00	1.020271e-01	-1.126004e+00	-5.473068e-01	
1  345.728	6.945647e+01	2.368623e+00	1.018572e-01	-1.106037e+00	-5.670566e-01	
4  345.422	6.904549e+01	2.384038e+00	1.014633e-01	-1.092070e+00	-6.539495e-01	
2  346.142	6.967272e+01	2.380223e+00	1.022905e-01	-1.085417e+00	-6.907415e-01	
1  345.755	6.972810e+01	2.389658e+00	1.036658e-01	-1.093691e+00	-6.800129e-01	
1  345.749	6.976457e+01	2.375307e+00	1.048471e-01	-1.094310e+00	-7.395468e-01	
1  345.864	6.900671e+01	2.374879e+00	1.034790e-01	-1.109175e+00	-7.253735e-01	
2  344.093	6.891680e+01	2.368502e+00	1.065055e-01	-1.066141e+00	-6.945354e-01	
2  344.6	6.856963e+01	2.386717e+00	1.071059e-01	-1.077801e+00	-6.711604e-01	
1  345.386	6.816647e+01	2.419253e+00	1.089519e-01	-1.060986e+00	-6.940390e-01	
1  344.806	6.834188e+01	2.449093e+00	1.062172e-01	-1.048944e+00	-7.326719e-01	
1  343.582	6.852245e+01	2.436977e+00	1.060887e-01	-1.018446e+00	-7.367318e-01	
1  344.641	6.960583e+01	2.447479e+00	1.084572e-01	-1.090237e+00	-7.609144e-01	
3  343.844	6.912704e+01	2.447364e+00	1.087286e-01	-1.050900e+00	-8.046559e-01	
1  343.428	6.884447e+01	2.416286e+00	1.088450e-01	-1.034964e+00	-7.524421e-01	
6  343.211	6.867516e+01	2.415437e+00	1.097728e-01	-1.024814e+00	-7.234243e-01	
3  343.367	6.864147e+01	2.428945e+00	1.085636e-01	-1.030954e+00	-7.177118e-01	
1  343.376	6.893964e+01	2.408769e+00	1.104705e-01	-1.013707e+00	-7.477177e-01	
1  345.978	6.923628e+01	2.404569e+00	1.076120e-01	-9.806638e-01	-7.065987e-01	
3  344.934	6.915647e+01	2.416836e+00	1.062499e-01	-9.896839e-01	-7.688587e-01	
1  344.625	6.926183e+01	2.409732e+00	1.050433e-01	-1.033396e+00	-7.123068e-01	
1  344.299	6.846602e+01	2.406648e+00	1.048747e-01	-1.048116e+00	-6.834992e-01	
5  343.46	6.861074e+01	2.419867e+00	1.065687e-01	-1.013576e+00	-6.817511e-01	
2  344.007	6.854206e+01	2.426149e+00	1.078859e-01	-9.642942e-01	-6.660918e-01	
2  344.075	6.853501e+01	2.427824e+00	1.071069e-01	-9.649499e-01	-6.647162e-01	
1  343.817	6.809352e+01	2.412537e+00	1.069688e-01	-9.675592e-01	-6.146639e-01	
2  343.597	6.821374e+01	2.396530e+00	1.075105e-01	-9.755733e-01	-6.949721e-01	
1  344.194	6.796323e+01	2.394058e+00	1.105963e-01	-1.021131e+00	-6.825320e-01	
1  343.411	6.895154e+01	2.376455e+00	1.115286e-01	-1.025665e+00	-6.722904e-01	
9  343.067	6.876611e+01	2.395570e+00	1.133667e-01	-1.045759e+00	-6.452043e-01	
3  343.44	6.912655e+01	2.405996e+00	1.135018e-01	-1.031384e+00	-6.709121e-01	
2  344.101	6.829801e+01	2.405051e+00	1.099742e-01	-1.053693e+00	-6.435216e-01	
1  343.731	6.830315e+01	2.383812e+00	1.078113e-01	-1.029717e+00	-6.655033e-01	
1  345.419	6.795916e+01	2.375664e+00	1.066327e-01	-1.059390e+00	-5.844300e-01	
3  346.188	6.805711e+01	2.382029e+00	1.039649e-01	-1.064221e+00	-6.593250e-01	
2  345.277	6.786296e+01	2.346728e+00	1.046697e-01	-1.024306e+00	-6.444595e-01	
1  344.759	6.814983e+01	2.340977e+00	1.039865e-01	-1.015396e+00	-6.329766e-01	
1  343.992	6.844127e+01	2.335458e+00	1.074098e-01	-1.003193e+00	-6.792078e-01	
2  344.163	6.828298e+01	2.336459e+00	1.086643e-01	-9.719866e-01	-6.805650e-01	
1  343.829	6.819837e+01	2.303321e+00	1.110793e-01	-9.776200e-01	-6.985769e-01	
1  344.727	6.770547e+01	2.277500e+00	1.114979e-01	-9.378045e-01	-7.033178e-01	
1  345.27	6.842314e+01	2.278058e+00	1.116585e-01	-9.459995e-01	-7.548131e-01	
3  344.713	6.820139e+01	2.287224e+00	1.127702e-01	-9.392996e-01	-7.418868e-01	
2  345.317	6.767698e+01	2.305915e+00	1.134157e-01	-9.012427e-01	-7.068327e-01	
2  344.819	6.826508e+01	2.326074e+00	1.123348e-01	-9.319565e-01	-7.283979e-01	
1  343.315	6.842350e+01	2.311272e+00	1.129898e-01	-1.000223e+00	-6.915434e-01	
1  343.706	6.907823e+01	2.316666e+00	1.146904e-01	-1.031153e+00	-6.716181e-01	
1  344.027	6.832544e+01	2.321390e+00	1.148336e-01	-1.065414e+00	-6.794943e-01	
3  343.063	6.876048e+01	2.329078e+00	1.158345e-01	-1.022605e+00	-7.126183e-01	
2  343.373	6.821763e+01	2.341104e+00	1.164750e-01	-1.027907e+00	-6.856557e-01	
1  344.016	6.754070e+01	2.337776e+00	1.162461e-01	-9.643799e-01	-6.772977e-01	
1  343.487	6.800754e+01	2.348808e+00	1.153213e-01	-1.016449e+00	-6.304041e-01	
1  343.263	6.861847e+01	2.318853e+00	1.165383e-01	-1.008942e+00	-6.180174e-01	
5  343.355	6.794602e+01	2.312051e+00	1.157383e-01	-9.897448e-01	-6.499803e-01	
1  343.735	6.790576e+01	2.290893e+00	1.150646e-01	-9.651088e-01	-6.531635e-01	
4  343.953	6.779414e+01	2.280924e+00	1.160614e-01	-9.448974e-01	-7.010975e-01	
1  343.982	6.793308e+01	2.275184e+00	1.158835e-01	-9.551562e-01	-6.624677e-01	
2  344.161	6.796152e+01	2.270179e+00	1.155404e-01	-9.501914e-01	-6.762271e-01	
1  343.259	6.812562e+01	2.297062e+00	1.153751e-01	-9.857214e-01	-6.982457e-01	
3  343.302	6.799029e+01	2.305172e+00	1.158974e-01	-9.924711e-01	-6.675448e-01	
3  343.953	6.815816e+01	2.314693e+00	1.193028e-01	-9.561179e-01	-6.215572e-01	
3  344.652	6.745835e+01	2.322513e+00	1.179022e-01	-9.200598e-01	-6.198400e-01	
2  344.852	6.742585e+01	2.349231e+00	1.197374e-01	-9.841637e-01	-6.193530e-01	
1  345.421	6.808320e+01	2.352334e+00	1.198095e-01	-1.066155e+00	-6.681190e-01	
2  343.796	6.881092e+01	2.350872e+00	1.158371e-01	-9.896764e-01	-6.743818e-01	
2  343.549	6.901121e+01	2.342434e+00	1.152956e-01	-1.014888e+00	-7.238879e-01	
1  343.213	6.868390e+01	2.346620e+00	1.128053e-01	-1.006963e+00	-7.338939e-01	
1  343.579	6.876762e+01	2.357068e+00	1.126093e-01	-9.867433e-01	-7.660460e-01	
2  343.669	6.857501e+01	2.332853e+00	1.148852e-01	-9.679310e-01	-7.625738e-01	
2  344.327	6.832935e+01	2.324301e+00	1.149350e-01	-9.349269e-01	-7.642091e-01	
2  343.705	6.767147e+01	2.320487e+00	1.166819e-01	-9.576640e-01	-7.891940e-01	
1  343.39	6.814357e+01	2.334239e+00	1.138645e-01	-9.495072e-01	-8.142040e-01	
1  343.157	6.827369e+01	2.355380e+00	1.137368e-01	-9.945412e-01	-8.106501e-01	
1  343.112	6.834680e+01	2.359646e+00	1.134026e-01	-9.979554e-01	-7.984078e-01	
1  344.255	6.920666e+01	2.356173e+00	1.140891e-01	-9.973674e-01	-8.241850e-01	
1  343.607	6.895977e+01	2.364985e+00	1.162016e-01	-9.905478e-01	-8.061618e-01	
1  343.615	6.891198e+01	2.358437e+00	1.151257e-01	-9.890140e-01	-7.927415e-01	
1  343.69	6.928707e+01	2.337783e+00	1.161374e-01	-1.042041e+00	-7.725156e-01	
1  343.938	6.933827e+01	2.354835e+00	1.143912e-01	-1.041572e+00	-6.971478e-01	
1  343.02	6.855066e+01	2.358614e+00	1.135527e-01	-1.024136e+00	-6.894041e-01	
1  344.314	6.789015e+01	2.377342e+00	1.141219e-01	-1.012576e+00	-7.413778e-01	
3  343.395	6.837390e+01	2.374947e+00	1.127098e-01	-1.027075e+00	-7.397629e-01	
2  343.36	6.872018e+01	2.388127e+00	1.090820e-01	-1.020064e+00	-7.474131e-01	
1  343.432	6.887310e+01	2.390210e+00	1.124288e-01	-1.057466e+00	-7.280032e-01	
1  343.315	6.882562e+01	2.403421e+00	1.142787e-01	-1.047304e+00	-7.303897e-01	
1  343.929	6.857340e+01	2.408425e+00	1.143185e-01	-1.056390e+00	-7.262411e-01	
2  343.621	6.886776e+01	2.394536e+00	1.140926e-01	-1.063297e+00	-7.415783e-01	
2  343.104	6.880913e+01	2.383007e+00	1.150527e-01	-1.010039e+00	-7.568683e-01	
1  343.207	6.859265e+01	2.379176e+00	1.164584e-01	-1.031641e+00	-7.380721e-01	
3  343.308	6.887067e+01	2.360212e+00	1.194200e-01	-1.009091e+00	-7.517517e-01	
5  343.618	6.833776e+01	2.347171e+00	1.192061e-01	-1.032701e+00	-7.467046e-01	
2  344.048	6.930787e+01	2.331505e+00	1.192874e-01	-1.024904e+00	-7.666064e-01	
2  343.735	6.919141e+01	2.332683e+00	1.199992e-01	-1.027078e+00	-7.459993e-01	
3  343.554	6.922348e+01	2.334111e+00	1.200282e-01	-1.057090e+00	-7.534634e-01	
4  343.423	6.887481e+01	2.362798e+00	1.215957e-01	-1.033004e+00	-7.278871e-01	
2  345.956	6.806500e+01	2.372173e+00	1.234436e-01	-1.043798e+00	-7.598547e-01	
1  344.06	6.821543e+01	2.378729e+00	1.238638e-01	-9.908638e-01	-8.030019e-01	
2  344.602	6.848438e+01	2.372269e+00	1.260267e-01	-1.023070e+00	-8.019831e-01	
1  345.205	6.805149e+01	2.373222e+00	1.256238e-01	-1.009772e+00	-7.886653e-01	
1  344.881	6.777794e+01	2.360575e+00	1.239542e-01	-9.921196e-01	-7.488147e-01	
2  344.749	6.871145e+01	2.368394e+00	1.261404e-01	-9.534922e-01	-8.080777e-01	
1  344.751	6.746537e+01	2.364691e+00	1.239742e-01	-9.104561e-01	-7.784453e-01	
5  344.658	6.756005e+01	2.357527e+00	1.247495e-01	-9.361020e-01	-7.572093e-01	
4  345.091	6.736939e+01	2.348328e+00	1.241205e-01	-9.393643e-01	-7.782431e-01	
1  345.867	6.735535e+01	2.369004e+00	1.243593e-01	-9.568325e-01	-7.797090e-01	
3  345.058	6.738331e+01	2.366431e+00	1.237754e-01	-9.361623e-01	-7.507481e-01	
3  344.107	6.794245e+01	2.360474e+00	1.235588e-01	-9.270286e-01	-7.667275e-01	
4  343.697	6.849863e+01	2.378006e+00	1.223207e-01	-1.013884e+00	-7.802089e-01	
3  344.819	6.934904e+01	2.366789e+00	1.213823e-01	-9.959223e-01	-8.277198e-01	
6  343.76	6.902430e+01	2.373842e+00	1.211394e-01	-1.003055e+00	-7.947172e-01	
3  343.202	6.823751e+01	2.352247e+00	1.198410e-01	-9.632991e-01	-8.310550e-01	
1  345.579	6.710805e+01	2.386164e+00	1.191614e-01	-9.244118e-01	-8.094462e-01	
1  344.191	6.767850e+01	2.381812e+00	1.195111e-01	-9.577294e-01	-8.212352e-01	
6  344.428	6.753967e+01	2.399935e+00	1.196209e-01	-8.898736e-01	-7.876567e-01	
3  346.688	6.831648e+01	2.390662e+00	1.188098e-01	-8.677415e-01	-8.206439e-01	
1  345.606	6.702088e+01	2.405006e+00	1.193191e-01	-9.014168e-01	-7.841182e-01	
1  344.686	6.725306e+01	2.415182e+00	1.173444e-01	-8.905994e-01	-7.709314e-01	
3  344.927	6.776455e+01	2.418813e+00	1.197403e-01	-8.763884e-01	-7.721375e-01	
4  345.216	6.716073e+01	2.425695e+00	1.178259e-01	-8.763790e-01	-7.106040e-01	
3  344.444	6.773648e+01	2.442830e+00	1.218332e-01	-9.283491e-01	-7.006959e-01	
4  344.491	6.814428e+01	2.460932e+00	1.209659e-01	-9.172057e-01	-7.080095e-01	
1  344.604	6.779034e+01	2.466277e+00	1.221129e-01	-9.413272e-01	-6.682878e-01	
1  344.68	6.754126e+01	2.463220e+00	1.201819e-01	-9.307433e-01	-6.647796e-01	
2  345.881	6.711147e+01	2.478731e+00	1.196722e-01	-9.105641e-01	-6.610889e-01	
1  345.776	6.708455e+01	2.486609e+00	1.193968e-01	-8.756242e-01	-7.143755e-01	
2  345.549	6.743985e+01	2.501444e+00	1.222964e-01	-8.854451e-01	-7.821114e-01	
1  345.26	6.846811e+01	2.507002e+00	1.210919e-01	-9.074568e-01	-7.573704e-01	
2  344.746	6.862635e+01	2.508466e+00	1.186461e-01	-9.173057e-01	-7.952655e-01	
1  343.563	6.852013e+01	2.493290e+00	1.174114e-01	-9.542990e-01	-7.966640e-01	
4  343.779	6.900312e+01	2.480310e+00	1.162275e-01	-1.028734e+00	-7.924760e-01	
1  345.962	6.790313e+01	2.490370e+00	1.159554e-01	-1.017650e+00	-7.439822e-01	
2  343.704	6.797282e+01	2.489823e+00	1.169339e-01	-9.574366e-01	-6.942244e-01	
2  343.812	6.789055e+01	2.489689e+00	1.162608e-01	-9.558247e-01	-7.273987e-01	
1  343.865	6.777908e+01	2.493913e+00	1.163635e-01	-9.189461e-01	-7.256054e-01	
1  344.101	6.784826e+01	2.489837e+00	1.179277e-01	-9.058811e-01	-7.440308e-01	
1  344.417	6.805095e+01	2.491923e+00	1.210366e-01	-9.088463e-01	-8.101023e-01	
1  344.364	6.837051e+01	2.499669e+00	1.215885e-01	-9.352942e-01	-8.677249e-01	
2  344.779	6.859485e+01	2.500098e+00	1.205089e-01	-9.123321e-01	-8.722907e-01	
1  344.881	6.799742e+01	2.513820e+00	1.202219e-01	-9.515846e-01	-8.616844e-01	
2  344.596	6.867648e+01	2.526340e+00	1.209063e-01	-9.649039e-01	-8.903206e-01	
2  344.995	6.846744e+01	2.508883e+00	1.230261e-01	-9.658232e-01	-8.818330e-01	
3  346.421	6.924695e+01	2.505417e+00	1.238319e-01	-9.446497e-01	-8.960488e-01	
2  346.829	6.988947e+01	2.517250e+00	1.216040e-01	-1.016725e+00	-9.304052e-01	
2  345.966	6.974299e+01	2.522790e+00	1.187818e-01	-1.003647e+00	-9.058354e-01	
1  345.284	6.898959e+01	2.490770e+00	1.208782e-01	-9.331231e-01	-8.807338e-01	
1  345.961	6.849191e+01	2.494451e+00	1.216945e-01	-8.818515e-01	-8.494365e-01	
3  344.417	6.828349e+01	2.507769e+00	1.215062e-01	-9.406923e-01	-8.343121e-01	
1  345.414	6.758047e+01	2.505102e+00	1.202305e-01	-8.505469e-01	-8.238285e-01	
4  345.432	6.729063e+01	2.509845e+00	1.197592e-01	-8.625950e-01	-8.076172e-01	
1  344.232	6.792823e+01	2.511186e+00	1.188704e-01	-9.093111e-01	-7.557307e-01	
1  344.28	6.793081e+01	2.515628e+00	1.194089e-01	-9.270143e-01	-7.792690e-01	
1  344.621	6.808517e+01	2.540301e+00	1.204483e-01	-9.397132e-01	-7.765470e-01	
3  345.447	6.858915e+01	2.527089e+00	1.208600e-01	-9.112078e-01	-7.545623e-01	
3  344.568	6.833992e+01	2.511729e+00	1.208264e-01	-9.170919e-01	-7.914319e-01	
2  344.193	6.804647e+01	2.489881e+00	1.203187e-01	-9.407966e-01	-8.169018e-01	
1  343.954	6.798303e+01	2.497420e+00	1.185586e-01	-9.403839e-01	-7.660733e-01	
2  344.18	6.770460e+01	2.497122e+00	1.164672e-01	-9.348126e-01	-7.898132e-01	
4  343.332	6.810953e+01	2.487740e+00	1.148112e-01	-9.369733e-01	-8.395458e-01	
6  343.378	6.794368e+01	2.465369e+00	1.145941e-01	-9.263322e-01	-8.369344e-01	
2  343.402	6.799561e+01	2.455124e+00	1.150188e-01	-9.670034e-01	-7.253771e-01	
1  343.994	6.774781e+01	2.405263e+00	1.128480e-01	-9.822043e-01	-7.295615e-01	
4  344.027	6.769016e+01	2.375932e+00	1.117936e-01	-9.822793e-01	-6.990376e-01	
1  343.287	6.833173e+01	2.365282e+00	1.104749e-01	-9.865536e-01	-7.408306e-01	
2  345.28	6.921909e+01	2.375652e+00	1.108384e-01	-9.834231e-01	-7.598947e-01	
3  346.461	6.938649e+01	2.382502e+00	1.109636e-01	-9.764748e-01	-7.519619e-01	
1  344.647	6.928330e+01	2.387262e+00	1.119531e-01	-9.986046e-01	-7.666142e-01	
3  344.821	6.929678e+01	2.408520e+00	1.108293e-01	-9.947249e-01	-7.513676e-01	
4  344.167	6.855390e+01	2.407674e+00	1.124249e-01	-9.366741e-01	-7.738993e-01	
1  343.726	6.871117e+01	2.403173e+00	1.097628e-01	-9.710079e-01	-7.759465e-01	
1  343.285	6.838402e+01	2.391733e+00	1.106904e-01	-1.016449e+00	-7.301445e-01	
2  343.129	6.852323e+01	2.400332e+00	1.106454e-01	-9.907498e-01	-7.766648e-01	
2  344.346	6.791843e+01	2.370158e+00	1.074171e-01	-9.998758e-01	-7.593759e-01	
1  344.897	6.794166e+01	2.337447e+00	1.074609e-01	-1.024130e+00	-7.398713e-01	
1  345.075	6.891601e+01	2.319792e+00	1.069225e-01	-1.003893e+00	-7.213164e-01	
1  344.498	6.792011e+01	2.329500e+00	1.065170e-01	-9.748453e-01	-6.890562e-01	
2  344.586	6.814936e+01	2.324802e+00	1.071874e-01	-9.660778e-01	-6.903994e-01	
1  345.077	6.830278e+01	2.323975e+00	1.061785e-01	-9.628757e-01	-7.100590e-01	
2  345.107	6.777993e+01	2.330542e+00	1.108970e-01	-9.219449e-01	-6.399019e-01	
3  345.394	6.804726e+01	2.336852e+00	1.098020e-01	-9.235767e-01	-6.694414e-01	
1  344.641	6.790350e+01	2.350443e+00	1.104684e-01	-9.248132e-01	-6.850591e-01	
1  344.465	6.744480e+01	2.362000e+00	1.111295e-01	-9.635212e-01	-6.668391e-01	
1  344.327	6.758302e+01	2.375036e+00	1.089200e-01	-9.680002e-01	-6.876484e-01	
1  344.417	6.771170e+01	2.392184e+00	1.102135e-01	-9.959750e-01	-7.030850e-01	
1  343.64	6.867393e+01	2.394891e+00	1.101270e-01	-1.063231e+00	-6.671500e-01	
2  343.388	6.862149e+01	2.362607e+00	1.132153e-01	-1.066437e+00	-6.267074e-01	
2  343.533	6.815006e+01	2.355427e+00	1.125654e-01	-1.032211e+00	-6.247827e-01	
1  343.999	6.843298e+01	2.349486e+00	1.118899e-01	-1.077704e+00	-6.038509e-01	
3  344.256	6.943304e+01	2.339377e+00	1.116067e-01	-1.071353e+00	-5.777680e-01	
2  346.334	6.967641e+01	2.333550e+00	1.117913e-01	-1.036284e+00	-6.368750e-01	
1  344.441	6.942366e+01	2.335944e+00	1.144886e-01	-1.049436e+00	-6.022765e-01	
1  345.194	6.971067e+01	2.340951e+00	1.139009e-01	-1.058055e+00	-6.475377e-01	
1  344.225	6.962230e+01	2.345833e+00	1.144899e-01	-1.083688e+00	-6.352095e-01	
2  344.54	6.946610e+01	2.345082e+00	1.142266e-01	-1.146005e+00	-6.152243e-01	
2  343.244	6.909369e+01	2.337193e+00	1.163130e-01	-1.085814e+00	-5.964818e-01	
1  343.765	6.921587e+01	2.358375e+00	1.160881e-01	-1.112567e+00	-6.065174e-01	
1  343.749	6.939733e+01	2.334006e+00	1.168382e-01	-1.110453e+00	-6.308780e-01	
2  344.615	6.987911e+01	2.322176e+00	1.160097e-01	-1.132569e+00	-6.138568e-01	
1  344.284	6.944262e+01	2.315954e+00	1.147911e-01	-1.143584e+00	-6.068654e-01	
1  344.292	6.948520e+01	2.343447e+00	1.128196e-01	-1.073212e+00	-5.477944e-01	
1  343.465	6.866990e+01	2.326956e+00	1.147565e-01	-1.100701e+00	-4.985231e-01	
1  343.056	6.828199e+01	2.344490e+00	1.157345e-01	-1.033345e+00	-5.216642e-01	
1  343.892	6.911425e+01	2.343182e+00	1.178250e-01	-1.046717e+00	-4.567221e-01	
2  343.193	6.901926e+01	2.342582e+00	1.163631e-01	-1.068882e+00	-4.597185e-01	
1  343.763	6.928951e+01	2.363038e+00	1.149948e-01	-1.080998e+00	-3.721564e-01	
2  344.579	6.895076e+01	2.352174e+00	1.155075e-01	-1.018996e+00	-4.286177e-01	
2  344.827	6.944300e+01	2.383639e+00	1.134231e-01	-1.055414e+00	-4.265643e-01	
1  345.497	6.935871e+01	2.344879e+00	1.126103e-01	-1.050496e+00	-3.861392e-01	
2  343.801	6.892597e+01	2.333443e+00	1.112253e-01	-1.058150e+00	-4.202277e-01	
1  344.289	6.901237e+01	2.335215e+00	1.090042e-01	-1.062734e+00	-4.098461e-01	
1  343.684	6.828131e+01	2.366532e+00	1.096256e-01	-1.065399e+00	-4.605350e-01	
2  343.664	6.819175e+01	2.384913e+00	1.076530e-01	-1.034787e+00	-4.678259e-01	
1  344.275	6.798416e+01	2.370977e+00	1.077053e-01	-9.917365e-01	-4.413850e-01	
3  344.201	6.806871e+01	2.368298e+00	1.086921e-01	-9.968012e-01	-4.073000e-01	
3  344.587	6.786015e+01	2.367415e+00	1.106942e-01	-9.680262e-01	-4.142583e-01	
1  343.846	6.778398e+01	2.385649e+00	1.120688e-01	-9.984428e-01	-3.855741e-01	
2  343.397	6.810380e+01	2.372592e+00	1.114712e-01	-1.031472e+00	-4.152746e-01	
3  343.647	6.795644e+01	2.389536e+00	1.159197e-01	-1.036763e+00	-4.098302e-01	
1  343.336	6.806282e+01	2.384573e+00	1.172506e-01	-1.010147e+00	-4.380576e-01	
2  343.635	6.805677e+01	2.388648e+00	1.149008e-01	-1.051462e+00	-4.154699e-01	
1  343.027	6.878285e+01	2.399143e+00	1.134357e-01	-1.082996e+00	-4.220456e-01	
1  343.268	6.842716e+01	2.407618e+00	1.111531e-01	-1.071165e+00	-4.044988e-01	
1  343.813	6.853698e+01	2.411036e+00	1.115708e-01	-1.102940e+00	-4.024635e-01	
1  344.433	6.855300e+01	2.406632e+00	1.077948e-01	-1.117649e+00	-3.915341e-01	
2  344.479	6.960510e+01	2.392468e+00	1.080073e-01	-1.166142e+00	-3.662324e-01	
1  345.15	6.976967e+01	2.378047e+00	1.074747e-01	-1.191787e+00	-3.596340e-01	
2  345.528	6.996712e+01	2.385953e+00	1.059948e-01	-1.155622e+00	-4.362935e-01	
1  344.291	6.940772e+01	2.380033e+00	1.066110e-01	-1.122020e+00	-4.374130e-01	
3  343.93	6.877678e+01	2.371504e+00	1.063730e-01	-1.094656e+00	-4.479733e-01	
2  344.471	6.849164e+01	2.360520e+00	1.044754e-01	-1.052743e+00	-3.755984e-01	
1  344.394	6.855728e+01	2.344118e+00	1.069773e-01	-1.056275e+00	-2.874586e-01	
2  344.726	6.847082e+01	2.337825e+00	1.078004e-01	-1.032730e+00	-3.128055e-01	
1  343.874	6.890962e+01	2.327441e+00	1.081900e-01	-1.108492e+00	-3.252319e-01	
3  343.779	6.871792e+01	2.303638e+00	1.105147e-01	-1.118560e+00	-3.812911e-01	
3  343.324	6.875617e+01	2.317946e+00	1.116621e-01	-1.089062e+00	-3.956997e-01	
1  343.259	6.885967e+01	2.323675e+00	1.123691e-01	-1.109273e+00	-3.093739e-01	
1  343.849	6.892336e+01	2.307625e+00	1.135601e-01	-1.159897e+00	-3.079960e-01	
1  343.589	6.902878e+01	2.304589e+00	1.116967e-01	-1.114382e+00	-2.849782e-01	
4  343.983	6.834905e+01	2.314724e+00	1.115997e-01	-1.115305e+00	-2.964651e-01	
1  343.975	6.838060e+01	2.297455e+00	1.122307e-01	-1.117992e+00	-3.172434e-01	
3  343.515	6.834489e+01	2.285650e+00	1.134536e-01	-1.095139e+00	-2.259566e-01	
1  343.677	6.905714e+01	2.290794e+00	1.134714e-01	-1.107753e+00	-2.553108e-01	
2  343.688	6.828969e+01	2.267862e+00	1.142885e-01	-1.054328e+00	-3.146027e-01	
2  343.747	6.825265e+01	2.296152e+00	1.117841e-01	-1.070080e+00	-2.650723e-01	
1  345.814	6.771845e+01	2.281755e+00	1.122304e-01	-1.112159e+00	-2.134158e-01	
1  344.264	6.827305e+01	2.273043e+00	1.104184e-01	-1.111906e+00	-2.551475e-01	
1  344.003	6.857899e+01	2.246512e+00	1.110248e-01	-1.099874e+00	-2.979021e-01	
2  344.128	6.861235e+01	2.246598e+00	1.121660e-01	-1.145937e+00	-2.861957e-01	
2  345.422	6.833383e+01	2.232829e+00	1.109792e-01	-1.160634e+00	-2.567649e-01	
2  344.757	6.881007e+01	2.233687e+00	1.102394e-01	-1.173703e+00	-2.624895e-01	
1  344.459	6.926605e+01	2.251777e+00	1.101482e-01	-1.180471e+00	-2.542605e-01	
1  344.784	6.898257e+01	2.252919e+00	1.078958e-01	-1.163785e+00	-2.483877e-01	
2  345.569	6.917919e+01	2.254967e+00	1.051504e-01	-1.168703e+00	-1.926417e-01	
2  345.432	6.893774e+01	2.271959e+00	1.046385e-01	-1.135642e+00	-1.855409e-01	
1  345.956	6.898696e+01	2.259053e+00	1.039978e-01	-1.133573e+00	-1.861675e-01	
2  346.3	6.878949e+01	2.245894e+00	1.040495e-01	-1.102146e+00	-9.678085e-02	
1  345.455	6.837320e+01	2.266032e+00	1.035302e-01	-1.097622e+00	-7.919433e-02	
1  344.896	6.905823e+01	2.246668e+00	1.019413e-01	-1.121930e+00	-2.532812e-02	
2  346.127	6.836703e+01	2.233157e+00	1.010036e-01	-1.108447e+00	-5.259982e-02	
1  346.029	6.842261e+01	2.225284e+00	1.022207e-01	-1.108322e+00	-5.960538e-02	
3  343.985	6.887780e+01	2.230314e+00	1.016925e-01	-1.063193e+00	-8.676180e-05	
2  344.548	6.833181e+01	2.247947e+00	1.022107e-01	-1.085315e+00	2.275216e-02	
1  346.344	6.874821e+01	2.230343e+00	1.016747e-01	-1.143581e+00	3.482141e-02	
6  345.906	6.921751e+01	2.229395e+00	9.975051e-02	-1.140091e+00	4.242671e-02	
9  345.728	7.001417e+01	2.236910e+00	9.978967e-02	-1.127651e+00	1.202486e-02	
5  344.516	6.969210e+01	2.262022e+00	9.892395e-02	-1.165930e+00	1.452758e-02	
1  344.684	7.005511e+01	2.241605e+00	9.866626e-02	-1.130108e+00	3.262830e-02	
5  344.526	6.925024e+01	2.214903e+00	9.960901e-02	-1.137876e+00	3.621719e-02	
2  345.984	6.990317e+01	2.205300e+00	1.007904e-01	-1.081961e+00	1.670715e-02	
5  345.387	6.924922e+01	2.189612e+00	1.008713e-01	-1.085655e+00	-9.109309e-04	
5  343.482	6.928164e+01	2.189380e+00	9.939347e-02	-1.048424e+00	2.721536e-02	
2  343.387	6.824177e+01	2.186770e+00	9.891574e-02	-1.019821e+00	2.609107e-02	
6  343.475	6.812814e+01	2.186808e+00	9.901878e-02	-1.018283e+00	2.262218e-02	
3  343.133	6.901296e+01	2.170870e+00	9.932870e-02	-1.035939e+00	2.821716e-02	
14  343.184	6.842079e+01	2.158163e+00	1.010732e-01	-1.020099e+00	1.936090e-02	
10  343.416	6.836936e+01	2.165296e+00	9.992244e-02	-1.048553e+00	1.647543e-02	
2  344.731	6.865960e+01	2.168162e+00	1.008035e-01	-1.051466e+00	3.519301e-04	
3  343.126	6.860671e+01	2.139404e+00	1.013980e-01	-1.040048e+00	2.091490e-02	
2  344.267	6.861396e+01	2.142131e+00	9.845658e-02	-1.051220e+00	4.091869e-02	
2  344.944	6.807974e+01	2.133511e+00	9.839882e-02	-1.081052e+00	1.528805e-02	
10  344.471	6.823546e+01	2.149618e+00	9.852245e-02	-1.070209e+00	3.098834e-02	
1  345.638	6.851831e+01	2.145168e+00	9.858724e-02	-1.084047e+00	4.279125e-02	
6  343.291	6.925621e+01	2.154109e+00	9.993901e-02	-1.056742e+00	3.244136e-02	
12  346.626	7.035603e+01	2.163433e+00	9.808752e-02	-1.063274e+00	4.304198e-02	
1  344.764	6.995625e+01	2.162047e+00	9.990055e-02	-1.085272e+00	3.510690e-02	
1  345.17	7.020088e+01	2.156015e+00	1.003224e-01	-1.119737e+00	3.924109e-02	
6  344.526	6.991785e+01	2.138841e+00	9.919994e-02	-1.097065e+00	3.599500e-02	
1  344.121	6.925210e+01	2.135572e+00	9.803374e-02	-1.095789e+00	2.148140e-02	
1  343.801	6.916454e+01	2.138818e+00	1.004434e-01	-1.131960e+00	3.337985e-02	
7  345.048	6.839308e+01	2.109078e+00	1.021919e-01	-1.095662e+00	3.713078e-02	
1  344.198	6.830241e+01	2.100948e+00	1.008515e-01	-1.091620e+00	2.485886e-02	
1  343.502	6.896766e+01	2.090766e+00	9.979317e-02	-1.106765e+00	2.964672e-02	
18  343.389	6.911711e+01	2.077254e+00	1.000490e-01	-1.096242e+00	3.986346e-02	
2  343.207	6.873540e+01	2.063459e+00	9.929421e-02	-1.072593e+00	3.357847e-02	
2  343.432	6.887292e+01	2.064817e+00	9.789187e-02	-1.054164e+00	2.920747e-02	
2  343.99	6.845702e+01	2.023657e+00	9.726502e-02	-1.077700e+00	3.813850e-02	
6  343.432	6.937057e+01	2.008708e+00	9.416056e-02	-1.051484e+00	4.502972e-02	
14  343.504	6.910657e+01	2.030755e+00	9.458119e-02	-1.028043e+00	3.718765e-02	
1  344.565	6.905346e+01	2.039598e+00	9.444999e-02	-1.063777e+00	2.942384e-02	
11  344.241	6.937148e+01	2.055687e+00	9.271517e-02	-1.061387e+00	3.624319e-02	
1  344.751	6.911255e+01	2.074732e+00	9.248487e-02	-1.061927e+00	2.876369e-02	
8  343.71	6.878600e+01	2.086612e+00	9.330454e-02	-1.048079e+00	4.532980e-02	
7  343.437	6.905900e+01	2.101253e+00	9.256006e-02	-9.923133e-01	3.584057e-02	
19  342.959	6.882393e+01	2.095870e+00	9.170667e-02	-9.935984e-01	3.870262e-02	
5  343.234	6.879992e+01	2.093810e+00	9.328374e-02	-1.050892e+00	3.834754e-02	
4  343.842	6.963308e+01	2.080354e+00	9.252334e-02	-1.067634e+00	4.514968e-02	
2  343.937	6.920577e+01	2.081618e+00	9.326447e-02	-1.025558e+00	4.936694e-02	
2  343.976	6.910960e+01	2.104363e+00	9.436402e-02	-1.031529e+00	4.783105e-02	
2  343.243	6.865978e+01	2.124514e+00	9.365600e-02	-9.712497e-01	3.129751e-02	
5  344.59	6.857236e+01	2.136870e+00	9.240015e-02	-1.006080e+00	4.596488e-02	
5  344.807	6.789822e+01	2.123492e+00	9.413939e-02	-1.019132e+00	3.475386e-02	
1  346.567	6.794635e+01	2.145717e+00	9.453854e-02	-1.056280e+00	2.287251e-03	
5  346.301	6.747905e+01	2.144665e+00	9.400042e-02	-1.022411e+00	1.534526e-02	
21  344.264	6.880352e+01	2.140475e+00	9.209303e-02	-1.093902e+00	3.262538e-02	
3  343.979	6.900953e+01	2.144557e+00	9.529680e-02	-1.112263e+00	3.160685e-02	
2  344.312	6.926930e+01	2.143437e+00	9.571420e-02	-1.121863e+00	4.279015e-02	
2  345.264	7.001850e+01	2.117587e+00	9.558894e-02	-1.145509e+00	3.623660e-02	
10  344.672	6.975668e+01	2.110483e+00	9.749180e-02	-1.141240e+00	4.784666e-02	
21  343.811	6.932689e+01	2.077776e+00	9.746344e-02	-1.069128e+00	4.740431e-02	
11  344.642	6.981723e+01	2.045653e+00	9.706502e-02	-1.084493e+00	3.942647e-02	
13  344.122	6.949950e+01	2.021911e+00	9.523042e-02	-1.111379e+00	4.178161e-02	
4  344.416	6.917380e+01	2.046258e+00	9.318813e-02	-1.092968e+00	3.464380e-02	
2  343.843	6.959200e+01	2.053153e+00	9.262563e-02	-1.082510e+00	4.758118e-02	
3  345.001	6.965508e+01	2.040263e+00	9.524323e-02	-1.100089e+00	5.651616e-02	
4  344.595	6.859767e+01	2.039362e+00	9.496427e-02	-1.050402e+00	2.480205e-02	
7  345.693	6.929579e+01	2.047666e+00	9.525334e-02	-1.105573e+00	5.686909e-02	
2  345.43	6.879150e+01	2.053292e+00	9.538715e-02	-1.141552e+00	3.457299e-02	
1  344.862	6.901750e+01	2.068966e+00	9.706919e-02	-1.117613e+00	2.242962e-02	
2  344.003	6.951421e+01	2.090789e+00	9.681758e-02	-1.128328e+00	4.069981e-02	
3  344.357	6.936888e+01	2.115802e+00	9.678012e-02	-1.085371e+00	2.570407e-02	
7  343.954	6.952009e+01	2.124905e+00	1.001382e-01	-1.139096e+00	2.931208e-02	
8  345.048	6.916400e+01	2.136445e+00	9.938708e-02	-1.150738e+00	4.180087e-02	
1  343.836	6.925812e+01	2.162970e+00	9.903532e-02	-1.132913e+00	3.201559e-02	
7  343.672	6.951705e+01	2.170393e+00	9.919115e-02	-1.074044e+00	3.134822e-02	
2  343.951	6.896419e+01	2.166590e+00	1.003905e-01	-1.064474e+00	1.220088e-02	
3  345.486	6.933485e+01	2.169636e+00	9.872178e-02	-1.042590e+00	1.439345e-02	
1  345.494	7.012251e+01	2.179180e+00	1.010021e-01	-1.079478e+00	3.855365e-02	
2  345.062	6.848188e+01	2.178760e+00	1.000599e-01	-1.032792e+00	3.996197e-02	
7  343.631	6.911758e+01	2.165389e+00	1.009433e-01	-1.016214e+00	2.920669e-02	
3  343.592	6.912480e+01	2.163673e+00	9.999551e-02	-1.025859e+00	3.639287e-02	
6  343.177	6.832857e+01	2.166651e+00	9.997018e-02	-9.986468e-01	2.353871e-02	
2  347.431	6.856215e+01	2.175429e+00	1.033610e-01	-9.802936e-01	4.288205e-02	
4  344.918	6.815035e+01	2.161197e+00	1.002370e-01	-1.036122e+00	3.533495e-02	
1  345.288	6.888129e+01	2.179495e+00	9.876062e-02	-9.809396e-01	4.197831e-02	
9  343.934	6.887786e+01	2.208035e+00	9.829310e-02	-9.678281e-01	2.823147e-02	
1  344.547	6.765239e+01	2.220713e+00	9.795557e-02	-9.542578e-01	7.737283e-03	
5  344.868	6.807558e+01	2.195601e+00	9.994323e-02	-9.161942e-01	1.493476e-02	
4  345.271	6.773439e+01	2.187133e+00	9.944956e-02	-9.521633e-01	3.057212e-02	
2  344.817	6.780938e+01	2.179720e+00	9.840012e-02	-9.766068e-01	5.172752e-03	
2  346.47	6.774214e+01	2.167268e+00	9.701787e-02	-9.893671e-01	3.762270e-02	
4  345.176	6.797861e+01	2.161975e+00	9.812878e-02	-9.841942e-01	3.961967e-03	
2  347.905	6.856186e+01	2.170929e+00	9.651019e-02	-9.759808e-01	-6.252249e-04	
4  343.73	6.860033e+01	2.168547e+00	9.767966e-02	-1.024370e+00	1.584092e-02	
2  343.607	6.861183e+01	2.176663e+00	9.645646e-02	-1.050441e+00	1.778613e-02	
4  343.3	6.895104e+01	2.169496e+00	9.239263e-02	-1.045173e+00	3.036603e-02	
2  344.16	6.839692e+01	2.186230e+00	9.445344e-02	-1.062591e+00	3.251553e-02	
5  343.823	6.919282e+01	2.180993e+00	9.494625e-02	-1.078366e+00	2.414668e-02	
4  344.165	6.828872e+01	2.186778e+00	9.566041e-02	-1.046276e+00	1.286633e-02	
1  343.944	6.838417e+01	2.170728e+00	9.437986e-02	-1.055769e+00	2.156201e-02	
1  344.928	6.860556e+01	2.149083e+00	9.589877e-02	-1.029397e+00	1.115697e-02	
2  344.707	6.890282e+01	2.143258e+00	9.560037e-02	-1.001922e+00	1.984546e-02	
3  344.365	6.826744e+01	2.141061e+00	9.632609e-02	-9.639891e-01	1.686004e-02	
3  344.582	6.930330e+01	2.149140e+00	9.564259e-02	-9.695627e-01	3.678703e-02	
1  344.822	6.878503e+01	2.128874e+00	9.409296e-02	-9.716508e-01	2.240130e-02	
8  344.991	6.913649e+01	2.121459e+00	9.507924e-02	-9.396746e-01	3.973667e-02	
4  345.629	6.934622e+01	2.140978e+00	9.626301e-02	-9.509783e-01	3.351522e-02	
13  344.719	6.906943e+01	2.133193e+00	9.722924e-02	-9.766480e-01	4.301863e-02	
5  343.728	6.867367e+01	2.151900e+00	9.748359e-02	-9.686853e-01	2.535210e-02	
2  343.128	6.878270e+01	2.161181e+00	9.854231e-02	-1.012037e+00	3.287061e-02	
5  343.523	6.870768e+01	2.176396e+00	9.962782e-02	-9.791768e-01	2.842374e-02	
19  343.668	6.884802e+01	2.174383e+00	9.925271e-02	-9.879550e-01	2.505751e-02	
8  345.787	6.976505e+01	2.169152e+00	1.012300e-01	-1.013704e+00	3.516294e-02	
2  345.265	6.848426e+01	2.158916e+00	1.012645e-01	-1.071022e+00	-9.885404e-03	
2  344.964	6.852214e+01	2.169570e+00	1.029190e-01	-1.099517e+00	-1.724644e-02	
1  345.903	6.884887e+01	2.169656e+00	1.038837e-01	-1.144124e+00	-4.607180e-02	
4  345.294	6.850443e+01	2.177754e+00	1.072544e-01	-1.175731e+00	-3.811451e-02	
1  345.04	6.855699e+01	2.180957e+00	1.058853e-01	-1.161154e+00	-3.228276e-02	
1  344.454	6.845341e+01	2.181628e+00	1.064600e-01	-1.122261e+00	-2.847459e-02	
3  345.888	6.824541e+01	2.175015e+00	1.068140e-01	-1.072144e+00	-5.611827e-02	
3  346.231	6.775764e+01	2.189159e+00	1.047049e-01	-1.104493e+00	-3.291484e-02	
1  344.71	6.880044e+01	2.205922e+00	1.060790e-01	-1.141312e+00	-4.715605e-02	
4  343.194	6.900815e+01	2.218874e+00	1.065935e-01	-1.109290e+00	1.729417e-02	
3  343.035	6.895014e+01	2.220335e+00	1.043592e-01	-1.086582e+00	1.539581e-02	
5  343.539	6.925555e+01	2.228182e+00	1.078544e-01	-1.107146e+00	-1.031756e-03	
2  343.825	6.881573e+01	2.234885e+00	1.087478e-01	-1.082820e+00	-2.269960e-02	
4  343.25	6.842165e+01	2.243039e+00	1.083542e-01	-1.064281e+00	6.233303e-03	
2  345.199	6.899971e+01	2.229261e+00	1.084817e-01	-1.096621e+00	-5.429915e-02	
1  345.066	6.896275e+01	2.237232e+00	1.083664e-01	-1.106683e+00	-7.165845e-02	
4  343.855	6.890696e+01	2.262730e+00	1.084313e-01	-1.116342e+00	-4.692644e-02	
2  344.974	6.912931e+01	2.288662e+00	1.096985e-01	-1.068416e+00	-3.539587e-02	
1  343.597	6.865707e+01	2.288277e+00	1.087876e-01	-1.070771e+00	-3.060872e-02	
1  344.124	6.929077e+01	2.302923e+00	1.090875e-01	-1.071283e+00	1.798527e-02	
2  343.621	6.952975e+01	2.296855e+00	1.091986e-01	-1.128944e+00	-1.391644e-03	
4  343.219	6.918508e+01	2.276623e+00	1.103533e-01	-1.142739e+00	-1.007488e-02	
1  344.191	6.955256e+01	2.263942e+00	1.115721e-01	-1.163762e+00	1.574421e-02	
5  346.028	7.022925e+01	2.280318e+00	1.104992e-01	-1.167763e+00	-2.682739e-02	
1  344.744	6.984293e+01	2.281645e+00	1.105099e-01	-1.174324e+00	-5.254490e-02	
1  344.621	7.002610e+01	2.287305e+00	1.101435e-01	-1.164718e+00	-2.439298e-03	
3  343.516	6.926539e+01	2.281319e+00	1.099904e-01	-1.171017e+00	-1.226443e-02	
1  343.628	6.918039e+01	2.276721e+00	1.120848e-01	-1.187420e+00	-3.865424e-02	
2  343.67	6.906270e+01	2.262861e+00	1.116915e-01	-1.179150e+00	-7.279040e-02	
1  345.755	6.902332e+01	2.289347e+00	1.103187e-01	-1.235402e+00	-4.968676e-02	
3  345.909	6.956945e+01	2.291162e+00	1.096463e-01	-1.266840e+00	-7.752753e-02	
1  346.673	6.987589e+01	2.308184e+00	1.075644e-01	-1.276716e+00	-1.490213e-01	
2  346.773	6.960595e+01	2.316811e+00	1.060617e-01	-1.268266e+00	-1.215479e-01	
1  350.626	6.877947e+01	2.327853e+00	1.050538e-01	-1.273032e+00	-1.194194e-01	
2  350.387	6.899769e+01	2.318873e+00	1.008898e-01	-1.271941e+00	-1.312183e-01	
1  348.237	6.966276e+01	2.299982e+00	1.021520e-01	-1.271376e+00	-1.724760e-01	
2  349.996	6.944391e+01	2.319590e+00	1.034624e-01	-1.294831e+00	-1.897523e-01	
1  347.877	6.995968e+01	2.313262e+00	1.036058e-01	-1.280309e+00	-1.774135e-01	
7  347.179	6.983913e+01	2.297144e+00	1.050170e-01	-1.274135e+00	-1.481880e-01	
2  350.183	6.900764e+01	2.287257e+00	1.038509e-01	-1.279204e+00	-1.550786e-01	
3  349.921	6.912092e+01	2.271258e+00	1.046937e-01	-1.292648e+00	-1.082093e-01	
3  346.757	6.985945e+01	2.219140e+00	1.055127e-01	-1.225195e+00	-1.212265e-01	
1  345.856	6.927212e+01	2.231294e+00	1.048884e-01	-1.168855e+00	-1.000822e-01	
2  344.923	6.816027e+01	2.214313e+00	1.045439e-01	-1.117716e+00	-2.228351e-02	
1  346.69	6.871369e+01	2.205317e+00	1.050595e-01	-1.071541e+00	-5.389600e-02	
1  347.589	6.823600e+01	2.203493e+00	1.060793e-01	-1.035541e+00	-7.643317e-02	
4  349.521	6.694720e+01	2.205838e+00	1.058124e-01	-1.065950e+00	-1.025555e-01	
1  345.574	6.803364e+01	2.217458e+00	1.069330e-01	-1.078120e+00	-8.179663e-02	
1  345.89	6.799767e+01	2.245958e+00	1.055508e-01	-1.067390e+00	-9.644400e-02	
1  345.409	6.785696e+01	2.245037e+00	1.069704e-01	-1.054077e+00	-6.934973e-02	
2  345.679	6.776186e+01	2.235696e+00	1.081442e-01	-1.098537e+00	-9.019374e-02	
1  346.618	6.757676e+01	2.232593e+00	1.064692e-01	-1.066528e+00	-1.232149e-01	
3  346.367	6.789906e+01	2.233142e+00	1.049187e-01	-1.096297e+00	-1.171243e-01	
1  346.4	6.828724e+01	2.240626e+00	1.030326e-01	-1.113839e+00	-1.237915e-01	
2  345.904	6.852950e+01	2.245681e+00	1.042882e-01	-1.140248e+00	-1.820265e-01	
1  346.661	6.919755e+01	2.252401e+00	1.022461e-01	-1.167427e+00	-1.756500e-01	
1  347.152	6.895121e+01	2.257584e+00	1.012491e-01	-1.121575e+00	-2.318037e-01	
1  346.597	6.903083e+01	2.265643e+00	1.020750e-01	-1.133364e+00	-2.193067e-01	
1  346.369	6.855643e+01	2.276462e+00	1.022845e-01	-1.148584e+00	-2.149712e-01	
1  346.05	6.874966e+01	2.288343e+00	1.022727e-01	-1.154894e+00	-2.010403e-01	
4  345.123	6.850079e+01	2.304170e+00	1.042412e-01	-1.118601e+00	-2.003017e-01	
1  345.511	6.784293e+01	2.275421e+00	1.080705e-01	-1.097054e+00	-2.122744e-01	
2  345.191	6.807553e+01	2.268876e+00	1.074518e-01	-1.103436e+00	-2.397866e-01	
2  345.457	6.812853e+01	2.248351e+00	1.066291e-01	-1.102164e+00	-2.052967e-01	
3  345.9	6.761373e+01	2.263930e+00	1.091768e-01	-1.089649e+00	-1.558686e-01	
1  344.747	6.791560e+01	2.276170e+00	1.106301e-01	-1.098289e+00	-1.655172e-01	
1  344.967	6.795581e+01	2.248938e+00	1.096540e-01	-1.072065e+00	-1.856962e-01	
1  344.303	6.819939e+01	2.262145e+00	1.113855e-01	-1.070798e+00	-1.968247e-01	
1  344.636	6.789840e+01	2.291919e+00	1.098380e-01	-1.077566e+00	-2.123825e-01	
1  344.635	6.793115e+01	2.302936e+00	1.107026e-01	-1.091831e+00	-2.550255e-01	
2  344.625	6.797012e+01	2.294376e+00	1.115671e-01	-1.102271e+00	-2.409711e-01	
2  343.947	6.823546e+01	2.270844e+00	1.122519e-01	-1.107328e+00	-2.009951e-01	
1  343.814	6.871836e+01	2.279598e+00	1.106606e-01	-1.137499e+00	-1.912191e-01	
1  344.031	6.945447e+01	2.281927e+00	1.115939e-01	-1.184630e+00	-1.541775e-01	
1  344.213	6.967943e+01	2.295790e+00	1.112133e-01	-1.200920e+00	-9.658613e-02	
4  343.755	6.926183e+01	2.281741e+00	1.116526e-01	-1.184747e+00	-9.981504e-02	
2  344.509	6.960239e+01	2.278935e+00	1.123553e-01	-1.156179e+00	-9.877436e-02	
5  343.533	6.865201e+01	2.298206e+00	1.131491e-01	-1.145347e+00	-1.579210e-01	
6  343.467	6.845699e+01	2.285009e+00	1.142442e-01	-1.124429e+00	-1.626323e-01	
1  343.531	6.819424e+01	2.268212e+00	1.175598e-01	-1.102280e+00	-1.460911e-01	
1  344.497	6.975669e+01	2.267716e+00	1.174460e-01	-1.162579e+00	-9.896473e-02	
1  343.467	6.936312e+01	2.255116e+00	1.194994e-01	-1.161017e+00	-4.392649e-02	
5  344.338	6.990243e+01	2.257650e+00	1.200226e-01	-1.194764e+00	-4.098031e-02	
3  344.306	6.983618e+01	2.259707e+00	1.196399e-01	-1.227698e+00	-4.011634e-02	
1  344.024	6.917914e+01	2.261074e+00	1.185300e-01	-1.212694e+00	-5.784971e-02	
3  343.429	6.895208e+01	2.255747e+00	1.170240e-01	-1.180531e+00	-9.200090e-02	
2  343.798	6.964059e+01	2.255449e+00	1.184841e-01	-1.213317e+00	-6.960862e-02	
1  344.123	6.966614e+01	2.262688e+00	1.198929e-01	-1.174124e+00	-1.822992e-02	
1  343.757	6.894636e+01	2.284195e+00	1.205912e-01	-1.171383e+00	-4.914920e-02	
1  345.575	7.005831e+01	2.274330e+00	1.216697e-01	-1.165924e+00	-1.027436e-01	
4  344.561	6.971446e+01	2.313499e+00	1.210261e-01	-1.147793e+00	-6.289604e-02	
3  344.904	6.972983e+01	2.303743e+00	1.192561e-01	-1.135638e+00	-7.418513e-02	
1  344.392	6.976589e+01	2.330015e+00	1.196055e-01	-1.156152e+00	-1.053522e-01	
1  343.571	6.948696e+01	2.348128e+00	1.174194e-01	-1.154103e+00	-1.328990e-01	
2  345.025	6.970567e+01	2.339843e+00	1.131160e-01	-1.127941e+00	-1.641970e-01	
1  343.503	6.922729e+01	2.329081e+00	1.130885e-01	-1.179619e+00	-1.137360e-01	
4  343.198	6.894598e+01	2.320348e+00	1.146124e-01	-1.119904e+00	-1.740887e-01	
1  343.141	6.911537e+01	2.328287e+00	1.164648e-01	-1.142438e+00	-1.907371e-01	
2  343.104	6.897398e+01	2.332878e+00	1.174082e-01	-1.123327e+00	-1.520507e-01	
1  343.82	6.834087e+01	2.331259e+00	1.171331e-01	-1.130824e+00	-1.359242e-01	
1  343.596	6.830277e+01	2.324807e+00	1.176189e-01	-1.116775e+00	-1.519790e-01	
3  343.337	6.924725e+01	2.345927e+00	1.178804e-01	-1.136309e+00	-1.269129e-01	
1  343.51	6.896475e+01	2.334753e+00	1.178960e-01	-1.169034e+00	-1.319160e-01	
1  343.407	6.931630e+01	2.314894e+00	1.188273e-01	-1.177295e+00	-1.152724e-01	
1  343.538	6.902687e+01	2.324646e+00	1.187511e-01	-1.174440e+00	-1.042149e-01	
5  343.656	6.955804e+01	2.305677e+00	1.193566e-01	-1.190575e+00	-1.155888e-01	
1  344.006	6.890787e+01	2.293421e+00	1.196676e-01	-1.190617e+00	-1.328522e-01	
2  343.951	6.955764e+01	2.281388e+00	1.196369e-01	-1.218865e+00	-1.363221e-01	
3  343.453	6.932660e+01	2.284851e+00	1.205964e-01	-1.185100e+00	-1.337400e-01	
1  343.57	6.881934e+01	2.242693e+00	1.194651e-01	-1.177871e+00	-1.653611e-01	
1  343.611	6.890353e+01	2.258071e+00	1.223111e-01	-1.172421e+00	-2.233436e-01	
1  343.439	6.899398e+01	2.246047e+00	1.220568e-01	-1.171678e+00	-2.417065e-01	
2  343.667	6.915012e+01	2.244296e+00	1.218793e-01	-1.192052e+00	-2.256297e-01	
3  343.381	6.923270e+01	2.227405e+00	1.206159e-01	-1.187916e+00	-1.928236e-01	
1  343.191	6.871600e+01	2.226459e+00	1.217224e-01	-1.149748e+00	-1.787935e-01	
3  343.24	6.915628e+01	2.226538e+00	1.202669e-01	-1.149190e+00	-2.030281e-01	
1  343.444	6.901739e+01	2.230140e+00	1.173959e-01	-1.128862e+00	-2.003889e-01	
7  343.25	6.888814e+01	2.229624e+00	1.180413e-01	-1.131269e+00	-1.805619e-01	
2  344.457	6.775439e+01	2.242516e+00	1.185405e-01	-1.088949e+00	-1.198146e-01	
1  344.403	6.775552e+01	2.246433e+00	1.195010e-01	-1.048252e+00	-8.770091e-02	
2  345.092	6.761482e+01	2.274779e+00	1.188004e-01	-1.054096e+00	-3.638364e-02	
1  343.862	6.901483e+01	2.275620e+00	1.184351e-01	-1.108159e+00	-6.001371e-03	
6  343.465	6.887566e+01	2.277792e+00	1.161353e-01	-1.143655e+00	-1.843525e-02	
1  345.22	6.972588e+01	2.263215e+00	1.157105e-01	-1.106024e+00	1.378441e-02	
2  344.192	6.883772e+01	2.283945e+00	1.123111e-01	-1.043592e+00	-1.784327e-02	
4  343.997	6.819233e+01	2.280228e+00	1.112055e-01	-1.025939e+00	-2.848565e-02	
2  344.666	6.759936e+01	2.263106e+00	1.137560e-01	-1.042238e+00	-3.308814e-02	
1  344.133	6.865716e+01	2.266405e+00	1.135813e-01	-1.025924e+00	-2.740841e-03	
2  344.887	6.833486e+01	2.272961e+00	1.112492e-01	-1.082950e+00	1.471468e-02	
2  344.525	6.966170e+01	2.282960e+00	1.106804e-01	-1.094046e+00	1.078761e-02	
1  346.884	6.999403e+01	2.270815e+00	1.102985e-01	-1.097927e+00	-1.088058e-02	
1  345.183	6.955719e+01	2.259553e+00	1.098164e-01	-1.096629e+00	-1.811579e-02	
4  343.726	6.922582e+01	2.275097e+00	1.057038e-01	-1.148809e+00	1.438677e-02	
1  343.605	6.925592e+01	2.304199e+00	1.070130e-01	-1.102028e+00	-1.329815e-02	
1  343.908	6.952825e+01	2.297107e+00	1.058153e-01	-1.165623e+00	-1.676089e-02	
5  344.337	6.905098e+01	2.308537e+00	1.046186e-01	-1.163393e+00	8.990075e-03	
5  346.372	6.928026e+01	2.345665e+00	1.050063e-01	-1.159006e+00	3.001360e-02	
1  343.95	6.959355e+01	2.358914e+00	1.044161e-01	-1.163478e+00	-2.171621e-02	
2  343.972	6.938587e+01	2.378243e+00	1.049479e-01	-1.178976e+00	-1.960220e-02	
3  344.715	6.863502e+01	2.372986e+00	1.043355e-01	-1.161742e+00	-3.854738e-02	
3  343.862	6.868023e+01	2.395211e+00	1.026435e-01	-1.128862e+00	-4.245756e-02	
4  343.444	6.866514e+01	2.404628e+00	1.026681e-01	-1.108254e+00	-1.561071e-02	
1  344.827	6.866205e+01	2.439457e+00	1.026898e-01	-1.137567e+00	-6.031299e-03	
1  343.693	6.915499e+01	2.431107e+00	1.023339e-01	-1.108385e+00	9.491603e-03	
2  343.328	6.873024e+01	2.420675e+00	1.021267e-01	-1.085967e+00	9.039097e-04	
1  343.243	6.881735e+01	2.411983e+00	1.041502e-01	-1.047850e+00	-1.428735e-02	
3  343.061	6.851070e+01	2.417863e+00	1.009919e-01	-1.047120e+00	-2.885888e-03	
4  343.52	6.878056e+01	2.442821e+00	1.005221e-01	-1.082577e+00	6.834795e-03	
7  343.424	6.859860e+01	2.432436e+00	9.887165e-02	-1.081728e+00	-2.000506e-02	
1  343.196	6.841674e+01	2.416924e+00	1.011754e-01	-1.051462e+00	-1.600729e-02	
1  343.749	6.931696e+01	2.438499e+00	1.002500e-01	-1.052738e+00	-1.511223e-03	
1  344.028	6.954042e+01	2.440383e+00	9.853103e-02	-1.088058e+00	-6.133865e-03	
13  343.683	6.956291e+01	2.420570e+00	9.771992e-02	-1.090252e+00	1.674374e-02	
2  344.313	6.870004e+01	2.439515e+00	9.617444e-02	-1.070207e+00	2.093203e-02	
2  344.45	6.831294e+01	2.446455e+00	9.568635e-02	-1.073040e+00	-3.601690e-02	
17  343.493	6.868012e+01	2.454519e+00	9.349672e-02	-1.068131e+00	1.003119e-02	
2  344.504	6.963301e+01	2.462218e+00	9.083418e-02	-1.074034e+00	6.369071e-03	
1  343.96	6.946680e+01	2.462794e+00	9.011135e-02	-1.080916e+00	9.184585e-03	
2  344.542	6.929952e+01	2.455099e+00	8.995756e-02	-1.118909e+00	1.551198e-03	
1  344.574	6.989830e+01	2.436027e+00	9.145349e-02	-1.110371e+00	2.892051e-02	
1  345.932	7.033946e+01	2.447658e+00	9.014470e-02	-1.143384e+00	3.326713e-02	
6  345.525	7.028618e+01	2.450899e+00	9.096122e-02	-1.095826e+00	2.833760e-02	
1  345.312	6.982518e+01	2.464736e+00	9.116839e-02	-1.099778e+00	-1.900361e-04	
2  346.435	6.892178e+01	2.472608e+00	9.132278e-02	-1.065094e+00	-5.083656e-02	
2  348.017	6.899625e+01	2.475105e+00	9.271185e-02	-1.035280e+00	-6.456649e-02	
1  347.612	6.891334e+01	2.477383e+00	9.215806e-02	-1.055648e+00	-8.527304e-02	
4  346.113	6.898879e+01	2.507308e+00	9.313336e-02	-1.156255e+00	-9.599905e-02	
1  346.397	6.947075e+01	2.503799e+00	9.429302e-02	-1.101761e+00	-8.039117e-02	
3  345.194	6.836906e+01	2.504253e+00	9.356835e-02	-1.053193e+00	-6.900504e-02	
1  344.561	6.833359e+01	2.523259e+00	9.495715e-02	-1.051381e+00	-6.868237e-02	
4  345.338	6.858715e+01	2.526063e+00	9.457280e-02	-1.049967e+00	-9.968974e-02	
2  346.21	6.801061e+01	2.521965e+00	9.307102e-02	-1.064488e+00	-1.298649e-01	
2  345.633	6.806828e+01	2.533002e+00	9.338675e-02	-1.068124e+00	-9.546534e-02	
2  344.898	6.893109e+01	2.544874e+00	9.383259e-02	-1.092358e+00	-9.029338e-02	
3  344.23	6.884283e+01	2.533560e+00	9.226766e-02	-1.082827e+00	-3.577061e-02	
2  345.699	6.825351e+01	2.547604e+00	9.208979e-02	-1.103765e+00	-2.504883e-02	
1  346.093	6.873428e+01	2.546114e+00	9.314230e-02	-1.146562e+00	-7.237392e-03	
1  345.208	6.929011e+01	2.524606e+00	9.378205e-02	-1.169472e+00	-1.570562e-02	
1  345.838	6.924932e+01	2.508881e+00	9.050271e-02	-1.153390e+00	-3.728332e-02	
5  345.23	6.889797e+01	2.522007e+00	8.886399e-02	-1.126787e+00	-3.908121e-03	
1  346.516	6.889431e+01	2.485642e+00	8.828090e-02	-1.134596e+00	-3.293634e-02	
4  345.86	6.971581e+01	2.483083e+00	8.742793e-02	-1.149871e+00	4.987399e-04	
1  345.946	6.962622e+01	2.480836e+00	8.929699e-02	-1.131455e+00	-1.684160e-02	
5  344.923	6.977645e+01	2.504660e+00	8.874206e-02	-1.102984e+00	3.629754e-03	
3  345.218	6.876652e+01	2.503732e+00	8.979759e-02	-1.114760e+00	-2.235451e-02	
1  345.313	6.889516e+01	2.514381e+00	8.919659e-02	-1.110347e+00	-2.995120e-02	
1  345.769	6.950814e+01	2.535453e+00	9.004830e-02	-1.138353e+00	-3.991683e-02	
6  345.52	6.880110e+01	2.526361e+00	9.094259e-02	-1.114902e+00	-5.883069e-02	
1  346.277	6.906408e+01	2.514174e+00	9.081233e-02	-1.105145e+00	-7.829780e-02	
1  346.135	6.927510e+01	2.509967e+00	9.219517e-02	-1.134901e+00	-9.053221e-02	
1  346.435	6.908715e+01	2.513481e+00	9.222882e-02	-1.072615e+00	-7.530094e-02	
1  343.988	6.857313e+01	2.520025e+00	9.267215e-02	-1.061375e+00	-2.933916e-02	
4  343.335	6.872767e+01	2.535837e+00	9.105300e-02	-1.034571e+00	1.403713e-02	
2  344.049	6.913847e+01	2.503858e+00	8.942158e-02	-1.021146e+00	2.928628e-02	
1  347.266	6.876693e+01	2.458020e+00	8.709898e-02	-1.084288e+00	3.766838e-02	
14  343.017	6.895132e+01	2.472821e+00	8.889352e-02	-1.008611e+00	2.032349e-02	
1  343.737	6.915114e+01	2.482367e+00	8.891861e-02	-1.086499e+00	1.402150e-02	
1  346.78	6.873217e+01	2.469353e+00	8.757833e-02	-1.138136e+00	1.245055e-02	
4  347.007	6.934024e+01	2.463454e+00	8.888987e-02	-1.188433e+00	2.336203e-03	
1  347.136	6.967941e+01	2.434571e+00	8.875768e-02	-1.174503e+00	-1.587632e-02	
1  347.883	7.006055e+01	2.433558e+00	9.066139e-02	-1.150065e+00	-2.241322e-02	
1  348.939	6.985693e+01	2.454728e+00	8.828056e-02	-1.134177e+00	4.962116e-02	
3  345.429	6.967246e+01	2.437117e+00	8.825893e-02	-1.152268e+00	2.440660e-02	
3  345.737	6.852241e+01	2.434234e+00	8.700133e-02	-1.099334e+00	3.179070e-03	
2  348.276	6.895598e+01	2.443971e+00	8.638043e-02	-1.070034e+00	-3.621137e-02	
2  350.946	6.843974e+01	2.433336e+00	8.753152e-02	-1.011505e+00	-6.728874e-02	
6  351.594	6.827558e+01	2.457205e+00	8.586971e-02	-1.005750e+00	-7.900662e-02	
3  350.446	6.783597e+01	2.464617e+00	8.577674e-02	-1.034764e+00	-9.308671e-02	
3  350.673	6.795664e+01	2.430018e+00	8.451192e-02	-1.048880e+00	-6.198705e-02	
1  352.528	6.889131e+01	2.426391e+00	8.053488e-02	-1.118561e+00	-4.984264e-02	
7  350.654	6.848260e+01	2.432195e+00	8.075341e-02	-1.128982e+00	-1.855059e-02	
1  355.279	6.869948e+01	2.407707e+00	7.982219e-02	-1.156868e+00	-8.194921e-02	
4  357.583	6.895319e+01	2.425103e+00	7.842651e-02	-1.242218e+00	-3.183943e-02	
2  354.798	6.909917e+01	2.435731e+00	8.171641e-02	-1.238157e+00	-4.530687e-02	
4  355.694	6.960407e+01	2.441767e+00	8.381123e-02	-1.293938e+00	-5.140801e-02	
1  353.257	7.004437e+01	2.443993e+00	8.720238e-02	-1.307722e+00	-2.065929e-02	
4  352.915	7.021585e+01	2.420889e+00	8.452163e-02	-1.283235e+00	-1.348237e-02	
1  354.51	7.092852e+01	2.409855e+00	8.566212e-02	-1.331314e+00	5.447798e-03	
2  354.731	7.061780e+01	2.420735e+00	8.439465e-02	-1.320901e+00	-8.217029e-03	
1  353.982	7.051066e+01	2.397863e+00	8.336687e-02	-1.296080e+00	-5.853894e-04	
2  352.662	7.018857e+01	2.398879e+00	8.051135e-02	-1.246656e+00	8.015272e-03	
1  354.193	7.020842e+01	2.398844e+00	7.984819e-02	-1.234808e+00	-1.135203e-02	
1  352.617	7.080734e+01	2.410714e+00	8.038579e-02	-1.212824e+00	1.343150e-02	
8  349.437	7.034920e+01	2.408236e+00	7.957208e-02	-1.170479e+00	2.267145e-02	
1  348.648	7.084602e+01	2.422204e+00	8.164768e-02	-1.163190e+00	4.925757e-02	
1  349.076	7.061977e+01	2.433727e+00	8.139307e-02	-1.166410e+00	5.294950e-02	
3  349.027	7.086673e+01	2.433937e+00	7.849193e-02	-1.161581e+00	4.143803e-02	
3  349.481	7.029292e+01	2.427460e+00	7.978513e-02	-1.161436e+00	1.666273e-02	
9  348.286	7.081098e+01	2.449644e+00	7.991842e-02	-1.150887e+00	4.480677e-02	
1  348.545	6.940996e+01	2.458656e+00	8.066308e-02	-1.157834e+00	3.926690e-02	
3  348.821	6.973432e+01	2.460827e+00	8.086316e-02	-1.175248e+00	4.173721e-02	
2  346.984	7.025636e+01	2.445174e+00	8.233565e-02	-1.161311e+00	3.526994e-02	
3  346.746	7.039181e+01	2.448053e+00	7.944046e-02	-1.106523e+00	3.404220e-02	
2  346.133	6.993576e+01	2.446505e+00	8.206649e-02	-1.113260e+00	2.103622e-02	
13  344.732	6.978054e+01	2.433486e+00	8.126213e-02	-1.079964e+00	3.229056e-02	
1  344.11	6.845450e+01	2.442242e+00	8.340714e-02	-1.028694e+00	2.404361e-02	
3  343.989	6.844036e+01	2.425184e+00	8.384257e-02	-1.008919e+00	1.190725e-02	
2  343.976	6.840054e+01	2.428865e+00	8.521956e-02	-9.955215e-01	7.696637e-03	
1  343.316	6.843562e+01	2.414301e+00	8.417195e-02	-9.820374e-01	1.734108e-02	
8  343.722	6.827319e+01	2.426668e+00	8.585521e-02	-1.010939e+00	1.718185e-02	
7  346.555	6.777329e+01	2.414477e+00	8.710349e-02	-1.045499e+00	-1.551935e-03	
8  344.46	6.867035e+01	2.396754e+00	8.767099e-02	-1.044041e+00	3.494752e-03	
1  343.949	6.938113e+01	2.361150e+00	8.825281e-02	-1.027002e+00	2.204629e-02	
2  344.428	6.823441e+01	2.371194e+00	9.079046e-02	-1.017661e+00	-2.135307e-03	
7  344.323	6.827558e+01	2.369246e+00	9.302328e-02	-1.019708e+00	-6.641173e-03	
1  344.369	6.857544e+01	2.398083e+00	9.386837e-02	-1.044777e+00	-1.486482e-02	
2  343.21	6.841814e+01	2.412146e+00	9.811859e-02	-1.033676e+00	-6.565585e-03	
4  343.221	6.857354e+01	2.421424e+00	9.766671e-02	-1.022715e+00	1.390723e-02	
1  343.366	6.878939e+01	2.415123e+00	9.721002e-02	-1.088177e+00	4.565354e-03	
4  344.427	6.871373e+01	2.400863e+00	9.594785e-02	-1.077721e+00	-2.749670e-02	
2  343.637	6.952557e+01	2.405283e+00	9.851984e-02	-1.096668e+00	6.980107e-03	
4  343.603	6.947168e+01	2.396730e+00	9.891043e-02	-1.102441e+00	3.391224e-03	
3  344.24	6.977292e+01	2.357680e+00	1.012757e-01	-1.090777e+00	1.552025e-02	
1  344.694	7.004379e+01	2.372104e+00	1.005156e-01	-1.124127e+00	2.010009e-02	
2  345.72	7.026560e+01	2.362997e+00	9.673762e-02	-1.174684e+00	1.105338e-02	
3  346.21	7.026458e+01	2.341864e+00	9.552905e-02	-1.147793e+00	1.072069e-02	
3  345.773	7.036853e+01	2.344282e+00	9.530888e-02	-1.136590e+00	2.554305e-02	
1  345.923	7.025064e+01	2.344148e+00	9.548838e-02	-1.118170e+00	4.113586e-02	
6  343.99	6.942183e+01	2.356263e+00	9.229307e-02	-1.110345e+00	2.769282e-02	
4  346.362	6.870248e+01	2.350353e+00	9.201039e-02	-1.120495e+00	-2.406691e-02	
1  347.984	6.894882e+01	2.374954e+00	9.272168e-02	-1.197013e+00	-3.525866e-02	
1  349.881	6.839392e+01	2.371553e+00	9.446094e-02	-1.199111e+00	-1.788314e-02	
2  348.502	6.813068e+01	2.347956e+00	9.221441e-02	-1.144937e+00	-9.394582e-03	
1  346.077	6.841344e+01	2.345164e+00	9.357301e-02	-1.117270e+00	-2.049576e-02	
1  346.216	6.841722e+01	2.337066e+00	9.340362e-02	-1.107486e+00	-2.579842e-02	
5  345.337	6.888797e+01	2.351530e+00	9.528041e-02	-1.110902e+00	-2.819086e-02	
4  344.973	6.881590e+01	2.346596e+00	9.591478e-02	-1.116505e+00	-2.312295e-02	
1  345.148	6.882396e+01	2.358084e+00	9.756424e-02	-1.082778e+00	-3.728376e-02	
3  344.272	6.879407e+01	2.379855e+00	9.893557e-02	-1.100278e+00	-3.719221e-02	
7  343.865	6.896939e+01	2.367077e+00	9.835167e-02	-1.075914e+00	-1.278422e-02	
5  343.772	6.951390e+01	2.371043e+00	9.613499e-02	-1.090672e+00	2.683055e-02	
6  344.76	6.988461e+01	2.353905e+00	9.717027e-02	-1.135057e+00	3.204136e-02	
1  345.154	6.974945e+01	2.351223e+00	9.772071e-02	-1.192420e+00	1.509026e-02	
1  345.074	6.940861e+01	2.348512e+00	9.903392e-02	-1.125175e+00	3.360766e-02	
2  344.686	6.967834e+01	2.320729e+00	9.968973e-02	-1.160470e+00	-6.670624e-03	
1  346.239	6.927242e+01	2.289255e+00	9.904093e-02	-1.136632e+00	-4.516144e-02	
1  344.392	6.957000e+01	2.292791e+00	1.001787e-01	-1.143737e+00	3.051934e-02	
1  345.159	7.011770e+01	2.269827e+00	1.020609e-01	-1.175066e+00	9.416694e-03	
1  344.504	6.923151e+01	2.260502e+00	1.034545e-01	-1.168850e+00	2.129297e-02	
2  345.939	6.902003e+01	2.260562e+00	1.019052e-01	-1.185659e+00	2.339398e-02	
8  343.703	6.927882e+01	2.263870e+00	1.035761e-01	-1.116464e+00	-2.594009e-03	
1  344.292	6.869666e+01	2.295638e+00	1.031184e-01	-1.144921e+00	-2.681486e-02	
5  344.247	6.895783e+01	2.337597e+00	1.009082e-01	-1.154986e+00	-1.361326e-02	
1  345.365	6.939196e+01	2.371390e+00	1.010031e-01	-1.205699e+00	-5.535647e-02	
1  345.542	6.906261e+01	2.384850e+00	1.016899e-01	-1.199262e+00	-7.747947e-02	
2  345.603	6.883263e+01	2.387775e+00	1.010668e-01	-1.178889e+00	-1.044644e-01	
5  344.879	6.912253e+01	2.379476e+00	1.019246e-01	-1.161722e+00	-1.267407e-01	
6  345.244	6.863068e+01	2.402712e+00	1.017073e-01	-1.145304e+00	-1.964279e-01	
1  345.999	6.965145e+01	2.395484e+00	1.001835e-01	-1.180919e+00	-1.947738e-01	
2  345.874	6.900729e+01	2.381704e+00	1.002379e-01	-1.171705e+00	-2.035484e-01	
1  345.475	6.830420e+01	2.389886e+00	1.027665e-01	-1.132938e+00	-1.784302e-01	
1  345.092	6.910149e+01	2.369621e+00	1.020336e-01	-1.169969e+00	-1.394634e-01	
1  345.521	6.948245e+01	2.346138e+00	1.026160e-01	-1.163133e+00	-1.391407e-01	
5  346.163	6.960227e+01	2.359481e+00	1.027915e-01	-1.136335e+00	-1.301575e-01	
1  347.344	6.917595e+01	2.346575e+00	1.014381e-01	-1.081013e+00	-1.104495e-01	
1  346.835	6.912094e+01	2.336432e+00	1.001884e-01	-1.095473e+00	-8.874638e-02	
1  344.766	6.886624e+01	2.354546e+00	1.017499e-01	-1.118674e+00	-8.269437e-02	
1  345.228	6.848893e+01	2.343429e+00	1.025253e-01	-1.146089e+00	-9.428408e-02	
1  344.403	6.889906e+01	2.340670e+00	1.026605e-01	-1.152508e+00	-5.510567e-02	
1  344.403	6.865062e+01	2.342582e+00	1.036240e-01	-1.150021e+00	-4.553487e-02	
5  344.319	6.910462e+01	2.369086e+00	1.030085e-01	-1.165650e+00	-6.328702e-02	
1  345.632	6.895382e+01	2.382015e+00	1.023978e-01	-1.199982e+00	-6.415053e-02	
1  344.562	6.978950e+01	2.396487e+00	1.023170e-01	-1.160465e+00	-3.044625e-02	
2  343.928	6.942222e+01	2.384138e+00	1.022771e-01	-1.140192e+00	-2.841507e-02	
1  344.97	6.908942e+01	2.415969e+00	1.025348e-01	-1.191669e+00	-6.503000e-02	
1  344.626	6.904060e+01	2.415157e+00	1.035969e-01	-1.182012e+00	-8.379419e-02	
3  344.784	6.905350e+01	2.411086e+00	1.031535e-01	-1.187109e+00	-4.157249e-02	
4  344.012	6.944615e+01	2.419921e+00	1.017226e-01	-1.167502e+00	-1.426473e-02	
1  343.867	6.943393e+01	2.440095e+00	1.005777e-01	-1.153989e+00	-9.978442e-03	
4  344.773	6.989638e+01	2.444715e+00	1.015235e-01	-1.172993e+00	-4.251060e-02	
4  344.195	6.951750e+01	2.435319e+00	1.016249e-01	-1.166304e+00	-4.708928e-02	
1  344.418	6.898884e+01	2.409972e+00	1.005686e-01	-1.162049e+00	-2.078072e-02	
1  344.002	6.966410e+01	2.390949e+00	1.039786e-01	-1.145080e+00	-2.183165e-02	
1  345.071	6.968943e+01	2.373541e+00	1.046581e-01	-1.129124e+00	-4.926113e-02	
3  343.298	6.915813e+01	2.406979e+00	1.080837e-01	-1.118306e+00	-1.164610e-02	
1  343.66	6.930752e+01	2.383938e+00	1.068252e-01	-1.140136e+00	-6.604808e-02	
4  343.816	6.948129e+01	2.402880e+00	1.052420e-01	-1.165173e+00	-1.036436e-02	
3  343.362	6.935853e+01	2.426471e+00	1.055881e-01	-1.119740e+00	-1.061933e-02	
1  343.859	6.924353e+01	2.385697e+00	1.038215e-01	-1.166778e+00	-2.527486e-02	
1  344.791	6.939544e+01	2.378726e+00	1.039498e-01	-1.129733e+00	-9.009869e-02	
2  344.628	6.912925e+01	2.383686e+00	1.036181e-01	-1.115394e+00	-1.184063e-01	
2  344.115	6.913806e+01	2.395916e+00	1.037366e-01	-1.145739e+00	-1.021259e-01	
2  343.962	6.903371e+01	2.421021e+00	1.035555e-01	-1.137026e+00	-1.199433e-01	
2  345.124	6.833217e+01	2.440565e+00	1.036546e-01	-1.133792e+00	-1.673130e-01	
4  344.109	6.902593e+01	2.437350e+00	1.045276e-01	-1.167310e+00	-9.252497e-02	
3  343.668	6.905387e+01	2.415980e+00	1.045126e-01	-1.149781e+00	-2.215955e-02	
2  343.737	6.957747e+01	2.419323e+00	1.061199e-01	-1.149616e+00	-8.728982e-03	
1  344.536	6.989667e+01	2.420052e+00	1.062239e-01	-1.196253e+00	-6.996554e-02	
4  345.071	6.992365e+01	2.414625e+00	1.067609e-01	-1.231790e+00	-7.774886e-02	
4  344.951	7.008394e+01	2.393581e+00	1.066754e-01	-1.202702e+00	-5.795832e-02	
3  344.534	6.972085e+01	2.412208e+00	1.055619e-01	-1.207725e+00	-6.114574e-02	
1  344.681	6.929988e+01	2.406038e+00	1.035508e-01	-1.197620e+00	-6.122660e-02	
1  345.068	6.905919e+01	2.403927e+00	1.020770e-01	-1.191356e+00	-3.771479e-02	
4  344.659	6.853924e+01	2.387511e+00	1.034093e-01	-1.149271e+00	-5.461842e-02	
1  345.273	6.975653e+01	2.372764e+00	1.025176e-01	-1.153260e+00	-5.301930e-02	
4  344.269	6.924441e+01	2.370623e+00	1.033764e-01	-1.153277e+00	1.156793e-02	
3  345.874	6.855344e+01	2.381986e+00	1.020913e-01	-1.156467e+00	-8.846093e-04	
5  345.388	6.861194e+01	2.400741e+00	1.029585e-01	-1.151206e+00	-3.542464e-03	
7  348.157	6.941402e+01	2.407764e+00	9.840382e-02	-1.208284e+00	2.820287e-02	
1  349.891	7.007364e+01	2.414110e+00	9.729038e-02	-1.203777e+00	4.648420e-02	
1  348.438	6.972834e+01	2.408183e+00	9.841021e-02	-1.218675e+00	3.334836e-02	
1  346.603	6.967293e+01	2.399796e+00	9.591294e-02	-1.194736e+00	2.877290e-02	
3  344.025	6.922028e+01	2.403330e+00	9.909580e-02	-1.133806e+00	-2.613180e-02	
3  343.99	6.945875e+01	2.394286e+00	9.998165e-02	-1.153210e+00	-1.184486e-02	
7  343.933	6.900893e+01	2.384334e+00	1.012798e-01	-1.148843e+00	-1.419338e-02	
6  344.02	6.951554e+01	2.379247e+00	1.029719e-01	-1.143339e+00	-2.852256e-02	
1  343.327	6.923353e+01	2.411698e+00	1.037241e-01	-1.109457e+00	-2.175968e-02	
1  344.467	6.951673e+01	2.408012e+00	1.000935e-01	-1.128370e+00	-3.196921e-02	
1  343.03	6.890997e+01	2.428972e+00	1.037460e-01	-1.070925e+00	-1.071675e-02	
1  344.143	6.905415e+01	2.429128e+00	1.022155e-01	-1.088958e+00	-6.136671e-02	
1  344.117	6.920919e+01	2.429743e+00	1.019148e-01	-1.076324e+00	-3.303467e-02	
8  343.157	6.904207e+01	2.422646e+00	1.011083e-01	-1.054563e+00	5.944313e-03	
3  343.611	6.952601e+01	2.413097e+00	9.871555e-02	-1.108606e+00	1.226269e-02	
2  343.229	6.891445e+01	2.446307e+00	9.761071e-02	-1.084281e+00	-9.280099e-03	
1  344.2	6.952255e+01	2.440788e+00	1.005357e-01	-1.056284e+00	1.821541e-02	
13  343.345	6.912338e+01	2.421739e+00	1.010907e-01	-1.077995e+00	1.159562e-02	
5  343.093	6.862655e+01	2.422725e+00	1.019126e-01	-1.068037e+00	-1.861353e-02	
4  343.998	6.859956e+01	2.456528e+00	1.006324e-01	-1.098808e+00	-8.751150e-02	
3  344.1	6.920526e+01	2.450305e+00	1.020685e-01	-1.140067e+00	-1.109043e-01	
4  344.315	6.858523e+01	2.466273e+00	1.010497e-01	-1.123231e+00	-1.163332e-01	
4  344.237	6.851488e+01	2.465988e+00	1.016997e-01	-1.125659e+00	-7.390672e-02	
2  343.618	6.931468e+01	2.448525e+00	1.038618e-01	-1.101323e+00	-3.687326e-02	
2  343.545	6.855587e+01	2.450041e+00	1.052011e-01	-1.114927e+00	-5.346531e-02	
2  344.04	6.867155e+01	2.434803e+00	1.024128e-01	-1.134201e+00	-2.987459e-02	
1  343.484	6.916546e+01	2.437580e+00	1.020886e-01	-1.135408e+00	-2.805107e-02	
1  344.316	6.874203e+01	2.432700e+00	1.009287e-01	-1.144346e+00	-3.032152e-02	
6  344.448	6.886292e+01	2.439955e+00	1.003202e-01	-1.120022e+00	-1.246867e-01	
1  344.51	6.919205e+01	2.443767e+00	1.010661e-01	-1.137407e+00	-1.546625e-01	
3  344.508	6.918367e+01	2.461131e+00	1.007118e-01	-1.152977e+00	-1.444284e-01	
1  344.159	6.895052e+01	2.459989e+00	1.015563e-01	-1.098165e+00	-1.262540e-01	
1  344.134	6.864797e+01	2.452929e+00	1.025213e-01	-1.061250e+00	-9.367420e-02	
1  344.798	6.828639e+01	2.462445e+00	1.047010e-01	-1.128907e+00	-1.148509e-01	
1  344.294	6.852988e+01	2.488388e+00	1.041813e-01	-1.131053e+00	-1.476720e-01	
1  343.403	6.916391e+01	2.489830e+00	1.062663e-01	-1.137299e+00	-1.488640e-01	
1  343.866	6.947729e+01	2.501911e+00	1.068785e-01	-1.111971e+00	-1.134032e-01	
1  344.318	6.895844e+01	2.490801e+00	1.054890e-01	-1.052931e+00	-1.183390e-01	
1  344.563	6.763966e+01	2.494910e+00	1.045499e-01	-1.033589e+00	-7.899365e-02	
2  343.127	6.861416e+01	2.520677e+00	1.039518e-01	-1.047078e+00	-4.585072e-02	
1  343.542	6.881536e+01	2.509354e+00	1.045339e-01	-1.059117e+00	-8.620972e-02	
1  343.183	6.901497e+01	2.491244e+00	1.061128e-01	-1.100302e+00	-8.790726e-02	
1  343.936	6.964621e+01	2.508395e+00	1.065241e-01	-1.131073e+00	-8.690781e-02	
2  343.761	6.905221e+01	2.507548e+00	1.056443e-01	-1.069771e+00	-9.779046e-02	
1  343.076	6.853383e+01	2.521965e+00	1.054166e-01	-1.067942e+00	-7.662466e-02	
2  343.441	6.846809e+01	2.527684e+00	1.046150e-01	-1.096443e+00	-9.441225e-02	
2  343.668	6.824085e+01	2.526371e+00	1.038786e-01	-1.080691e+00	-9.723034e-02	
6  343.424	6.900608e+01	2.549551e+00	1.053379e-01	-1.050616e+00	-3.328172e-02	
1  343.098	6.890506e+01	2.571490e+00	1.059257e-01	-1.068909e+00	-6.199973e-02	
2  344.71	6.801428e+01	2.560898e+00	1.070878e-01	-1.074774e+00	-5.809035e-02	
3  345.536	6.899608e+01	2.564802e+00	1.089487e-01	-1.114647e+00	-6.756242e-03	
1  344.389	6.879101e+01	2.575456e+00	1.073425e-01	-1.119539e+00	-3.496122e-02	
3  344.583	6.880898e+01	2.582325e+00	1.076493e-01	-1.119785e+00	-3.226887e-02	
1  343.869	6.905941e+01	2.589632e+00	1.078606e-01	-1.133867e+00	-6.493012e-02	
3  343.884	6.945715e+01	2.576828e+00	1.088527e-01	-1.156769e+00	-1.261802e-01	
1  343.738	6.952544e+01	2.557892e+00	1.100877e-01	-1.148263e+00	-1.224935e-01	
6  343.995	6.918149e+01	2.552811e+00	1.099732e-01	-1.156866e+00	-1.277252e-01	
1  345.223	6.877416e+01	2.573929e+00	1.103275e-01	-1.153841e+00	-1.520251e-01	
1  343.637	6.843447e+01	2.554259e+00	1.090236e-01	-1.095496e+00	-1.461526e-01	
2  343.49	6.905729e+01	2.545625e+00	1.084485e-01	-1.130588e+00	-2.003891e-01	
4  343.318	6.916035e+01	2.557012e+00	1.080677e-01	-1.121633e+00	-2.081777e-01	
1  343.278	6.919655e+01	2.546163e+00	1.104756e-01	-1.111429e+00	-2.314121e-01	
2  343.616	6.909088e+01	2.541601e+00	1.112153e-01	-1.126116e+00	-2.476157e-01	
3  343.615	6.925256e+01	2.552395e+00	1.113899e-01	-1.120974e+00	-2.807188e-01	
3  343.695	6.899301e+01	2.539029e+00	1.121359e-01	-1.122530e+00	-2.488706e-01	
1  344.921	6.984911e+01	2.508351e+00	1.114863e-01	-1.100801e+00	-2.647206e-01	
6  344.343	6.956311e+01	2.483521e+00	1.102913e-01	-1.085996e+00	-2.770665e-01	
1  343.634	6.931880e+01	2.497278e+00	1.099798e-01	-1.084805e+00	-2.459793e-01	
1  343.22	6.917937e+01	2.483530e+00	1.093064e-01	-1.101904e+00	-2.409227e-01	
1  343.31	6.838958e+01	2.488906e+00	1.091469e-01	-1.083052e+00	-2.113836e-01	
4  343.3	6.837516e+01	2.512448e+00	1.107049e-01	-1.077216e+00	-1.919437e-01	
2  343.721	6.858306e+01	2.533088e+00	1.135502e-01	-1.102198e+00	-1.626536e-01	
1  343.611	6.925895e+01	2.516071e+00	1.146625e-01	-1.102590e+00	-1.314572e-01	
2  343.436	6.885189e+01	2.519058e+00	1.151631e-01	-1.098172e+00	-1.316780e-01	
1  344.43	6.884546e+01	2.487193e+00	1.146580e-01	-1.150670e+00	-7.722829e-02	
2  344.626	6.951163e+01	2.479534e+00	1.151638e-01	-1.092815e+00	-7.636736e-02	
2  343.791	6.944711e+01	2.465764e+00	1.105879e-01	-1.105142e+00	-4.151629e-02	
1  344.967	6.999659e+01	2.501689e+00	1.112155e-01	-1.135662e+00	-4.465056e-02	
2  344.702	6.991411e+01	2.483463e+00	1.098706e-01	-1.138255e+00	-1.091905e-01	
3  344.168	6.973472e+01	2.463457e+00	1.103253e-01	-1.137652e+00	-1.125277e-01	
2  344.569	6.978748e+01	2.455436e+00	1.100328e-01	-1.124197e+00	-6.283208e-02	
1  343.13	6.905399e+01	2.470318e+00	1.091044e-01	-1.101711e+00	-4.685294e-02	
2  343.358	6.895915e+01	2.459391e+00	1.103206e-01	-1.085196e+00	-2.519685e-02	
3  345.452	6.965321e+01	2.465734e+00	1.113091e-01	-1.069511e+00	-2.537848e-02	
1  343.928	6.939084e+01	2.461057e+00	1.113771e-01	-1.092819e+00	-3.685271e-02	
1  344.295	6.812530e+01	2.477128e+00	1.113320e-01	-1.080644e+00	-4.959759e-02	
1  343.835	6.826899e+01	2.456445e+00	1.127013e-01	-1.099578e+00	-9.239395e-02	
2  346.626	6.738270e+01	2.463435e+00	1.143272e-01	-1.048840e+00	-6.456753e-02	
1  343.709	6.802792e+01	2.467763e+00	1.125638e-01	-1.033813e+00	-9.674378e-02	
4  343.909	6.791848e+01	2.460044e+00	1.109355e-01	-1.043075e+00	-6.639863e-02	
1  343.989	6.784911e+01	2.474217e+00	1.112534e-01	-1.025524e+00	-8.081634e-02	
2  343.654	6.808011e+01	2.471925e+00	1.121486e-01	-1.029371e+00	-1.097307e-01	
2  343.821	6.834847e+01	2.472027e+00	1.134614e-01	-1.025275e+00	-1.063107e-01	
3  344.838	6.860439e+01	2.483367e+00	1.107029e-01	-9.987073e-01	-5.164956e-02	
1  344.019	6.798460e+01	2.481864e+00	1.109756e-01	-1.006063e+00	-7.838408e-02	
3  343.934	6.811731e+01	2.479637e+00	1.104726e-01	-1.027695e+00	-3.161579e-02	
3  344.231	6.785157e+01	2.454844e+00	1.118029e-01	-1.006199e+00	-5.061256e-02	
1  345.375	6.824277e+01	2.430988e+00	1.122554e-01	-9.653303e-01	-1.349677e-02	
1  345.547	6.810260e+01	2.422504e+00	1.155261e-01	-9.736710e-01	-2.155975e-02	
1  344.543	6.814618e+01	2.409950e+00	1.150153e-01	-1.007100e+00	-2.622646e-02	
4  343.823	6.858417e+01	2.406516e+00	1.153349e-01	-1.049810e+00	-3.390441e-02	
2  343.875	6.823024e+01	2.423801e+00	1.150841e-01	-1.092294e+00	-7.432727e-02	
10  343.76	6.870226e+01	2.411137e+00	1.150598e-01	-1.061540e+00	-2.954284e-02	
1  343.42	6.835369e+01	2.410941e+00	1.147458e-01	-1.078614e+00	-6.766528e-02	
4  343.545	6.848084e+01	2.439477e+00	1.142407e-01	-1.104939e+00	-7.614997e-02	
1  343.672	6.824668e+01	2.434931e+00	1.165730e-01	-1.057812e+00	-8.813905e-02	
1  343.982	6.864255e+01	2.433405e+00	1.167707e-01	-1.042480e+00	-1.288554e-01	
1  343.975	6.864699e+01	2.417553e+00	1.146698e-01	-1.044002e+00	-1.042002e-01	
1  343.197	6.860069e+01	2.392595e+00	1.143670e-01	-1.094016e+00	-5.901140e-02	
1  343.273	6.853697e+01	2.385369e+00	1.116909e-01	-1.116557e+00	-9.307903e-02	
2  343.178	6.859571e+01	2.397745e+00	1.108876e-01	-1.108396e+00	-1.350061e-01	
1  343.471	6.851574e+01	2.412576e+00	1.105659e-01	-1.119133e+00	-1.567839e-01	
1  343.216	6.857738e+01	2.424543e+00	1.103873e-01	-1.107054e+00	-1.701857e-01	
1  343.857	6.933613e+01	2.433393e+00	1.114744e-01	-1.093516e+00	-2.218570e-01	
3  343.878	6.847053e+01	2.419555e+00	1.123014e-01	-1.125977e+00	-2.031525e-01	
7  343.681	6.928451e+01	2.430902e+00	1.114333e-01	-1.160740e+00	-2.411751e-01	
2  345.588	6.886922e+01	2.439570e+00	1.102436e-01	-1.190008e+00	-2.079165e-01	
1  344.08	6.953003e+01	2.452426e+00	1.127633e-01	-1.181595e+00	-2.107140e-01	
1  344.358	6.940355e+01	2.441539e+00	1.151917e-01	-1.181772e+00	-2.448607e-01	
1  344.565	6.926786e+01	2.422611e+00	1.147694e-01	-1.184087e+00	-2.686955e-01	
1  343.954	6.913990e+01	2.411878e+00	1.154473e-01	-1.169333e+00	-2.258326e-01	
2  344.009	6.942768e+01	2.443885e+00	1.156439e-01	-1.168342e+00	-2.454168e-01	
1  343.631	6.927629e+01	2.451289e+00	1.134429e-01	-1.146813e+00	-2.806051e-01	
1  343.196	6.887697e+01	2.431812e+00	1.137786e-01	-1.107164e+00	-3.341137e-01	
1  343.16	6.824023e+01	2.428500e+00	1.130298e-01	-1.046111e+00	-3.289759e-01	
1  344.151	6.834944e+01	2.401274e+00	1.115964e-01	-9.979615e-01	-3.420429e-01	
1  343.844	6.848714e+01	2.382790e+00	1.117275e-01	-1.014704e+00	-3.663805e-01	
1  344.34	6.791830e+01	2.388229e+00	1.121368e-01	-9.713490e-01	-3.831778e-01	
1  343.698	6.804089e+01	2.381513e+00	1.123268e-01	-1.054284e+00	-4.026505e-01	
2  343.172	6.847263e+01	2.394759e+00	1.146809e-01	-1.072104e+00	-4.188235e-01	
3  343.379	6.809334e+01	2.355991e+00	1.132945e-01	-1.038027e+00	-3.674422e-01	
2  343.475	6.854308e+01	2.341778e+00	1.116801e-01	-1.049639e+00	-3.538760e-01	
1  343.129	6.895623e+01	2.351659e+00	1.138524e-01	-1.089157e+00	-3.541932e-01	
1  343.413	6.932537e+01	2.357121e+00	1.150632e-01	-1.107633e+00	-3.852797e-01	
1  343.036	6.851595e+01	2.370535e+00	1.154478e-01	-1.082218e+00	-3.127225e-01	
1  343.116	6.835457e+01	2.351831e+00	1.158690e-01	-1.069644e+00	-2.909432e-01	
2  343.233	6.841893e+01	2.345839e+00	1.133918e-01	-1.088650e+00	-2.960062e-01	
3  343.049	6.876830e+01	2.333661e+00	1.157303e-01	-1.087597e+00	-2.906989e-01	
1  343.063	6.899406e+01	2.343256e+00	1.156801e-01	-1.107378e+00	-2.960523e-01	
1  343.077	6.890843e+01	2.320667e+00	1.166606e-01	-1.132367e+00	-2.323012e-01	
3  346.719	6.773490e+01	2.320739e+00	1.149359e-01	-1.130836e+00	-2.140644e-01	
6  343.048	6.857495e+01	2.345975e+00	1.160228e-01	-1.093316e+00	-2.145323e-01	
1  343.154	6.863030e+01	2.374628e+00	1.151600e-01	-1.076101e+00	-1.989417e-01	
1  343.965	6.849232e+01	2.380293e+00	1.139210e-01	-1.039938e+00	-1.652856e-01	
5  343.711	6.824223e+01	2.369498e+00	1.133794e-01	-1.044414e+00	-1.531035e-01	
9  343.624	6.876595e+01	2.330414e+00	1.143701e-01	-1.082402e+00	-1.349767e-01	
1  343.677	6.819960e+01	2.340878e+00	1.127106e-01	-1.101646e+00	-1.540087e-01	
5  343.384	6.826424e+01	2.354035e+00	1.133831e-01	-1.087676e+00	-9.832056e-02	
4  343.222	6.865502e+01	2.347846e+00	1.122245e-01	-1.123381e+00	-1.193892e-01	
8  343.443	6.932571e+01	2.371119e+00	1.131281e-01	-1.160920e+00	-2.051560e-01	
1  343.12	6.900057e+01	2.386348e+00	1.122150e-01	-1.127966e+00	-1.410408e-01	
1  343.698	6.865315e+01	2.365532e+00	1.103049e-01	-1.142778e+00	-1.590274e-01	
10  343.423	6.887181e+01	2.370707e+00	1.105546e-01	-1.091201e+00	-2.290814e-01	
4  343.264	6.903324e+01	2.407602e+00	1.121481e-01	-1.090946e+00	-2.432689e-01	
1  343.173	6.874189e+01	2.409887e+00	1.096666e-01	-1.098373e+00	-2.710116e-01	
1  343.339	6.891969e+01	2.409564e+00	1.085129e-01	-1.117643e+00	-2.370599e-01	
1  346.286	6.822803e+01	2.420962e+00	1.079194e-01	-1.139543e+00	-3.092863e-01	
1  344.652	6.828277e+01	2.415144e+00	1.080254e-01	-1.107486e+00	-3.453429e-01	
1  344.641	6.815531e+01	2.404386e+00	1.107202e-01	-1.098205e+00	-3.606574e-01	
2  344.178	6.867947e+01	2.398108e+00	1.116481e-01	-1.125666e+00	-4.026521e-01	
1  343.455	6.866018e+01	2.385520e+00	1.120839e-01	-1.110649e+00	-3.541001e-01	
1  344.401	6.803721e+01	2.394674e+00	1.123295e-01	-1.090090e+00	-3.030783e-01	
1  344.494	6.768030e+01	2.401995e+00	1.125216e-01	-1.045201e+00	-3.151053e-01	
4  343.115	6.838143e+01	2.403315e+00	1.117749e-01	-1.057925e+00	-3.862257e-01	
2  343.066	6.862640e+01	2.407972e+00	1.117327e-01	-1.046443e+00	-3.908168e-01	
1  343.191	6.859372e+01	2.381713e+00	1.127334e-01	-1.036760e+00	-4.112444e-01	
1  344.602	6.928065e+01	2.405202e+00	1.126476e-01	-1.037171e+00	-4.482543e-01	
3  345.246	6.958984e+01	2.431689e+00	1.117647e-01	-1.044900e+00	-4.854761e-01	
1  344.609	6.968304e+01	2.416351e+00	1.135307e-01	-1.070438e+00	-5.295167e-01	
1  343.315	6.873264e+01	2.426320e+00	1.118967e-01	-1.083342e+00	-4.835086e-01	
1  343.242	6.916835e+01	2.415387e+00	1.132067e-01	-1.088458e+00	-4.816543e-01	
1  343.027	6.868133e+01	2.408975e+00	1.130679e-01	-1.066603e+00	-4.804476e-01	
1  343.713	6.946785e+01	2.399018e+00	1.145724e-01	-1.086475e+00	-5.422403e-01	
2  343.384	6.915382e+01	2.420829e+00	1.129073e-01	-1.090533e+00	-5.438547e-01	
1  344.038	6.935341e+01	2.410442e+00	1.148845e-01	-1.051220e+00	-4.946426e-01	
1  343.278	6.819066e+01	2.400311e+00	1.155201e-01	-1.025234e+00	-5.645266e-01	
1  343.36	6.840639e+01	2.409072e+00	1.168031e-01	-1.038109e+00	-6.083411e-01	
1  343.978	6.819690e+01	2.403616e+00	1.180625e-01	-1.037813e+00	-6.249657e-01	
2  345.465	6.835400e+01	2.404997e+00	1.194866e-01	-1.080515e+00	-6.362282e-01	
2  346.692	6.812056e+01	2.413322e+00	1.209734e-01	-1.075775e+00	-6.362410e-01	
1  348.015	6.813099e+01	2.428036e+00	1.224276e-01	-1.076360e+00	-7.079632e-01	
3  345.723	6.815105e+01	2.420948e+00	1.238294e-01	-1.034488e+00	-7.095915e-01	
1  345.333	6.819481e+01	2.404396e+00	1.257620e-01	-1.019081e+00	-7.407283e-01	
1  344.056	6.841183e+01	2.406822e+00	1.242641e-01	-9.648857e-01	-7.722817e-01	
1  344.154	6.819627e+01	2.412621e+00	1.242751e-01	-9.674526e-01	-7.422368e-01	
1  344.165	6.858743e+01	2.392318e+00	1.247610e-01	-9.762052e-01	-7.021925e-01	
2  346.575	6.861200e+01	2.384512e+00	1.246610e-01	-9.159146e-01	-6.945596e-01	
1  345.819	6.884070e+01	2.382356e+00	1.241430e-01	-9.412512e-01	-7.247750e-01	
1  345.211	6.840443e+01	2.390812e+00	1.259755e-01	-9.306433e-01	-7.152422e-01	
5  346.021	6.820374e+01	2.408887e+00	1.270135e-01	-8.995966e-01	-7.444856e-01	
1  345.57	6.766792e+01	2.403681e+00	1.277148e-01	-9.347238e-01	-7.987200e-01	
4  345.75	6.841230e+01	2.397566e+00	1.275080e-01	-9.100638e-01	-8.167448e-01	
5  345.448	6.815525e+01	2.398946e+00	1.271418e-01	-8.911014e-01	-8.890030e-01	
6  346.351	6.909251e+01	2.377961e+00	1.273686e-01	-9.328010e-01	-9.521690e-01	
2  345.537	6.929385e+01	2.357622e+00	1.266829e-01	-9.704089e-01	-9.872021e-01	
2  346.473	6.931496e+01	2.360238e+00	1.277295e-01	-9.467078e-01	-1.021406e+00	
2  346.75	6.948340e+01	2.368111e+00	1.273455e-01	-9.595254e-01	-1.010780e+00	
2  344.124	6.828014e+01	2.362383e+00	1.251816e-01	-9.619175e-01	-9.883208e-01	
1  343.79	6.902959e+01	2.347672e+00	1.222883e-01	-1.011864e+00	-9.495691e-01	
1  344	6.892060e+01	2.344889e+00	1.232046e-01	-1.019524e+00	-9.806243e-01	
