4  346.74	2.225245e+00	1.171904e-01	-9.876517e-01	-3.581470e-01	6.881250e-01	
3  346.353	2.226020e+00	1.168890e-01	-9.646787e-01	-3.506427e-01	6.905598e-01	
2  345.594	2.255556e+00	1.157692e-01	-9.702435e-01	-3.483603e-01	6.977403e-01	
1  346.598	2.247618e+00	1.164428e-01	-9.886179e-01	-3.463440e-01	6.896147e-01	
3  345.281	2.230427e+00	1.127816e-01	-1.019045e+00	-3.552888e-01	7.033495e-01	
1  344.447	2.229456e+00	1.157162e-01	-1.033815e+00	-3.262988e-01	6.988028e-01	
1  344.738	2.213374e+00	1.142977e-01	-1.024404e+00	-3.365043e-01	7.044640e-01	
1  344.585	2.224822e+00	1.163884e-01	-1.010223e+00	-3.719139e-01	7.008996e-01	
4  344.273	2.224755e+00	1.175878e-01	-1.001618e+00	-4.209059e-01	6.962579e-01	
5  344.93	2.239234e+00	1.164679e-01	-9.839099e-01	-4.506117e-01	6.940737e-01	
1  343.806	2.261134e+00	1.166814e-01	-1.022699e+00	-4.797409e-01	7.035877e-01	
3  343.688	2.299506e+00	1.168526e-01	-1.043103e+00	-4.678285e-01	7.054441e-01	
6  343.315	2.291126e+00	1.153814e-01	-1.052405e+00	-4.716846e-01	7.074450e-01	
6  343.847	2.286524e+00	1.149004e-01	-1.004618e+00	-4.929756e-01	7.001504e-01	
3  343.583	2.274380e+00	1.146907e-01	-1.014053e+00	-5.341699e-01	7.025847e-01	
1  344.232	2.247554e+00	1.159896e-01	-9.961520e-01	-5.898725e-01	7.050212e-01	
4  343.868	2.271784e+00	1.146500e-01	-1.024631e+00	-6.183022e-01	7.018453e-01	
1  343.575	2.250212e+00	1.155594e-01	-1.054727e+00	-6.127653e-01	7.031148e-01	
2  343.301	2.238349e+00	1.153546e-01	-1.075571e+00	-6.132539e-01	7.092276e-01	
3  343.675	2.240625e+00	1.136081e-01	-1.054179e+00	-6.185016e-01	7.081500e-01	
1  343.722	2.225829e+00	1.134559e-01	-1.019929e+00	-6.954529e-01	7.105450e-01	
2  343.688	2.238129e+00	1.138966e-01	-1.020474e+00	-6.859309e-01	7.104460e-01	
2  344.04	2.242504e+00	1.157117e-01	-1.040307e+00	-7.343999e-01	7.112208e-01	
2  343.668	2.227921e+00	1.150590e-01	-1.011008e+00	-7.221006e-01	7.080680e-01	
1  343.387	2.246599e+00	1.143817e-01	-1.023758e+00	-7.384870e-01	7.091127e-01	
4  343.391	2.239841e+00	1.154934e-01	-1.016872e+00	-7.047739e-01	7.030912e-01	
5  343.882	2.246399e+00	1.168855e-01	-1.017889e+00	-7.180549e-01	7.067960e-01	
3  343.809	2.233030e+00	1.158091e-01	-1.026466e+00	-7.460229e-01	7.012759e-01	
1  343.519	2.236580e+00	1.162706e-01	-1.065025e+00	-7.623881e-01	7.096842e-01	
4  343.582	2.239010e+00	1.171162e-01	-1.058158e+00	-8.053211e-01	7.084730e-01	
1  344.38	2.230384e+00	1.168771e-01	-1.115932e+00	-8.143985e-01	7.084448e-01	
1  344.086	2.210503e+00	1.183560e-01	-1.111373e+00	-8.219573e-01	7.060086e-01	
6  344.744	2.184573e+00	1.190331e-01	-1.137622e+00	-8.652973e-01	7.087857e-01	
1  345.443	2.164556e+00	1.176904e-01	-1.128702e+00	-8.033885e-01	7.042391e-01	
6  344.61	2.148839e+00	1.172295e-01	-1.127729e+00	-8.507151e-01	7.123692e-01	
7  344.163	2.155599e+00	1.159897e-01	-1.086610e+00	-8.831865e-01	7.122663e-01	
4  344.029	2.156733e+00	1.154699e-01	-1.079575e+00	-8.516514e-01	7.109996e-01	
1  344.881	2.165754e+00	1.149706e-01	-1.015935e+00	-9.475125e-01	7.031591e-01	
2  345.938	2.159749e+00	1.155791e-01	-9.625661e-01	-9.007582e-01	7.100978e-01	
2  344.138	2.179159e+00	1.140193e-01	-9.738992e-01	-8.705804e-01	7.068031e-01	
2  343.955	2.186857e+00	1.149816e-01	-9.851771e-01	-8.471660e-01	7.072769e-01	
1  343.753	2.167806e+00	1.157230e-01	-1.016116e+00	-8.008779e-01	7.071948e-01	
5  344.158	2.141127e+00	1.160115e-01	-1.067883e+00	-7.464408e-01	7.051571e-01	
2  344.024	2.150639e+00	1.152291e-01	-1.071620e+00	-7.322564e-01	7.079587e-01	
5  344.958	2.133782e+00	1.116036e-01	-1.043141e+00	-6.804544e-01	7.158474e-01	
1  344.876	2.134024e+00	1.116085e-01	-1.046731e+00	-7.131012e-01	7.159546e-01	
1  345.239	2.137436e+00	1.125075e-01	-1.074529e+00	-6.853262e-01	7.112925e-01	
2  344.693	2.162721e+00	1.123000e-01	-1.093822e+00	-6.907200e-01	7.197702e-01	
2  344.753	2.150711e+00	1.140068e-01	-1.102027e+00	-6.486727e-01	7.179638e-01	
1  346.16	2.111046e+00	1.164753e-01	-1.139637e+00	-6.903801e-01	7.191056e-01	
1  344.773	2.120798e+00	1.163897e-01	-1.150641e+00	-7.366149e-01	7.131439e-01	
4  344.492	2.141409e+00	1.144335e-01	-1.068489e+00	-7.021213e-01	7.078576e-01	
5  345.557	2.113589e+00	1.144737e-01	-1.055441e+00	-7.021302e-01	7.045861e-01	
2  344.628	2.103335e+00	1.157658e-01	-1.024585e+00	-6.655128e-01	7.031441e-01	
1  345.882	2.104018e+00	1.159926e-01	-1.084432e+00	-6.682882e-01	7.019377e-01	
1  346.34	2.107307e+00	1.157266e-01	-1.066403e+00	-6.320710e-01	7.000126e-01	
1  345.041	2.110867e+00	1.162976e-01	-1.123826e+00	-5.902719e-01	7.053521e-01	
2  343.857	2.123093e+00	1.165325e-01	-1.108549e+00	-5.925754e-01	7.091824e-01	
1  344.258	2.086294e+00	1.172378e-01	-1.117228e+00	-6.197009e-01	7.061452e-01	
1  343.971	2.080917e+00	1.194001e-01	-1.126564e+00	-6.235798e-01	7.024500e-01	
2  343.612	2.115359e+00	1.195146e-01	-1.116905e+00	-6.639090e-01	7.032681e-01	
2  345.896	2.107230e+00	1.189495e-01	-1.129274e+00	-6.639845e-01	6.984793e-01	
2  343.318	2.109831e+00	1.206132e-01	-1.106290e+00	-5.767985e-01	7.008614e-01	
1  343.148	2.135395e+00	1.217517e-01	-1.058311e+00	-5.981049e-01	6.937783e-01	
9  343.216	2.133887e+00	1.224829e-01	-1.046544e+00	-5.790780e-01	6.913943e-01	
4  343.376	2.145961e+00	1.247625e-01	-1.055511e+00	-5.235229e-01	6.900273e-01	
4  343.391	2.150661e+00	1.244639e-01	-1.055046e+00	-5.291623e-01	6.908070e-01	
1  343.377	2.155986e+00	1.242861e-01	-1.092631e+00	-5.783691e-01	6.951364e-01	
1  343.547	2.156241e+00	1.249443e-01	-1.059117e+00	-5.240780e-01	6.909392e-01	
2  342.998	2.162966e+00	1.255959e-01	-1.068866e+00	-6.154247e-01	6.861949e-01	
1  343.716	2.163805e+00	1.240161e-01	-1.113372e+00	-5.711412e-01	6.979867e-01	
3  344.293	2.197756e+00	1.243304e-01	-1.124799e+00	-6.348459e-01	6.993076e-01	
1  346.465	2.173993e+00	1.251327e-01	-1.165040e+00	-6.247904e-01	6.869822e-01	
1  344.763	2.165779e+00	1.252441e-01	-1.179310e+00	-6.770046e-01	6.990539e-01	
2  344.817	2.191574e+00	1.237785e-01	-1.177960e+00	-6.608235e-01	6.974991e-01	
1  345.518	2.176163e+00	1.229814e-01	-1.220328e+00	-5.912924e-01	7.054071e-01	
1  345.71	2.199456e+00	1.238849e-01	-1.196618e+00	-5.950472e-01	7.049822e-01	
9  345.74	2.209793e+00	1.231638e-01	-1.231275e+00	-5.373037e-01	7.040213e-01	
1  343.813	2.197810e+00	1.229267e-01	-1.153402e+00	-5.424072e-01	7.007149e-01	
1  344.802	2.194932e+00	1.232246e-01	-1.163302e+00	-5.364412e-01	7.039461e-01	
14  344.757	2.214104e+00	1.246031e-01	-1.200096e+00	-5.133098e-01	6.990465e-01	
1  344.082	2.239854e+00	1.242326e-01	-1.163745e+00	-4.110894e-01	6.914276e-01	
1  344.835	2.237872e+00	1.252677e-01	-1.174515e+00	-5.152319e-01	6.986507e-01	
2  344.536	2.247439e+00	1.245503e-01	-1.167876e+00	-5.433157e-01	6.984322e-01	
1  344.119	2.252476e+00	1.229727e-01	-1.161977e+00	-5.197654e-01	6.968109e-01	
1  343.276	2.248748e+00	1.231180e-01	-1.097256e+00	-4.618760e-01	6.953788e-01	
2  343.319	2.269154e+00	1.215742e-01	-1.055214e+00	-4.882883e-01	6.959109e-01	
1  343.816	2.249707e+00	1.207802e-01	-1.069621e+00	-4.776371e-01	6.903188e-01	
7  343.325	2.252600e+00	1.180778e-01	-1.032174e+00	-4.955024e-01	6.966011e-01	
1  343.173	2.250677e+00	1.213756e-01	-1.031529e+00	-4.919404e-01	6.913452e-01	
5  344.226	2.231284e+00	1.212115e-01	-9.798636e-01	-4.908456e-01	6.865993e-01	
2  344.959	2.234268e+00	1.227710e-01	-9.781235e-01	-4.597025e-01	6.795179e-01	
1  344.602	2.246420e+00	1.221513e-01	-1.003005e+00	-4.954759e-01	6.818686e-01	
16  343.473	2.250211e+00	1.230526e-01	-1.010711e+00	-5.239633e-01	6.882734e-01	
2  343.316	2.250708e+00	1.238541e-01	-1.018836e+00	-5.798932e-01	6.881461e-01	
3  344.726	2.247786e+00	1.210930e-01	-9.872598e-01	-5.868356e-01	6.833679e-01	
1  345.033	2.245238e+00	1.224194e-01	-9.350001e-01	-5.759175e-01	6.802375e-01	
1  344.786	2.255922e+00	1.222000e-01	-9.699958e-01	-5.471921e-01	6.902624e-01	
1  344.639	2.261496e+00	1.209743e-01	-9.472826e-01	-6.403094e-01	6.829181e-01	
1  345.577	2.251329e+00	1.227225e-01	-9.122418e-01	-6.416615e-01	6.769715e-01	
2  344.649	2.230807e+00	1.219638e-01	-9.348555e-01	-6.983828e-01	6.813879e-01	
2  343.822	2.239643e+00	1.220133e-01	-9.793573e-01	-6.518271e-01	6.844802e-01	
1  343.418	2.243926e+00	1.218670e-01	-9.881316e-01	-6.491444e-01	6.872252e-01	
3  343.042	2.241901e+00	1.220128e-01	-1.020355e+00	-6.390295e-01	6.912864e-01	
1  344.178	2.257738e+00	1.216939e-01	-9.886406e-01	-6.373628e-01	6.837273e-01	
3  344.289	2.249221e+00	1.201460e-01	-9.371421e-01	-6.711553e-01	6.881676e-01	
3  343.253	2.233088e+00	1.179985e-01	-9.983422e-01	-7.064514e-01	6.977006e-01	
1  343.377	2.209429e+00	1.196529e-01	-1.010942e+00	-6.848660e-01	6.931307e-01	
1  345.172	2.221066e+00	1.188151e-01	-9.926876e-01	-6.768235e-01	6.883983e-01	
4  344.927	2.228849e+00	1.183044e-01	-9.810750e-01	-6.833684e-01	6.894572e-01	
1  344.644	2.233581e+00	1.180322e-01	-9.983963e-01	-6.735349e-01	6.914312e-01	
1  343.68	2.235917e+00	1.185431e-01	-9.814706e-01	-6.568336e-01	6.931844e-01	
6  344.614	2.259787e+00	1.185779e-01	-9.298934e-01	-6.461168e-01	6.904790e-01	
5  343.754	2.233784e+00	1.199412e-01	-9.819176e-01	-6.104235e-01	6.937578e-01	
1  345.423	2.222140e+00	1.214736e-01	-1.001378e+00	-6.181499e-01	6.820948e-01	
3  343.706	2.209066e+00	1.217750e-01	-9.749350e-01	-6.596706e-01	6.869539e-01	
6  344.698	2.214382e+00	1.215974e-01	-9.371150e-01	-6.334702e-01	6.853641e-01	
1  343.257	2.211872e+00	1.189424e-01	-1.018214e+00	-7.040036e-01	6.958416e-01	
1  343.837	2.183697e+00	1.202246e-01	-1.057473e+00	-7.314747e-01	6.937856e-01	
3  343.473	2.182919e+00	1.206441e-01	-1.058710e+00	-7.594491e-01	6.946490e-01	
3  343.222	2.164651e+00	1.207036e-01	-1.047598e+00	-7.457384e-01	6.949067e-01	
2  343.386	2.175733e+00	1.230616e-01	-1.056370e+00	-6.960809e-01	6.961244e-01	
3  343.176	2.170182e+00	1.222170e-01	-1.031170e+00	-6.990884e-01	6.944543e-01	
1  343.304	2.177071e+00	1.225344e-01	-1.061320e+00	-6.977079e-01	6.906139e-01	
1  343.07	2.160860e+00	1.226454e-01	-1.083095e+00	-6.966355e-01	6.961773e-01	
1  343.216	2.139084e+00	1.239941e-01	-1.051411e+00	-7.215353e-01	6.933994e-01	
5  343.028	2.123969e+00	1.257242e-01	-1.089818e+00	-6.830088e-01	6.904699e-01	
2  343.785	2.120083e+00	1.249077e-01	-1.043640e+00	-6.474662e-01	6.921212e-01	
1  342.944	2.128689e+00	1.250203e-01	-1.072376e+00	-6.447080e-01	6.892640e-01	
2  348.433	2.148853e+00	1.254376e-01	-1.035685e+00	-6.069132e-01	6.979451e-01	
1  343.125	2.150113e+00	1.232982e-01	-1.063222e+00	-5.795013e-01	6.933198e-01	
1  343.096	2.150560e+00	1.229311e-01	-1.056531e+00	-5.724976e-01	6.903516e-01	
3  343.156	2.152657e+00	1.207874e-01	-1.080189e+00	-5.431196e-01	6.987040e-01	
7  343.119	2.157215e+00	1.202511e-01	-1.085159e+00	-5.703570e-01	6.988355e-01	
1  343.502	2.168120e+00	1.190107e-01	-1.102846e+00	-5.385172e-01	6.997877e-01	
1  343.584	2.130036e+00	1.189531e-01	-1.098927e+00	-4.937640e-01	7.044771e-01	
2  344.321	2.135919e+00	1.190369e-01	-1.024626e+00	-5.147007e-01	6.935804e-01	
1  344.615	2.123540e+00	1.166423e-01	-1.064581e+00	-5.173903e-01	7.088788e-01	
2  344.122	2.129743e+00	1.160508e-01	-1.063879e+00	-5.433802e-01	7.080183e-01	
1  344.097	2.158434e+00	1.158909e-01	-1.075468e+00	-5.656695e-01	7.108113e-01	
1  344.47	2.146676e+00	1.167072e-01	-1.114320e+00	-5.561803e-01	7.131782e-01	
1  344.815	2.151770e+00	1.161857e-01	-1.114241e+00	-5.101669e-01	7.145960e-01	
2  344.575	2.153061e+00	1.175820e-01	-1.170412e+00	-5.045701e-01	7.139688e-01	
2  345.407	2.168422e+00	1.170543e-01	-1.148220e+00	-4.937042e-01	7.162489e-01	
2  343.908	2.185945e+00	1.180404e-01	-1.156269e+00	-4.913057e-01	7.056340e-01	
1  343.715	2.201284e+00	1.156901e-01	-1.118621e+00	-4.536403e-01	7.121027e-01	
1  343.366	2.222924e+00	1.161912e-01	-1.114850e+00	-4.981439e-01	7.089320e-01	
1  343.314	2.209872e+00	1.190191e-01	-1.083778e+00	-4.772268e-01	7.031362e-01	
2  343.572	2.199813e+00	1.171698e-01	-1.081673e+00	-4.909047e-01	7.072244e-01	
4  343.456	2.199534e+00	1.157322e-01	-1.075061e+00	-5.540002e-01	7.061999e-01	
1  344.288	2.220767e+00	1.143380e-01	-1.057109e+00	-5.319441e-01	7.130380e-01	
1  344.091	2.206129e+00	1.130066e-01	-1.047544e+00	-4.936767e-01	7.113108e-01	
4  343.467	2.219413e+00	1.146573e-01	-1.068717e+00	-5.396280e-01	7.094760e-01	
2  344.216	2.251199e+00	1.152956e-01	-1.084870e+00	-5.155516e-01	7.135104e-01	
5  343.479	2.254489e+00	1.141910e-01	-1.108343e+00	-5.270430e-01	7.124818e-01	
3  343.548	2.267367e+00	1.146499e-01	-1.115206e+00	-5.400083e-01	7.131667e-01	
10  343.296	2.230471e+00	1.176091e-01	-1.113900e+00	-5.077292e-01	7.071141e-01	
1  343.268	2.232938e+00	1.191228e-01	-1.124668e+00	-5.131859e-01	7.034292e-01	
2  343.577	2.215830e+00	1.186185e-01	-1.073181e+00	-5.048953e-01	6.967482e-01	
3  343.004	2.213682e+00	1.205139e-01	-1.089695e+00	-4.697825e-01	6.967338e-01	
2  343.968	2.193453e+00	1.210655e-01	-1.055794e+00	-4.288484e-01	6.888188e-01	
4  344.445	2.205188e+00	1.202466e-01	-9.981908e-01	-4.149524e-01	6.887382e-01	
1  344.247	2.178324e+00	1.179583e-01	-1.026701e+00	-4.241438e-01	6.998593e-01	
5  343.782	2.199630e+00	1.159897e-01	-1.062419e+00	-4.052144e-01	7.061131e-01	
1  343.665	2.202572e+00	1.188111e-01	-1.064440e+00	-3.677966e-01	6.953986e-01	
4  344.228	2.210464e+00	1.173665e-01	-1.037155e+00	-3.097078e-01	6.998187e-01	
3  343.43	2.230946e+00	1.206073e-01	-1.088535e+00	-3.385236e-01	6.925040e-01	
5  343.165	2.191393e+00	1.207861e-01	-1.102101e+00	-3.326654e-01	6.981533e-01	
1  343.485	2.175403e+00	1.219278e-01	-1.118718e+00	-2.897264e-01	6.917706e-01	
1  343.455	2.160787e+00	1.219666e-01	-1.177042e+00	-3.027527e-01	6.978544e-01	
1  343.564	2.161673e+00	1.211105e-01	-1.178964e+00	-3.300359e-01	7.000156e-01	
1  343.569	2.152778e+00	1.210127e-01	-1.170243e+00	-2.959976e-01	7.039403e-01	
1  343.88	2.163148e+00	1.208775e-01	-1.194617e+00	-3.209248e-01	7.060887e-01	
6  344.66	2.161358e+00	1.197346e-01	-1.211401e+00	-3.380735e-01	7.030467e-01	
4  345.243	2.148058e+00	1.216040e-01	-1.168982e+00	-3.656232e-01	7.080160e-01	
5  344.654	2.131719e+00	1.197874e-01	-1.157355e+00	-3.679211e-01	7.094222e-01	
1  344.394	2.141897e+00	1.185240e-01	-1.166502e+00	-3.907986e-01	7.024172e-01	
7  344.885	2.146899e+00	1.194115e-01	-1.216776e+00	-3.640171e-01	7.043976e-01	
3  346.424	2.139117e+00	1.208713e-01	-1.201159e+00	-4.219865e-01	7.132574e-01	
5  347.527	2.164491e+00	1.203288e-01	-1.224080e+00	-3.877588e-01	7.164973e-01	
2  345.2	2.173606e+00	1.182235e-01	-1.229058e+00	-3.717620e-01	7.152808e-01	
1  345.593	2.164593e+00	1.173515e-01	-1.215146e+00	-3.768227e-01	7.071549e-01	
1  345.247	2.164046e+00	1.182839e-01	-1.174273e+00	-4.162008e-01	7.145192e-01	
2  343.387	2.158155e+00	1.185253e-01	-1.135513e+00	-3.929117e-01	7.051779e-01	
4  343.921	2.161483e+00	1.169899e-01	-1.095358e+00	-3.865274e-01	7.016394e-01	
2  345.531	2.177388e+00	1.164094e-01	-1.121283e+00	-3.941138e-01	7.002207e-01	
1  343.683	2.168810e+00	1.158470e-01	-1.130995e+00	-3.978723e-01	7.103318e-01	
4  344.732	2.172768e+00	1.143159e-01	-1.050585e+00	-4.290830e-01	7.106575e-01	
5  344.155	2.180415e+00	1.152801e-01	-1.065574e+00	-3.853602e-01	7.036220e-01	
3  344.338	2.196620e+00	1.153326e-01	-1.062053e+00	-4.418267e-01	7.017611e-01	
1  343.385	2.216633e+00	1.161223e-01	-1.062290e+00	-4.726512e-01	7.041483e-01	
1  343.357	2.225343e+00	1.153349e-01	-1.067550e+00	-5.052088e-01	7.073850e-01	
4  343.342	2.212643e+00	1.163693e-01	-1.058146e+00	-5.210591e-01	7.049650e-01	
1  343.123	2.228845e+00	1.182599e-01	-1.056859e+00	-4.909915e-01	7.003495e-01	
5  343.09	2.225492e+00	1.179349e-01	-1.062808e+00	-5.327077e-01	7.019839e-01	
4  344.48	2.225931e+00	1.187519e-01	-1.099057e+00	-5.690465e-01	6.966304e-01	
8  343.074	2.227548e+00	1.206553e-01	-1.098627e+00	-5.592828e-01	6.996261e-01	
1  343.703	2.214342e+00	1.217765e-01	-1.099453e+00	-5.339909e-01	7.010467e-01	
1  342.961	2.233868e+00	1.211574e-01	-1.073300e+00	-5.199276e-01	6.963762e-01	
1  343.186	2.239452e+00	1.210502e-01	-1.088790e+00	-5.004284e-01	6.993100e-01	
2  343.553	2.258376e+00	1.208743e-01	-1.108336e+00	-5.232433e-01	6.951822e-01	
1  343.272	2.255813e+00	1.187401e-01	-1.086078e+00	-5.562850e-01	6.990184e-01	
1  343.194	2.265656e+00	1.190880e-01	-1.060747e+00	-5.150461e-01	7.013196e-01	
1  343.149	2.241239e+00	1.172564e-01	-1.062946e+00	-5.686160e-01	7.016349e-01	
2  344.772	2.240610e+00	1.140418e-01	-1.041094e+00	-6.328030e-01	7.026872e-01	
1  343.588	2.251534e+00	1.123730e-01	-1.046236e+00	-6.210062e-01	7.126317e-01	
2  345.26	2.245210e+00	1.110065e-01	-1.040933e+00	-6.715833e-01	7.214475e-01	
2  343.822	2.246875e+00	1.119891e-01	-1.079524e+00	-6.404943e-01	7.171398e-01	
4  344.06	2.252766e+00	1.126921e-01	-1.121861e+00	-6.101120e-01	7.165225e-01	
2  343.812	2.245779e+00	1.134536e-01	-1.108434e+00	-6.133099e-01	7.158023e-01	
2  344.646	2.266641e+00	1.128104e-01	-1.143555e+00	-6.393423e-01	7.204339e-01	
1  345.64	2.253875e+00	1.122440e-01	-1.106160e+00	-6.580301e-01	7.108679e-01	
2  346.31	2.269863e+00	1.139418e-01	-1.109874e+00	-6.340310e-01	7.221394e-01	
1  344.487	2.293250e+00	1.124796e-01	-1.111175e+00	-6.351965e-01	7.208035e-01	
2  345.361	2.293396e+00	1.107712e-01	-1.133221e+00	-6.723903e-01	7.262837e-01	
3  345.5	2.287151e+00	1.104644e-01	-1.133471e+00	-6.823029e-01	7.188484e-01	
2  345.314	2.306246e+00	1.124534e-01	-1.167025e+00	-6.414204e-01	7.195231e-01	
3  345.193	2.310277e+00	1.149283e-01	-1.162009e+00	-6.843885e-01	7.164329e-01	
1  346.757	2.298370e+00	1.167609e-01	-1.133060e+00	-6.858018e-01	7.184480e-01	
3  343.631	2.304517e+00	1.161966e-01	-1.070894e+00	-7.097216e-01	7.039003e-01	
1  343.664	2.304824e+00	1.181548e-01	-1.079512e+00	-7.530015e-01	7.019399e-01	
1  344.455	2.305031e+00	1.181927e-01	-1.107267e+00	-7.279863e-01	7.019039e-01	
6  343.884	2.307296e+00	1.167422e-01	-1.025904e+00	-7.394076e-01	6.977877e-01	
2  344.778	2.303644e+00	1.177643e-01	-9.961069e-01	-7.592326e-01	7.059442e-01	
1  344.618	2.299136e+00	1.161643e-01	-9.664828e-01	-7.684485e-01	7.061074e-01	
1  343.418	2.300699e+00	1.179215e-01	-9.622564e-01	-7.355579e-01	6.971262e-01	
1  344.385	2.285951e+00	1.167595e-01	-9.804460e-01	-8.484655e-01	6.944454e-01	
3  343.583	2.314216e+00	1.178859e-01	-9.682505e-01	-9.000422e-01	7.017541e-01	
1  343.962	2.319199e+00	1.198228e-01	-1.000514e+00	-9.089719e-01	7.012983e-01	
1  343.94	2.307402e+00	1.190779e-01	-1.067163e+00	-9.052670e-01	7.016289e-01	
1  344.164	2.314885e+00	1.185404e-01	-1.069915e+00	-9.049639e-01	7.065400e-01	
1  344.313	2.335945e+00	1.183055e-01	-1.076277e+00	-8.991169e-01	7.032004e-01	
1  344.771	2.340108e+00	1.185220e-01	-1.081096e+00	-9.037879e-01	7.081932e-01	
2  343.898	2.340649e+00	1.156665e-01	-1.068625e+00	-8.681562e-01	7.088585e-01	
4  343.945	2.337945e+00	1.190192e-01	-1.082304e+00	-7.991112e-01	7.037777e-01	
1  343.957	2.346512e+00	1.191094e-01	-1.053346e+00	-8.322603e-01	6.976204e-01	
2  344.819	2.339811e+00	1.178792e-01	-1.047559e+00	-8.163563e-01	7.092587e-01	
1  346.875	2.349577e+00	1.187739e-01	-1.058383e+00	-8.451283e-01	6.923174e-01	
1  347.79	2.355622e+00	1.192221e-01	-1.077014e+00	-9.010842e-01	6.930201e-01	
5  346.963	2.329174e+00	1.214687e-01	-1.039448e+00	-8.398951e-01	7.053374e-01	
1  344.968	2.339458e+00	1.200823e-01	-1.088899e+00	-8.632608e-01	7.057648e-01	
4  344.98	2.322400e+00	1.182333e-01	-1.100972e+00	-8.193018e-01	7.017104e-01	
1  344.063	2.337095e+00	1.200379e-01	-1.079464e+00	-8.291720e-01	7.015233e-01	
2  343.74	2.328789e+00	1.163327e-01	-1.067209e+00	-8.136041e-01	7.054175e-01	
1  343.448	2.309354e+00	1.185566e-01	-1.002992e+00	-8.085891e-01	6.944222e-01	
3  343.505	2.298712e+00	1.201426e-01	-9.812353e-01	-8.046479e-01	6.968573e-01	
3  343.298	2.291231e+00	1.204502e-01	-1.006490e+00	-8.495354e-01	6.978569e-01	
1  343.519	2.278304e+00	1.196883e-01	-1.013897e+00	-8.716575e-01	6.936775e-01	
5  343.312	2.240736e+00	1.184895e-01	-1.019145e+00	-8.712546e-01	6.978194e-01	
1  343.09	2.264281e+00	1.191068e-01	-1.012155e+00	-8.152109e-01	6.961943e-01	
2  343.639	2.253146e+00	1.216638e-01	-1.027451e+00	-7.846105e-01	6.981020e-01	
1  344.648	2.267725e+00	1.208511e-01	-1.058697e+00	-8.020677e-01	6.912742e-01	
1  344.551	2.267751e+00	1.193807e-01	-1.016696e+00	-8.061584e-01	6.907365e-01	
1  346.005	2.252200e+00	1.178312e-01	-9.855121e-01	-7.719936e-01	7.072225e-01	
3  347.265	2.271880e+00	1.179202e-01	-9.575301e-01	-7.030146e-01	7.052605e-01	
4  345.049	2.265816e+00	1.186604e-01	-9.632007e-01	-6.825171e-01	7.002455e-01	
1  344.319	2.267644e+00	1.154402e-01	-9.435953e-01	-6.917352e-01	6.969835e-01	
4  344.099	2.263304e+00	1.168539e-01	-9.471181e-01	-6.829415e-01	6.950250e-01	
1  346.522	2.259184e+00	1.149255e-01	-9.012868e-01	-7.122552e-01	7.024755e-01	
2  344.096	2.269593e+00	1.159786e-01	-9.394766e-01	-7.284897e-01	6.989833e-01	
3  345.573	2.265169e+00	1.169724e-01	-9.127793e-01	-7.301389e-01	6.885173e-01	
5  345.062	2.274339e+00	1.151978e-01	-9.131593e-01	-7.178204e-01	6.947002e-01	
2  345.386	2.257006e+00	1.149195e-01	-9.079237e-01	-6.956560e-01	6.965918e-01	
5  345.87	2.278609e+00	1.167575e-01	-9.405696e-01	-7.942794e-01	7.050182e-01	
1  344.993	2.287736e+00	1.174524e-01	-9.541795e-01	-8.417201e-01	7.042046e-01	
5  345.292	2.286221e+00	1.169389e-01	-9.524861e-01	-9.085003e-01	7.065158e-01	
1  346.119	2.281200e+00	1.170001e-01	-9.514022e-01	-8.882998e-01	6.890419e-01	
1  344.888	2.274226e+00	1.157981e-01	-9.126647e-01	-8.974160e-01	6.927173e-01	
4  343.633	2.261783e+00	1.155799e-01	-9.419452e-01	-9.049864e-01	6.993299e-01	
1  344.851	2.245221e+00	1.128821e-01	-9.036119e-01	-9.457900e-01	7.066035e-01	
2  347.187	2.245199e+00	1.145034e-01	-8.627482e-01	-1.010944e+00	7.057954e-01	
1  344.487	2.238242e+00	1.132506e-01	-9.165114e-01	-1.020302e+00	7.082334e-01	
4  344.583	2.216599e+00	1.112928e-01	-9.544642e-01	-1.021668e+00	7.094013e-01	
1  343.922	2.222759e+00	1.147293e-01	-1.009049e+00	-1.030694e+00	7.063032e-01	
4  344.518	2.223558e+00	1.164483e-01	-1.009405e+00	-1.022486e+00	6.999424e-01	
1  343.665	2.212679e+00	1.172838e-01	-9.541470e-01	-1.019360e+00	7.026387e-01	
1  345.208	2.192535e+00	1.190376e-01	-9.509588e-01	-1.024576e+00	7.034195e-01	
1  343.399	2.172029e+00	1.189783e-01	-9.645196e-01	-1.083734e+00	6.964071e-01	
2  344.161	2.165626e+00	1.176086e-01	-9.599172e-01	-1.016511e+00	7.038242e-01	
1  344.36	2.165632e+00	1.175837e-01	-9.436525e-01	-9.974651e-01	7.023674e-01	
2  345.608	2.132678e+00	1.156415e-01	-9.965082e-01	-1.071282e+00	7.139983e-01	
1  343.959	2.128537e+00	1.158438e-01	-1.004716e+00	-1.045049e+00	7.074690e-01	
3  344.038	2.136764e+00	1.163830e-01	-1.021559e+00	-1.013550e+00	7.095020e-01	
1  344.146	2.155501e+00	1.186506e-01	-1.053477e+00	-1.028839e+00	7.013292e-01	
2  344.728	2.165549e+00	1.169903e-01	-1.013375e+00	-1.091666e+00	7.002377e-01	
1  343.969	2.174726e+00	1.189927e-01	-1.011169e+00	-1.119919e+00	7.055337e-01	
1  344.413	2.168865e+00	1.204062e-01	-1.020014e+00	-1.077660e+00	7.046758e-01	
4  344.047	2.170212e+00	1.211183e-01	-1.038707e+00	-1.014209e+00	7.029560e-01	
6  343.385	2.159249e+00	1.222801e-01	-1.019875e+00	-9.841119e-01	6.972900e-01	
1  343.068	2.167387e+00	1.226747e-01	-9.831680e-01	-1.007152e+00	6.911917e-01	
1  343.042	2.175356e+00	1.231945e-01	-9.869716e-01	-9.792839e-01	6.894153e-01	
1  343.204	2.200762e+00	1.201245e-01	-1.003569e+00	-9.948180e-01	6.957809e-01	
1  343.674	2.213017e+00	1.235374e-01	-1.058286e+00	-9.755552e-01	6.957599e-01	
2  343.753	2.252947e+00	1.236946e-01	-1.059168e+00	-9.221528e-01	6.919475e-01	
2  343.516	2.243620e+00	1.230281e-01	-1.034264e+00	-9.045868e-01	6.897082e-01	
6  343.41	2.254457e+00	1.226182e-01	-9.707830e-01	-9.233271e-01	6.917686e-01	
2  343.189	2.263138e+00	1.229170e-01	-9.623505e-01	-9.262478e-01	6.874965e-01	
1  344.733	2.262741e+00	1.243966e-01	-9.669731e-01	-9.566589e-01	6.919357e-01	
4  343.855	2.263903e+00	1.229540e-01	-1.008016e+00	-9.402368e-01	6.865080e-01	
1  344.039	2.272953e+00	1.230344e-01	-1.010073e+00	-9.375415e-01	6.859992e-01	
5  343.652	2.257044e+00	1.241467e-01	-1.004082e+00	-9.702455e-01	6.921247e-01	
2  343.501	2.280707e+00	1.228957e-01	-9.740195e-01	-1.009501e+00	6.921433e-01	
2  344.181	2.276476e+00	1.244249e-01	-9.370015e-01	-1.042394e+00	6.884304e-01	
2  343.793	2.250175e+00	1.233794e-01	-9.264684e-01	-1.089838e+00	6.892716e-01	
5  343.62	2.248131e+00	1.246147e-01	-9.381737e-01	-1.070044e+00	6.806240e-01	
1  344.988	2.215207e+00	1.254841e-01	-9.696678e-01	-1.067538e+00	6.919726e-01	
5  343.942	2.200602e+00	1.263982e-01	-8.977780e-01	-1.102485e+00	6.791276e-01	
7  344.638	2.186614e+00	1.251783e-01	-8.735410e-01	-1.069688e+00	6.746607e-01	
4  344.337	2.177948e+00	1.283008e-01	-9.036709e-01	-1.028284e+00	6.698168e-01	
2  344.023	2.174178e+00	1.262330e-01	-9.144457e-01	-9.825000e-01	6.754859e-01	
2  344.085	2.182603e+00	1.264622e-01	-9.414493e-01	-9.859981e-01	6.839954e-01	
1  343.859	2.182555e+00	1.247670e-01	-9.382500e-01	-9.817444e-01	6.788264e-01	
1  343.266	2.180009e+00	1.246237e-01	-9.588977e-01	-9.958075e-01	6.831241e-01	
2  343.979	2.173538e+00	1.259741e-01	-9.662680e-01	-1.005281e+00	6.773954e-01	
6  343.691	2.172990e+00	1.252245e-01	-9.310802e-01	-9.535218e-01	6.820734e-01	
2  344.142	2.160263e+00	1.272045e-01	-9.217351e-01	-1.001816e+00	6.728110e-01	
7  343.703	2.150958e+00	1.266428e-01	-9.350729e-01	-1.014470e+00	6.814969e-01	
2  343.827	2.152815e+00	1.249311e-01	-9.384948e-01	-1.049587e+00	6.792008e-01	
1  343.902	2.140701e+00	1.267764e-01	-9.090848e-01	-1.044887e+00	6.765411e-01	
1  344.586	2.112686e+00	1.308568e-01	-9.050029e-01	-1.092470e+00	6.728653e-01	
1  344.205	2.091145e+00	1.314339e-01	-9.023045e-01	-1.147306e+00	6.704231e-01	
1  344.98	2.090926e+00	1.331203e-01	-9.477003e-01	-1.156962e+00	6.608404e-01	
5  346.197	2.113916e+00	1.314857e-01	-9.596387e-01	-1.163221e+00	6.623960e-01	
7  344.003	2.121909e+00	1.317059e-01	-9.033651e-01	-1.170658e+00	6.665304e-01	
3  343.956	2.097795e+00	1.303978e-01	-9.000887e-01	-1.173168e+00	6.712643e-01	
1  343.809	2.093743e+00	1.298356e-01	-9.005563e-01	-1.217570e+00	6.707711e-01	
1  343.693	2.099450e+00	1.277839e-01	-9.053891e-01	-1.196130e+00	6.770051e-01	
1  343.875	2.099981e+00	1.270836e-01	-9.177237e-01	-1.160241e+00	6.816513e-01	
1  344.432	2.099837e+00	1.262386e-01	-8.929218e-01	-1.202819e+00	6.829183e-01	
1  346.791	2.111316e+00	1.249008e-01	-9.312728e-01	-1.196247e+00	6.735463e-01	
2  347.534	2.115680e+00	1.243916e-01	-9.403275e-01	-1.191479e+00	6.740913e-01	
4  347.047	2.148933e+00	1.244960e-01	-9.206875e-01	-1.182829e+00	6.729064e-01	
1  346.798	2.171886e+00	1.241447e-01	-9.707446e-01	-1.183250e+00	6.777051e-01	
1  343.947	2.165156e+00	1.248230e-01	-9.500345e-01	-1.179438e+00	6.805911e-01	
6  344.221	2.175164e+00	1.249210e-01	-9.692233e-01	-1.219653e+00	6.929140e-01	
3  344.883	2.183078e+00	1.253234e-01	-1.055777e+00	-1.220509e+00	6.895656e-01	
1  344.43	2.169317e+00	1.279447e-01	-1.031961e+00	-1.195235e+00	6.896025e-01	
8  344.519	2.198051e+00	1.282525e-01	-1.039825e+00	-1.201851e+00	6.872764e-01	
2  344.297	2.174365e+00	1.286740e-01	-1.022573e+00	-1.283151e+00	6.850024e-01	
2  345.757	2.165920e+00	1.286559e-01	-1.040677e+00	-1.300795e+00	6.798817e-01	
3  345.325	2.149414e+00	1.289523e-01	-1.066409e+00	-1.333901e+00	6.875398e-01	
1  344.438	2.134448e+00	1.283204e-01	-1.008523e+00	-1.328115e+00	6.802638e-01	
5  344.061	2.139822e+00	1.281084e-01	-1.006074e+00	-1.372749e+00	6.844152e-01	
1  344.68	2.132379e+00	1.279819e-01	-9.840957e-01	-1.365443e+00	6.779169e-01	
1  344.567	2.133591e+00	1.275705e-01	-9.849349e-01	-1.397803e+00	6.798367e-01	
1  344.822	2.122791e+00	1.296417e-01	-9.671962e-01	-1.406172e+00	6.731482e-01	
10  344.237	2.138823e+00	1.313584e-01	-9.791669e-01	-1.436055e+00	6.757029e-01	
1  344.092	2.098618e+00	1.321158e-01	-1.003895e+00	-1.398287e+00	6.771055e-01	
4  343.625	2.074158e+00	1.318322e-01	-9.779462e-01	-1.377298e+00	6.775575e-01	
1  344.846	2.083491e+00	1.313083e-01	-9.869641e-01	-1.398143e+00	6.840294e-01	
4  343.442	2.071029e+00	1.284104e-01	-9.669974e-01	-1.397941e+00	6.840012e-01	
5  343.604	2.067037e+00	1.265164e-01	-9.521632e-01	-1.357470e+00	6.811812e-01	
8  343.371	2.061082e+00	1.265571e-01	-9.618580e-01	-1.373214e+00	6.870502e-01	
1  343.451	2.054195e+00	1.279815e-01	-9.574638e-01	-1.365887e+00	6.847275e-01	
1  343.842	2.058045e+00	1.282550e-01	-9.229109e-01	-1.379466e+00	6.830635e-01	
1  345.649	2.079281e+00	1.276609e-01	-8.344395e-01	-1.359294e+00	6.781466e-01	
8  344.636	2.067413e+00	1.284054e-01	-8.494094e-01	-1.328302e+00	6.736228e-01	
2  346.18	2.062172e+00	1.272438e-01	-8.051613e-01	-1.317156e+00	6.687718e-01	
3  345.077	2.056478e+00	1.275167e-01	-8.527890e-01	-1.285739e+00	6.701927e-01	
2  344.761	2.060297e+00	1.285632e-01	-8.608899e-01	-1.290630e+00	6.754822e-01	
9  343.412	2.067803e+00	1.282995e-01	-9.398788e-01	-1.301916e+00	6.768860e-01	
5  343.286	2.095515e+00	1.290367e-01	-9.410772e-01	-1.272211e+00	6.782380e-01	
1  343.279	2.085237e+00	1.266298e-01	-9.624780e-01	-1.266680e+00	6.822756e-01	
2  343.204	2.091271e+00	1.271810e-01	-9.590813e-01	-1.262456e+00	6.816489e-01	
1  343.909	2.103733e+00	1.266820e-01	-9.029064e-01	-1.308198e+00	6.758974e-01	
1  344.381	2.132357e+00	1.275176e-01	-8.557871e-01	-1.263589e+00	6.742684e-01	
1  345.637	2.139919e+00	1.268535e-01	-8.250841e-01	-1.278774e+00	6.768266e-01	
1  345.949	2.138839e+00	1.269589e-01	-8.689364e-01	-1.327461e+00	6.847271e-01	
2  344.014	2.113395e+00	1.272392e-01	-8.632698e-01	-1.342769e+00	6.755638e-01	
3  344.053	2.131993e+00	1.265687e-01	-8.634377e-01	-1.350232e+00	6.790546e-01	
2  343.547	2.141640e+00	1.266744e-01	-8.905057e-01	-1.370482e+00	6.799034e-01	
1  344.537	2.122185e+00	1.262864e-01	-9.060507e-01	-1.380276e+00	6.751877e-01	
2  344.005	2.130492e+00	1.244912e-01	-8.605308e-01	-1.390684e+00	6.798431e-01	
2  344.23	2.133654e+00	1.229261e-01	-9.097458e-01	-1.420476e+00	6.840569e-01	
1  343.71	2.134835e+00	1.215853e-01	-9.053229e-01	-1.415732e+00	6.939534e-01	
5  343.765	2.155617e+00	1.200468e-01	-9.476277e-01	-1.427935e+00	6.961234e-01	
1  343.848	2.137475e+00	1.196736e-01	-9.457818e-01	-1.423249e+00	7.008680e-01	
2  344.1	2.153845e+00	1.178072e-01	-9.511557e-01	-1.376549e+00	7.054091e-01	
1  344.054	2.167714e+00	1.162983e-01	-9.628491e-01	-1.387931e+00	7.062830e-01	
2  343.932	2.158627e+00	1.166501e-01	-9.499636e-01	-1.375765e+00	7.052180e-01	
3  344.102	2.149240e+00	1.182470e-01	-9.833446e-01	-1.382892e+00	7.025566e-01	
1  344.011	2.165492e+00	1.185100e-01	-9.539482e-01	-1.432979e+00	6.993740e-01	
7  344.224	2.182880e+00	1.169893e-01	-9.509840e-01	-1.445400e+00	7.019762e-01	
2  346.937	2.173839e+00	1.167839e-01	-9.692714e-01	-1.439557e+00	6.974047e-01	
1  347.837	2.175912e+00	1.165605e-01	-9.472241e-01	-1.427132e+00	6.943608e-01	
2  348.595	2.155230e+00	1.177954e-01	-9.206787e-01	-1.383604e+00	6.879819e-01	
2  347.133	2.146032e+00	1.179305e-01	-9.516120e-01	-1.428134e+00	6.928718e-01	
2  344.93	2.143543e+00	1.185143e-01	-9.686227e-01	-1.425891e+00	6.974654e-01	
1  344.401	2.156951e+00	1.194316e-01	-9.718203e-01	-1.440181e+00	6.975637e-01	
3  344.02	2.168572e+00	1.201493e-01	-9.468492e-01	-1.399327e+00	7.011007e-01	
2  343.932	2.165061e+00	1.198799e-01	-9.687671e-01	-1.422216e+00	6.980913e-01	
4  344.112	2.158645e+00	1.186895e-01	-9.877920e-01	-1.402926e+00	7.032217e-01	
2  343.79	2.122880e+00	1.217921e-01	-9.593155e-01	-1.441180e+00	6.934820e-01	
3  343.781	2.108760e+00	1.219294e-01	-9.822477e-01	-1.388271e+00	6.949865e-01	
4  343.61	2.077769e+00	1.245901e-01	-9.684520e-01	-1.400424e+00	6.924899e-01	
2  344.255	2.054197e+00	1.244690e-01	-9.153868e-01	-1.395659e+00	6.911730e-01	
2  343.646	2.066597e+00	1.225526e-01	-9.233796e-01	-1.422159e+00	6.920265e-01	
2  344.497	2.087785e+00	1.254360e-01	-9.691305e-01	-1.383220e+00	6.942648e-01	
1  343.991	2.085872e+00	1.235624e-01	-9.948109e-01	-1.429062e+00	6.924631e-01	
4  346	2.082896e+00	1.244370e-01	-1.016022e+00	-1.436934e+00	6.867355e-01	
1  346.27	2.094076e+00	1.209599e-01	-1.024966e+00	-1.501127e+00	6.964564e-01	
1  346.166	2.081567e+00	1.196615e-01	-9.790960e-01	-1.554095e+00	6.956344e-01	
1  345.6	2.087658e+00	1.203482e-01	-9.282580e-01	-1.539320e+00	7.044602e-01	
3  346.149	2.109136e+00	1.188734e-01	-9.139059e-01	-1.503012e+00	7.069086e-01	
1  346.114	2.110223e+00	1.172232e-01	-8.903105e-01	-1.449922e+00	7.072268e-01	
1  345.56	2.108311e+00	1.160667e-01	-9.549236e-01	-1.466498e+00	7.018852e-01	
2  344.87	2.095544e+00	1.167327e-01	-9.915381e-01	-1.464948e+00	7.101081e-01	
4  345.049	2.094414e+00	1.160559e-01	-9.931465e-01	-1.439391e+00	7.121988e-01	
5  344.803	2.086381e+00	1.172536e-01	-1.000161e+00	-1.446306e+00	7.075964e-01	
3  344.819	2.107302e+00	1.165707e-01	-1.009425e+00	-1.376380e+00	7.077874e-01	
2  344.968	2.121177e+00	1.168878e-01	-1.019340e+00	-1.381110e+00	7.115690e-01	
2  346.4	2.129713e+00	1.201733e-01	-1.067157e+00	-1.443733e+00	7.029175e-01	
1  346.22	2.134409e+00	1.176969e-01	-1.011314e+00	-1.403793e+00	7.005661e-01	
4  344.363	2.137393e+00	1.196330e-01	-1.013673e+00	-1.374439e+00	7.046166e-01	
1  345.475	2.149411e+00	1.190845e-01	-9.599374e-01	-1.435670e+00	7.078760e-01	
2  344.258	2.131909e+00	1.177436e-01	-8.908292e-01	-1.461481e+00	6.964766e-01	
5  344.713	2.130902e+00	1.169537e-01	-9.094068e-01	-1.479858e+00	7.064094e-01	
4  344.809	2.132277e+00	1.150313e-01	-9.608964e-01	-1.502848e+00	7.087362e-01	
1  346.1	2.135836e+00	1.161514e-01	-9.822925e-01	-1.545577e+00	7.041761e-01	
1  345.373	2.115589e+00	1.141236e-01	-9.858583e-01	-1.509038e+00	7.146410e-01	
2  345.847	2.108056e+00	1.161597e-01	-9.422126e-01	-1.513159e+00	7.128668e-01	
3  344.228	2.121116e+00	1.178815e-01	-9.509377e-01	-1.519757e+00	7.037007e-01	
4  344.858	2.158691e+00	1.159307e-01	-9.258245e-01	-1.533550e+00	7.017556e-01	
1  344.244	2.167960e+00	1.157532e-01	-8.718386e-01	-1.564999e+00	7.028651e-01	
1  344.041	2.187280e+00	1.175256e-01	-8.764641e-01	-1.513668e+00	6.962229e-01	
1  343.772	2.168673e+00	1.187418e-01	-8.833050e-01	-1.492787e+00	6.961078e-01	
1  343.644	2.149707e+00	1.221133e-01	-8.756893e-01	-1.479132e+00	6.882861e-01	
2  344.754	2.131998e+00	1.199877e-01	-8.693620e-01	-1.546317e+00	6.883224e-01	
3  343.986	2.109176e+00	1.204281e-01	-8.906642e-01	-1.569592e+00	6.965854e-01	
1  344.192	2.111681e+00	1.180037e-01	-9.048640e-01	-1.559872e+00	7.018916e-01	
2  344.583	2.101714e+00	1.176078e-01	-8.826516e-01	-1.540905e+00	7.022609e-01	
1  344.444	2.118870e+00	1.182126e-01	-8.738789e-01	-1.568844e+00	7.007048e-01	
2  344.087	2.131128e+00	1.175568e-01	-9.027708e-01	-1.548997e+00	7.009942e-01	
2  345.736	2.115792e+00	1.171162e-01	-8.759388e-01	-1.578477e+00	7.067473e-01	
4  345.981	2.117675e+00	1.147386e-01	-8.951999e-01	-1.582014e+00	7.009436e-01	
3  345.821	2.124119e+00	1.144402e-01	-8.474406e-01	-1.568945e+00	7.082487e-01	
3  344.69	2.135985e+00	1.162664e-01	-8.937038e-01	-1.558968e+00	6.998320e-01	
1  344.592	2.128679e+00	1.152718e-01	-8.944411e-01	-1.612394e+00	7.063409e-01	
1  344.604	2.126178e+00	1.154308e-01	-8.986512e-01	-1.597567e+00	7.070113e-01	
3  344.711	2.096076e+00	1.171479e-01	-9.362680e-01	-1.595558e+00	7.029377e-01	
1  344.593	2.096100e+00	1.165818e-01	-9.179228e-01	-1.613162e+00	7.053556e-01	
8  344.529	2.106183e+00	1.163817e-01	-8.880297e-01	-1.589080e+00	7.026541e-01	
2  345.386	2.134543e+00	1.169205e-01	-9.059656e-01	-1.659187e+00	7.091874e-01	
1  344.97	2.148000e+00	1.188138e-01	-9.130143e-01	-1.609603e+00	7.051823e-01	
3  344.744	2.151612e+00	1.163997e-01	-9.045357e-01	-1.605232e+00	7.079004e-01	
6  345.315	2.153131e+00	1.166193e-01	-9.024955e-01	-1.626364e+00	7.092637e-01	
4  345.041	2.197471e+00	1.154248e-01	-9.145230e-01	-1.634900e+00	7.112374e-01	
2  344.541	2.201178e+00	1.148127e-01	-9.186871e-01	-1.639027e+00	7.091765e-01	
1  345.337	2.208731e+00	1.150782e-01	-9.280989e-01	-1.664165e+00	7.131172e-01	
1  345.745	2.213418e+00	1.151904e-01	-9.209180e-01	-1.641936e+00	7.019210e-01	
3  345.686	2.210553e+00	1.160555e-01	-9.326210e-01	-1.692019e+00	7.023476e-01	
3  346.002	2.233811e+00	1.168071e-01	-9.552332e-01	-1.695422e+00	7.121420e-01	
18  345.719	2.268255e+00	1.152218e-01	-9.568221e-01	-1.661688e+00	7.136835e-01	
2  346.955	2.262122e+00	1.155151e-01	-1.012373e+00	-1.639139e+00	7.160852e-01	
2  347.494	2.262715e+00	1.172351e-01	-1.045374e+00	-1.591264e+00	7.133759e-01	
1  346.838	2.281595e+00	1.167388e-01	-1.032627e+00	-1.548563e+00	7.099621e-01	
1  348.932	2.276742e+00	1.165812e-01	-1.005383e+00	-1.558266e+00	7.006204e-01	
2  350.297	2.268620e+00	1.207724e-01	-9.983075e-01	-1.536443e+00	7.125401e-01	
3  344.807	2.260020e+00	1.217602e-01	-9.704522e-01	-1.527985e+00	6.949131e-01	
1  345.054	2.242264e+00	1.207535e-01	-9.933444e-01	-1.496100e+00	6.978892e-01	
2  344.266	2.251706e+00	1.239479e-01	-9.591925e-01	-1.432290e+00	6.882621e-01	
2  343.744	2.263688e+00	1.239000e-01	-8.981771e-01	-1.433243e+00	6.843857e-01	
3  343.671	2.264591e+00	1.231277e-01	-8.797742e-01	-1.419040e+00	6.845769e-01	
3  343.828	2.255343e+00	1.200150e-01	-8.672603e-01	-1.457364e+00	6.944667e-01	
5  344.764	2.254345e+00	1.221717e-01	-8.554285e-01	-1.418096e+00	6.916414e-01	
3  344.297	2.252164e+00	1.202873e-01	-8.826489e-01	-1.361982e+00	6.862798e-01	
1  343.636	2.256924e+00	1.226989e-01	-8.712313e-01	-1.403614e+00	6.850905e-01	
3  343.544	2.265463e+00	1.209763e-01	-8.834667e-01	-1.433815e+00	6.912698e-01	
1  344.34	2.278925e+00	1.179541e-01	-8.922492e-01	-1.440080e+00	7.025244e-01	
3  345.631	2.290474e+00	1.146032e-01	-9.246375e-01	-1.463801e+00	7.002358e-01	
1  344.479	2.297228e+00	1.135415e-01	-9.404301e-01	-1.472322e+00	7.080613e-01	
2  344.065	2.311998e+00	1.139450e-01	-9.144144e-01	-1.500077e+00	7.068245e-01	
5  344.573	2.309072e+00	1.142801e-01	-9.236450e-01	-1.479202e+00	7.118100e-01	
1  345.033	2.288206e+00	1.157866e-01	-9.251303e-01	-1.564426e+00	7.105525e-01	
1  344.2	2.269425e+00	1.162098e-01	-8.881651e-01	-1.594969e+00	7.054455e-01	
6  344.397	2.294199e+00	1.150616e-01	-9.085754e-01	-1.624807e+00	7.051412e-01	
1  344.507	2.303171e+00	1.142638e-01	-8.481876e-01	-1.660380e+00	7.004757e-01	
3  345.862	2.309382e+00	1.136862e-01	-8.494692e-01	-1.641063e+00	6.979358e-01	
2  344.429	2.292799e+00	1.142525e-01	-8.014427e-01	-1.640422e+00	6.985266e-01	
2  344.826	2.285198e+00	1.124594e-01	-8.464444e-01	-1.660001e+00	7.118081e-01	
1  344.213	2.276472e+00	1.147439e-01	-8.415163e-01	-1.635951e+00	7.048543e-01	
1  344.666	2.263697e+00	1.155861e-01	-8.534909e-01	-1.656829e+00	7.063496e-01	
2  344.262	2.270822e+00	1.140327e-01	-8.614250e-01	-1.668152e+00	7.075686e-01	
1  347.056	2.276890e+00	1.115896e-01	-8.044839e-01	-1.668384e+00	6.984251e-01	
1  345.151	2.287522e+00	1.134144e-01	-8.026134e-01	-1.721111e+00	7.078370e-01	
2  344.475	2.307671e+00	1.125491e-01	-8.001379e-01	-1.723416e+00	7.060831e-01	
1  344.499	2.322070e+00	1.124554e-01	-8.235216e-01	-1.669495e+00	7.089712e-01	
5  344.342	2.300777e+00	1.125392e-01	-8.159666e-01	-1.710700e+00	7.062458e-01	
5  344.357	2.278313e+00	1.123608e-01	-8.538659e-01	-1.684386e+00	7.088321e-01	
9  344.57	2.266701e+00	1.114116e-01	-8.450582e-01	-1.688491e+00	7.096811e-01	
2  344.926	2.254723e+00	1.106395e-01	-8.434744e-01	-1.737296e+00	7.109227e-01	
6  345.725	2.272243e+00	1.116929e-01	-8.843178e-01	-1.791605e+00	7.092959e-01	
1  345.74	2.237393e+00	1.095425e-01	-8.663189e-01	-1.832448e+00	7.150414e-01	
11  345.145	2.281463e+00	1.090218e-01	-8.222330e-01	-1.820547e+00	7.151809e-01	
3  345.877	2.272081e+00	1.065092e-01	-8.473632e-01	-1.778751e+00	7.233492e-01	
4  346.143	2.268495e+00	1.073656e-01	-8.059215e-01	-1.769560e+00	7.204360e-01	
1  345.937	2.243737e+00	1.070201e-01	-8.244910e-01	-1.766343e+00	7.177085e-01	
2  345.948	2.249319e+00	1.067497e-01	-8.338529e-01	-1.734263e+00	7.216646e-01	
4  345.193	2.264944e+00	1.090829e-01	-8.654324e-01	-1.739500e+00	7.179689e-01	
2  345.952	2.268072e+00	1.080386e-01	-9.233137e-01	-1.705722e+00	7.234229e-01	
2  346.251	2.243134e+00	1.071479e-01	-8.949516e-01	-1.697145e+00	7.200497e-01	
1  346.991	2.223693e+00	1.076060e-01	-8.526662e-01	-1.665988e+00	7.245879e-01	
1  345.593	2.218187e+00	1.094433e-01	-8.854179e-01	-1.645882e+00	7.201958e-01	
6  345.913	2.224153e+00	1.106558e-01	-8.485286e-01	-1.611524e+00	7.064599e-01	
2  347.045	2.235033e+00	1.129242e-01	-8.625994e-01	-1.645798e+00	7.167189e-01	
1  344.841	2.257535e+00	1.120712e-01	-8.274074e-01	-1.665677e+00	7.103834e-01	
3  345.761	2.267308e+00	1.111285e-01	-8.208807e-01	-1.654247e+00	7.142368e-01	
1  345.497	2.265831e+00	1.116844e-01	-8.099525e-01	-1.631755e+00	7.112585e-01	
1  345.84	2.264766e+00	1.125392e-01	-8.039076e-01	-1.630116e+00	7.100572e-01	
5  345.098	2.250583e+00	1.113883e-01	-8.022005e-01	-1.628902e+00	7.083386e-01	
6  346.354	2.228689e+00	1.108461e-01	-7.680336e-01	-1.641464e+00	7.023542e-01	
12  345.22	2.226887e+00	1.106251e-01	-8.293522e-01	-1.581251e+00	7.119773e-01	
5  345.182	2.222329e+00	1.111717e-01	-8.218917e-01	-1.531527e+00	7.073120e-01	
1  345.711	2.215545e+00	1.107703e-01	-8.637853e-01	-1.533337e+00	7.070016e-01	
10  345.508	2.219770e+00	1.107653e-01	-8.520579e-01	-1.562873e+00	7.071775e-01	
1  345.631	2.227349e+00	1.100931e-01	-8.219337e-01	-1.537243e+00	7.073400e-01	
3  345.001	2.226049e+00	1.107494e-01	-8.396457e-01	-1.576389e+00	7.092858e-01	
5  344.717	2.210762e+00	1.123780e-01	-8.618786e-01	-1.654616e+00	7.108639e-01	
1  345.704	2.223992e+00	1.112691e-01	-8.245384e-01	-1.693475e+00	7.138954e-01	
6  345.137	2.211482e+00	1.113920e-01	-8.177851e-01	-1.734670e+00	7.085652e-01	
1  348.806	2.213752e+00	1.130598e-01	-7.913101e-01	-1.699886e+00	6.928007e-01	
1  345.432	2.236052e+00	1.121844e-01	-7.946264e-01	-1.687139e+00	7.084749e-01	
6  344.854	2.247642e+00	1.134937e-01	-9.145543e-01	-1.671016e+00	7.090738e-01	
2  344.232	2.252611e+00	1.147815e-01	-8.925436e-01	-1.647855e+00	7.064513e-01	
7  344.873	2.269583e+00	1.130994e-01	-8.653244e-01	-1.601661e+00	7.119183e-01	
4  344.189	2.268357e+00	1.142540e-01	-8.564626e-01	-1.584277e+00	7.019069e-01	
5  344.978	2.266654e+00	1.128835e-01	-8.417820e-01	-1.591736e+00	7.105839e-01	
6  345.121	2.228034e+00	1.114105e-01	-8.370590e-01	-1.577312e+00	7.117739e-01	
2  345.603	2.213690e+00	1.138859e-01	-8.547506e-01	-1.492862e+00	7.101473e-01	
2  344.694	2.242149e+00	1.134200e-01	-8.685429e-01	-1.518128e+00	7.102878e-01	
1  346.005	2.210994e+00	1.114212e-01	-8.810970e-01	-1.554139e+00	7.178714e-01	
3  344.579	2.219917e+00	1.144514e-01	-8.765304e-01	-1.573120e+00	7.018991e-01	
4  344.052	2.231131e+00	1.145958e-01	-8.882983e-01	-1.549571e+00	7.063131e-01	
1  344.955	2.258112e+00	1.145485e-01	-8.402294e-01	-1.599697e+00	7.075356e-01	
2  344.224	2.287252e+00	1.141438e-01	-8.143904e-01	-1.589200e+00	7.015965e-01	
1  344.502	2.280929e+00	1.152064e-01	-8.033959e-01	-1.627265e+00	6.958379e-01	
1  346.104	2.277395e+00	1.146832e-01	-7.680781e-01	-1.621729e+00	7.026508e-01	
3  346.023	2.260409e+00	1.124680e-01	-7.897715e-01	-1.612578e+00	6.976366e-01	
1  345.814	2.267557e+00	1.139966e-01	-7.746148e-01	-1.579040e+00	7.030492e-01	
4  347.521	2.261275e+00	1.140765e-01	-7.770399e-01	-1.624632e+00	7.075310e-01	
1  345.171	2.243233e+00	1.140517e-01	-7.905318e-01	-1.593231e+00	7.026574e-01	
1  344.94	2.227123e+00	1.133460e-01	-8.011262e-01	-1.607031e+00	7.016537e-01	
1  345.852	2.239264e+00	1.117111e-01	-7.722850e-01	-1.644535e+00	7.066699e-01	
4  345.543	2.257576e+00	1.138511e-01	-7.525087e-01	-1.667048e+00	6.996417e-01	
4  345.775	2.256373e+00	1.127291e-01	-7.869501e-01	-1.595301e+00	6.976492e-01	
4  345.279	2.263460e+00	1.140175e-01	-8.128463e-01	-1.598089e+00	7.066227e-01	
9  345.029	2.263676e+00	1.124509e-01	-7.900398e-01	-1.602780e+00	7.047345e-01	
2  345.32	2.294886e+00	1.152156e-01	-7.793107e-01	-1.600110e+00	7.008535e-01	
3  345.41	2.291827e+00	1.159606e-01	-7.822457e-01	-1.586708e+00	6.998657e-01	
2  344.986	2.295876e+00	1.145458e-01	-7.810747e-01	-1.555147e+00	7.001493e-01	
1  345.211	2.287987e+00	1.144447e-01	-7.686924e-01	-1.605101e+00	6.941688e-01	
1  344.913	2.285045e+00	1.154341e-01	-7.646241e-01	-1.624310e+00	6.957320e-01	
1  344.974	2.270039e+00	1.165315e-01	-7.723130e-01	-1.544623e+00	6.931470e-01	
13  344.264	2.264896e+00	1.176871e-01	-8.021689e-01	-1.566249e+00	6.921737e-01	
2  344.777	2.299768e+00	1.198788e-01	-8.126390e-01	-1.587647e+00	6.937570e-01	
3  344.48	2.296329e+00	1.193021e-01	-8.781052e-01	-1.635168e+00	6.996297e-01	
2  344.656	2.283378e+00	1.213219e-01	-8.481781e-01	-1.610941e+00	6.940117e-01	
2  344.212	2.271739e+00	1.212902e-01	-8.184968e-01	-1.541063e+00	6.885268e-01	
1  343.874	2.259936e+00	1.213305e-01	-8.655023e-01	-1.532441e+00	6.870852e-01	
1  345.909	2.252475e+00	1.222943e-01	-8.311132e-01	-1.543894e+00	6.930261e-01	
1  344.291	2.224137e+00	1.227222e-01	-8.324602e-01	-1.603170e+00	6.886857e-01	
1  343.855	2.199138e+00	1.230095e-01	-8.370227e-01	-1.628355e+00	6.844604e-01	
1  344.771	2.187415e+00	1.212068e-01	-8.352931e-01	-1.685062e+00	6.841473e-01	
1  343.937	2.161069e+00	1.227192e-01	-8.333446e-01	-1.717152e+00	6.875607e-01	
1  343.967	2.179014e+00	1.234939e-01	-8.561356e-01	-1.728752e+00	6.847565e-01	
2  344.538	2.188166e+00	1.237970e-01	-8.261423e-01	-1.734950e+00	6.882090e-01	
2  344.184	2.194190e+00	1.232576e-01	-8.028362e-01	-1.790658e+00	6.848828e-01	
3  344.505	2.202769e+00	1.207272e-01	-8.016666e-01	-1.799061e+00	6.856981e-01	
6  344.267	2.204547e+00	1.206342e-01	-7.937071e-01	-1.773412e+00	6.888905e-01	
1  344.061	2.222347e+00	1.203244e-01	-8.296576e-01	-1.670013e+00	6.883572e-01	
3  344.491	2.238248e+00	1.189822e-01	-7.806788e-01	-1.690638e+00	6.889556e-01	
3  343.914	2.277883e+00	1.198921e-01	-8.337969e-01	-1.672950e+00	6.919892e-01	
2  344.639	2.267987e+00	1.193067e-01	-8.487977e-01	-1.630856e+00	6.884368e-01	
1  345.624	2.279293e+00	1.192208e-01	-8.396263e-01	-1.653071e+00	7.004861e-01	
2  346.453	2.262500e+00	1.180122e-01	-8.458146e-01	-1.625387e+00	7.047904e-01	
2  344.05	2.239728e+00	1.183755e-01	-8.591188e-01	-1.628167e+00	6.937025e-01	
1  344.024	2.252827e+00	1.208939e-01	-9.073126e-01	-1.569910e+00	6.964135e-01	
3  344.107	2.235131e+00	1.204799e-01	-8.987135e-01	-1.577634e+00	6.978123e-01	
2  344.378	2.239566e+00	1.214240e-01	-8.893051e-01	-1.584082e+00	6.874267e-01	
7  344.786	2.252238e+00	1.205031e-01	-8.400328e-01	-1.668982e+00	6.853945e-01	
1  346.323	2.255843e+00	1.201532e-01	-7.749865e-01	-1.721508e+00	6.946379e-01	
2  344.931	2.253908e+00	1.205205e-01	-7.806662e-01	-1.751062e+00	6.913080e-01	
2  344.606	2.236978e+00	1.204391e-01	-7.790938e-01	-1.785675e+00	6.902571e-01	
2  344.954	2.251368e+00	1.205229e-01	-8.121724e-01	-1.793060e+00	6.951228e-01	
2  344.589	2.262074e+00	1.204482e-01	-8.535936e-01	-1.735640e+00	6.968671e-01	
1  344.498	2.261652e+00	1.218000e-01	-8.503899e-01	-1.772674e+00	6.865723e-01	
8  344.66	2.250140e+00	1.232284e-01	-8.310944e-01	-1.802881e+00	6.818428e-01	
1  344.556	2.228339e+00	1.247424e-01	-8.179014e-01	-1.802521e+00	6.782013e-01	
1  344.464	2.205577e+00	1.252171e-01	-8.704457e-01	-1.843279e+00	6.836615e-01	
6  344.904	2.229466e+00	1.270053e-01	-8.808798e-01	-1.825355e+00	6.800839e-01	
1  345.148	2.225729e+00	1.281764e-01	-8.766245e-01	-1.845540e+00	6.768076e-01	
1  345.031	2.221798e+00	1.299685e-01	-8.813937e-01	-1.806552e+00	6.759933e-01	
1  344.895	2.225225e+00	1.305435e-01	-8.167344e-01	-1.758906e+00	6.707014e-01	
4  345.085	2.210726e+00	1.323593e-01	-8.331892e-01	-1.707456e+00	6.686399e-01	
5  345.23	2.177156e+00	1.359989e-01	-8.561724e-01	-1.675004e+00	6.603657e-01	
7  345.705	2.186991e+00	1.363433e-01	-8.786238e-01	-1.631586e+00	6.643587e-01	
1  346.063	2.195917e+00	1.345753e-01	-8.371075e-01	-1.678540e+00	6.555360e-01	
1  346.847	2.205337e+00	1.351149e-01	-8.593730e-01	-1.710696e+00	6.550107e-01	
2  345.837	2.184216e+00	1.364465e-01	-8.094657e-01	-1.704208e+00	6.579036e-01	
8  345.989	2.187605e+00	1.368776e-01	-8.079855e-01	-1.762902e+00	6.575317e-01	
6  345.691	2.174299e+00	1.350679e-01	-7.818782e-01	-1.747153e+00	6.580563e-01	
2  345.537	2.203152e+00	1.343907e-01	-8.328414e-01	-1.761740e+00	6.653138e-01	
1  345.371	2.213216e+00	1.333688e-01	-8.330808e-01	-1.745613e+00	6.615988e-01	
5  345.005	2.205431e+00	1.319276e-01	-8.383337e-01	-1.726144e+00	6.704416e-01	
2  345.549	2.229369e+00	1.311784e-01	-8.359137e-01	-1.711024e+00	6.635985e-01	
5  344.918	2.227836e+00	1.301471e-01	-7.967653e-01	-1.705886e+00	6.680273e-01	
2  345.414	2.237597e+00	1.310501e-01	-7.780423e-01	-1.680004e+00	6.643806e-01	
1  346.914	2.233066e+00	1.308499e-01	-7.634224e-01	-1.665232e+00	6.696194e-01	
2  347.17	2.248434e+00	1.291878e-01	-7.028654e-01	-1.705212e+00	6.584456e-01	
1  348.298	2.253743e+00	1.288432e-01	-6.790254e-01	-1.694195e+00	6.556479e-01	
9  347.678	2.264717e+00	1.272885e-01	-7.077147e-01	-1.637168e+00	6.594596e-01	
3  347.321	2.241124e+00	1.250938e-01	-7.293383e-01	-1.617103e+00	6.646974e-01	
2  348.063	2.243923e+00	1.241739e-01	-7.257199e-01	-1.556640e+00	6.647133e-01	
2  346.738	2.265112e+00	1.247186e-01	-7.153186e-01	-1.615284e+00	6.676267e-01	
1  346.031	2.271296e+00	1.267135e-01	-7.413418e-01	-1.605716e+00	6.661869e-01	
3  348.246	2.268415e+00	1.279387e-01	-6.808814e-01	-1.593154e+00	6.614694e-01	
1  350.096	2.266900e+00	1.259696e-01	-6.500544e-01	-1.581087e+00	6.661800e-01	
1  350.103	2.276607e+00	1.254726e-01	-6.328758e-01	-1.630609e+00	6.635873e-01	
1  349.411	2.260870e+00	1.239352e-01	-6.590527e-01	-1.643362e+00	6.626169e-01	
11  348.562	2.272858e+00	1.252568e-01	-6.658049e-01	-1.659326e+00	6.698120e-01	
1  349.322	2.257801e+00	1.233277e-01	-6.795786e-01	-1.679756e+00	6.798588e-01	
8  347.402	2.241659e+00	1.223536e-01	-6.797549e-01	-1.710560e+00	6.764841e-01	
2  345.335	2.255476e+00	1.241708e-01	-7.482775e-01	-1.725367e+00	6.792989e-01	
4  345.482	2.277271e+00	1.253631e-01	-7.646232e-01	-1.725574e+00	6.704916e-01	
1  345.33	2.259503e+00	1.278297e-01	-8.197973e-01	-1.679079e+00	6.791450e-01	
6  344.685	2.278960e+00	1.269813e-01	-8.644745e-01	-1.715219e+00	6.796923e-01	
18  345.38	2.281643e+00	1.259531e-01	-8.315308e-01	-1.780663e+00	6.745773e-01	
1  345.398	2.300858e+00	1.244642e-01	-8.499752e-01	-1.800573e+00	6.797010e-01	
1  345.017	2.282238e+00	1.240549e-01	-8.587730e-01	-1.751683e+00	6.811469e-01	
2  345.876	2.273224e+00	1.234285e-01	-8.368100e-01	-1.723153e+00	6.773027e-01	
1  346.413	2.267577e+00	1.200791e-01	-7.845033e-01	-1.761722e+00	6.798986e-01	
1  348.299	2.258668e+00	1.198739e-01	-8.020036e-01	-1.744771e+00	6.782246e-01	
1  344.871	2.278766e+00	1.215796e-01	-7.585253e-01	-1.663126e+00	6.829350e-01	
7  344.292	2.268420e+00	1.221421e-01	-7.949430e-01	-1.627416e+00	6.838302e-01	
2  344.914	2.256917e+00	1.240961e-01	-7.891802e-01	-1.638264e+00	6.827500e-01	
4  344.773	2.244591e+00	1.273489e-01	-8.201571e-01	-1.616070e+00	6.780326e-01	
2  344.184	2.248509e+00	1.236063e-01	-8.109964e-01	-1.619716e+00	6.803457e-01	
2  344.104	2.249356e+00	1.236292e-01	-8.190418e-01	-1.591622e+00	6.828467e-01	
1  346.058	2.242691e+00	1.221753e-01	-7.782629e-01	-1.562288e+00	6.745605e-01	
6  345.096	2.252239e+00	1.227872e-01	-7.592027e-01	-1.596994e+00	6.787513e-01	
1  345.606	2.274714e+00	1.230202e-01	-7.428846e-01	-1.590047e+00	6.783776e-01	
1  346.39	2.278657e+00	1.237300e-01	-7.573418e-01	-1.571238e+00	6.823646e-01	
2  344.495	2.293812e+00	1.212464e-01	-7.886139e-01	-1.525856e+00	6.833183e-01	
1  345.368	2.288520e+00	1.187292e-01	-8.623880e-01	-1.531359e+00	6.873802e-01	
4  344.716	2.277485e+00	1.188880e-01	-8.483145e-01	-1.504843e+00	6.873885e-01	
2  345.144	2.298358e+00	1.193387e-01	-8.026697e-01	-1.503775e+00	6.936763e-01	
1  344.452	2.311106e+00	1.211443e-01	-8.173352e-01	-1.444528e+00	6.881637e-01	
1  344.083	2.291794e+00	1.185038e-01	-8.253509e-01	-1.450468e+00	6.932822e-01	
1  345.046	2.289441e+00	1.192119e-01	-7.774132e-01	-1.442215e+00	6.874833e-01	
1  345.697	2.284777e+00	1.204420e-01	-7.850572e-01	-1.394118e+00	6.882167e-01	
1  346.083	2.286378e+00	1.207683e-01	-7.630799e-01	-1.440829e+00	6.766153e-01	
1  345.322	2.268427e+00	1.214081e-01	-8.320872e-01	-1.488840e+00	6.794424e-01	
8  343.92	2.260439e+00	1.215297e-01	-8.804909e-01	-1.511152e+00	6.871678e-01	
1  346.523	2.249297e+00	1.201279e-01	-8.520703e-01	-1.511555e+00	6.813422e-01	
3  344.032	2.234300e+00	1.229937e-01	-8.306660e-01	-1.473395e+00	6.839548e-01	
1  344.855	2.236320e+00	1.223600e-01	-8.409266e-01	-1.513891e+00	6.795576e-01	
2  344.688	2.236337e+00	1.227955e-01	-8.234977e-01	-1.579550e+00	6.789608e-01	
2  344.049	2.218075e+00	1.258684e-01	-8.363735e-01	-1.528771e+00	6.790284e-01	
1  344.853	2.235812e+00	1.245565e-01	-8.017119e-01	-1.532072e+00	6.740474e-01	
2  347.17	2.241737e+00	1.272482e-01	-8.003308e-01	-1.520903e+00	6.624030e-01	
2  346.961	2.268782e+00	1.270759e-01	-7.858181e-01	-1.502873e+00	6.624135e-01	
2  345.58	2.271283e+00	1.283764e-01	-8.349848e-01	-1.467981e+00	6.655863e-01	
7  345.378	2.266256e+00	1.294161e-01	-7.958396e-01	-1.452709e+00	6.651769e-01	
2  345.716	2.266836e+00	1.285843e-01	-7.804347e-01	-1.418452e+00	6.667256e-01	
4  346.129	2.243032e+00	1.245434e-01	-7.545640e-01	-1.417474e+00	6.724759e-01	
6  346.954	2.222265e+00	1.245233e-01	-7.665535e-01	-1.456792e+00	6.671990e-01	
1  344.948	2.223392e+00	1.259563e-01	-7.959543e-01	-1.460030e+00	6.754377e-01	
3  346.658	2.213994e+00	1.243057e-01	-7.609785e-01	-1.452135e+00	6.793852e-01	
1  348.164	2.217466e+00	1.260410e-01	-7.112162e-01	-1.468679e+00	6.699196e-01	
3  349.115	2.213848e+00	1.250988e-01	-6.844405e-01	-1.475890e+00	6.645313e-01	
3  347.04	2.222314e+00	1.261092e-01	-7.361994e-01	-1.425573e+00	6.661503e-01	
4  347.087	2.233652e+00	1.289619e-01	-7.542332e-01	-1.458023e+00	6.582577e-01	
1  346.837	2.247946e+00	1.278938e-01	-7.546420e-01	-1.395406e+00	6.616127e-01	
1  349.65	2.239343e+00	1.295199e-01	-7.018744e-01	-1.328468e+00	6.573143e-01	
1  351.938	2.213995e+00	1.298025e-01	-7.171181e-01	-1.323886e+00	6.459953e-01	
8  348.326	2.236672e+00	1.302057e-01	-7.258507e-01	-1.412174e+00	6.535676e-01	
2  346.845	2.252674e+00	1.289668e-01	-7.508891e-01	-1.393371e+00	6.636750e-01	
2  345.372	2.256564e+00	1.300855e-01	-8.048976e-01	-1.410502e+00	6.640905e-01	
3  346.969	2.266464e+00	1.276034e-01	-7.992583e-01	-1.437985e+00	6.781502e-01	
3  345.425	2.301894e+00	1.275397e-01	-7.907773e-01	-1.410151e+00	6.679476e-01	
1  345.694	2.300417e+00	1.293744e-01	-8.619884e-01	-1.396971e+00	6.766722e-01	
1  345.407	2.320722e+00	1.284143e-01	-8.709516e-01	-1.374593e+00	6.783521e-01	
1  345.517	2.338281e+00	1.297863e-01	-8.720691e-01	-1.393996e+00	6.741909e-01	
1  344.781	2.297585e+00	1.290669e-01	-8.544085e-01	-1.366519e+00	6.690716e-01	
1  346.067	2.301397e+00	1.290865e-01	-8.984438e-01	-1.329627e+00	6.663127e-01	
1  345.982	2.290561e+00	1.285405e-01	-8.974603e-01	-1.294481e+00	6.820356e-01	
2  346.131	2.278950e+00	1.278128e-01	-8.784326e-01	-1.275423e+00	6.659005e-01	
1  344.903	2.277017e+00	1.266895e-01	-8.510809e-01	-1.308034e+00	6.701068e-01	
1  345.409	2.298719e+00	1.238098e-01	-8.360781e-01	-1.282207e+00	6.729969e-01	
4  344.122	2.290734e+00	1.242682e-01	-8.700096e-01	-1.351431e+00	6.786765e-01	
4  344.535	2.293773e+00	1.227464e-01	-9.172628e-01	-1.348505e+00	6.832382e-01	
5  343.867	2.294047e+00	1.235599e-01	-9.135146e-01	-1.342614e+00	6.889483e-01	
1  344.459	2.318456e+00	1.228680e-01	-8.732332e-01	-1.357686e+00	6.801808e-01	
3  344.252	2.344979e+00	1.222155e-01	-8.653356e-01	-1.401732e+00	6.892927e-01	
1  344.462	2.341518e+00	1.234929e-01	-8.388313e-01	-1.373230e+00	6.836809e-01	
3  344.917	2.333466e+00	1.262856e-01	-8.381898e-01	-1.381816e+00	6.783813e-01	
2  344.403	2.331351e+00	1.257631e-01	-8.739092e-01	-1.400822e+00	6.812363e-01	
1  344.877	2.322832e+00	1.248514e-01	-8.922572e-01	-1.425717e+00	6.780201e-01	
6  344.644	2.302853e+00	1.237520e-01	-8.711915e-01	-1.389664e+00	6.780961e-01	
1  344.029	2.306784e+00	1.230371e-01	-9.113053e-01	-1.372485e+00	6.906331e-01	
1  344.149	2.311608e+00	1.239758e-01	-9.150304e-01	-1.342546e+00	6.888304e-01	
3  343.67	2.302660e+00	1.224074e-01	-9.374113e-01	-1.301044e+00	6.903983e-01	
5  343.858	2.299620e+00	1.198873e-01	-9.110520e-01	-1.284859e+00	6.895233e-01	
1  343.613	2.271325e+00	1.189687e-01	-8.751581e-01	-1.282046e+00	6.913704e-01	
2  344.465	2.261715e+00	1.176282e-01	-8.581672e-01	-1.286629e+00	6.984364e-01	
2  343.485	2.273096e+00	1.195549e-01	-8.920477e-01	-1.286413e+00	6.942104e-01	
5  343.381	2.265589e+00	1.177861e-01	-9.181007e-01	-1.262558e+00	6.971059e-01	
3  343.74	2.240088e+00	1.160780e-01	-9.255998e-01	-1.246319e+00	7.050271e-01	
1  344.379	2.238375e+00	1.156324e-01	-9.621273e-01	-1.230358e+00	7.105730e-01	
8  344.286	2.229587e+00	1.158805e-01	-1.002347e+00	-1.312322e+00	7.093987e-01	
3  344.041	2.223267e+00	1.172958e-01	-9.904937e-01	-1.315924e+00	7.067599e-01	
2  344.371	2.235409e+00	1.194867e-01	-9.905586e-01	-1.287366e+00	7.046968e-01	
1  344.999	2.218592e+00	1.226042e-01	-1.062856e+00	-1.234067e+00	7.003112e-01	
3  345.634	2.241955e+00	1.231764e-01	-1.058786e+00	-1.245341e+00	7.014808e-01	
4  345.339	2.252663e+00	1.239654e-01	-1.058416e+00	-1.251941e+00	6.958780e-01	
2  346.628	2.234357e+00	1.222311e-01	-1.032806e+00	-1.268399e+00	6.897588e-01	
1  345.198	2.230409e+00	1.227983e-01	-1.036366e+00	-1.254362e+00	6.922454e-01	
2  343.769	2.220176e+00	1.237297e-01	-1.010192e+00	-1.208689e+00	6.925295e-01	
1  343.418	2.218481e+00	1.218917e-01	-9.831849e-01	-1.203532e+00	6.955026e-01	
2  343.653	2.202287e+00	1.221257e-01	-1.001161e+00	-1.244306e+00	6.963395e-01	
1  343.768	2.208752e+00	1.206451e-01	-9.808063e-01	-1.278112e+00	6.948515e-01	
3  343.845	2.210578e+00	1.208601e-01	-9.791417e-01	-1.229114e+00	7.001456e-01	
2  344.109	2.194044e+00	1.200955e-01	-9.810684e-01	-1.246963e+00	7.028313e-01	
3  343.456	2.198072e+00	1.198143e-01	-9.555983e-01	-1.259626e+00	6.952932e-01	
2  343.55	2.215998e+00	1.210750e-01	-9.996802e-01	-1.207230e+00	6.970146e-01	
4  343.807	2.233226e+00	1.248915e-01	-9.578868e-01	-1.227610e+00	6.898000e-01	
2  343.604	2.217963e+00	1.249267e-01	-9.251469e-01	-1.262124e+00	6.868866e-01	
1  343.368	2.229444e+00	1.247147e-01	-9.380987e-01	-1.232188e+00	6.848830e-01	
2  343.35	2.218115e+00	1.248793e-01	-9.309235e-01	-1.217602e+00	6.849639e-01	
1  343.396	2.210838e+00	1.235950e-01	-9.669003e-01	-1.226912e+00	6.913739e-01	
3  343.408	2.194978e+00	1.240009e-01	-9.330144e-01	-1.221825e+00	6.840708e-01	
1  344.631	2.183990e+00	1.235414e-01	-9.398193e-01	-1.189675e+00	6.806863e-01	
9  343.298	2.181337e+00	1.248941e-01	-9.251725e-01	-1.233882e+00	6.837397e-01	
5  343.464	2.187178e+00	1.231761e-01	-9.606845e-01	-1.319670e+00	6.926862e-01	
3  343.367	2.194436e+00	1.235584e-01	-9.274323e-01	-1.350742e+00	6.874464e-01	
1  343.738	2.235190e+00	1.238157e-01	-8.627698e-01	-1.392048e+00	6.836227e-01	
2  343.943	2.238124e+00	1.252615e-01	-8.590482e-01	-1.316677e+00	6.789030e-01	
4  343.785	2.272808e+00	1.236765e-01	-9.062972e-01	-1.353719e+00	6.835179e-01	
1  344.425	2.295120e+00	1.244186e-01	-9.057131e-01	-1.308189e+00	6.789830e-01	
3  344.629	2.295185e+00	1.254182e-01	-9.052833e-01	-1.300343e+00	6.867157e-01	
1  344.304	2.300357e+00	1.252700e-01	-9.397215e-01	-1.249003e+00	6.802526e-01	
3  344.403	2.297584e+00	1.254221e-01	-9.916294e-01	-1.234162e+00	6.884752e-01	
4  344.767	2.305722e+00	1.268203e-01	-9.632201e-01	-1.238721e+00	6.864910e-01	
2  344.827	2.303784e+00	1.295673e-01	-9.701045e-01	-1.186925e+00	6.787926e-01	
2  345.068	2.311863e+00	1.287939e-01	-9.651107e-01	-1.257216e+00	6.816601e-01	
2  346.781	2.328689e+00	1.284418e-01	-9.702420e-01	-1.324454e+00	6.875771e-01	
1  347.72	2.336304e+00	1.287262e-01	-1.021910e+00	-1.369673e+00	6.795518e-01	
7  345.977	2.339022e+00	1.271716e-01	-9.964729e-01	-1.343118e+00	6.873862e-01	
3  345.842	2.361310e+00	1.238647e-01	-9.532560e-01	-1.351893e+00	6.947697e-01	
6  345.241	2.367926e+00	1.243857e-01	-9.526741e-01	-1.363923e+00	6.846867e-01	
1  344.418	2.370129e+00	1.219058e-01	-9.419788e-01	-1.364628e+00	6.916985e-01	
2  345.055	2.363518e+00	1.236076e-01	-9.228706e-01	-1.401293e+00	6.832183e-01	
1  344.801	2.374022e+00	1.236084e-01	-8.698578e-01	-1.482764e+00	6.876425e-01	
6  344.525	2.357857e+00	1.230710e-01	-8.590763e-01	-1.486237e+00	6.877508e-01	
1  345.213	2.351706e+00	1.216111e-01	-8.468843e-01	-1.490190e+00	6.928354e-01	
3  345.761	2.357619e+00	1.219099e-01	-8.916601e-01	-1.499893e+00	6.965712e-01	
2  346.16	2.365150e+00	1.200292e-01	-8.780250e-01	-1.516051e+00	7.006564e-01	
1  348.104	2.341520e+00	1.180854e-01	-9.238895e-01	-1.508901e+00	7.107305e-01	
1  348.373	2.361903e+00	1.188250e-01	-9.273377e-01	-1.535325e+00	7.095494e-01	
2  345.338	2.365950e+00	1.161383e-01	-9.081784e-01	-1.527941e+00	7.089028e-01	
1  345.44	2.346891e+00	1.179151e-01	-9.580799e-01	-1.499882e+00	6.986146e-01	
3  344.373	2.325618e+00	1.198147e-01	-9.347796e-01	-1.445218e+00	6.938370e-01	
1  343.825	2.321424e+00	1.176660e-01	-9.155769e-01	-1.466154e+00	7.000475e-01	
3  343.583	2.315050e+00	1.170288e-01	-9.081749e-01	-1.407224e+00	7.002988e-01	
12  344.005	2.290115e+00	1.159863e-01	-9.194262e-01	-1.405446e+00	7.066169e-01	
3  343.653	2.319726e+00	1.169124e-01	-8.914706e-01	-1.461289e+00	6.991400e-01	
1  345.535	2.349246e+00	1.179476e-01	-8.904844e-01	-1.488323e+00	6.903916e-01	
1  343.831	2.317212e+00	1.188066e-01	-9.020739e-01	-1.472465e+00	6.951300e-01	
2  344.322	2.343727e+00	1.181744e-01	-9.176865e-01	-1.528061e+00	6.978680e-01	
