1  346.081	6.775837e+01	2.214087e+00	1.202548e-01	-9.687435e-01	-3.360425e-01	6.922411e-01	
4  348.692	6.831212e+01	2.221839e+00	1.185025e-01	-9.616221e-01	-3.233642e-01	6.918076e-01	
2  348.412	6.855072e+01	2.257640e+00	1.163645e-01	-9.763006e-01	-3.014586e-01	6.850924e-01	
1  345.932	6.742810e+01	2.233740e+00	1.171336e-01	-1.077638e+00	-3.217500e-01	6.954288e-01	
8  343.42	6.843251e+01	2.235206e+00	1.199325e-01	-1.062220e+00	-3.228027e-01	7.161297e-01	
4  344.908	6.748911e+01	2.209384e+00	1.231348e-01	-1.023745e+00	-2.629194e-01	7.193891e-01	
2  344.306	6.809629e+01	2.242322e+00	1.230008e-01	-1.114093e+00	-3.101519e-01	7.110228e-01	
1  344.646	6.833052e+01	2.249370e+00	1.202855e-01	-1.142032e+00	-3.477692e-01	7.159153e-01	
3  343.76	6.912050e+01	2.252730e+00	1.178125e-01	-1.092703e+00	-3.346787e-01	6.817512e-01	
4  344.029	6.953995e+01	2.215227e+00	1.169243e-01	-1.152945e+00	-3.337993e-01	6.789999e-01	
5  343.353	6.918037e+01	2.238239e+00	1.174329e-01	-1.135745e+00	-3.120957e-01	6.725286e-01	
2  344.014	6.884613e+01	2.217192e+00	1.151142e-01	-1.086713e+00	-3.193080e-01	6.738755e-01	
2  344.833	6.818530e+01	2.240720e+00	1.189013e-01	-1.142098e+00	-3.227100e-01	6.620308e-01	
1  343.356	6.836664e+01	2.257279e+00	1.194843e-01	-1.102772e+00	-3.663921e-01	6.657531e-01	
1  344.714	6.955135e+01	2.260824e+00	1.147051e-01	-1.106381e+00	-4.113451e-01	6.597116e-01	
2  344.284	6.930690e+01	2.265868e+00	1.170052e-01	-1.190790e+00	-4.091445e-01	6.551296e-01	
1  344.426	6.986209e+01	2.243392e+00	1.201775e-01	-1.191983e+00	-4.511688e-01	6.520362e-01	
1  345.045	6.955072e+01	2.258474e+00	1.173046e-01	-1.223927e+00	-4.088013e-01	6.504603e-01	
1  345.341	7.020113e+01	2.255494e+00	1.188963e-01	-1.234142e+00	-3.687950e-01	6.668861e-01	
3  344.818	6.932623e+01	2.261985e+00	1.184006e-01	-1.088408e+00	-2.654630e-01	6.530020e-01	
3  343.154	6.845903e+01	2.255464e+00	1.214527e-01	-1.110395e+00	-2.280165e-01	6.431072e-01	
2  344.248	6.863622e+01	2.229538e+00	1.206866e-01	-1.184807e+00	-2.360432e-01	6.416650e-01	
4  344.501	6.967191e+01	2.260842e+00	1.178347e-01	-1.227029e+00	-3.037753e-01	6.499182e-01	
1  344.114	6.968353e+01	2.261600e+00	1.187844e-01	-1.141001e+00	-3.827948e-01	6.587328e-01	
1  344.537	6.935621e+01	2.256568e+00	1.216730e-01	-1.078337e+00	-3.857073e-01	6.642026e-01	
1  343.333	6.818506e+01	2.276879e+00	1.207397e-01	-1.063622e+00	-4.411091e-01	6.788971e-01	
2  344.422	6.754597e+01	2.282259e+00	1.188434e-01	-1.023967e+00	-4.311712e-01	6.940503e-01	
6  343.44	6.802066e+01	2.320877e+00	1.191948e-01	-1.011173e+00	-4.449329e-01	6.951567e-01	
5  343.273	6.911103e+01	2.279756e+00	1.198830e-01	-1.144870e+00	-3.557861e-01	6.828180e-01	
1  343.629	6.844351e+01	2.262271e+00	1.198128e-01	-1.120472e+00	-3.676875e-01	6.861837e-01	
1  347.154	6.846800e+01	2.255530e+00	1.199446e-01	-1.195725e+00	-3.818431e-01	6.754267e-01	
2  344.169	6.880977e+01	2.239872e+00	1.201745e-01	-1.177343e+00	-3.302327e-01	6.691970e-01	
1  344.479	6.941434e+01	2.257313e+00	1.184176e-01	-1.219580e+00	-2.823732e-01	6.848999e-01	
1  343.646	6.955069e+01	2.282529e+00	1.186033e-01	-1.168955e+00	-3.052485e-01	6.882041e-01	
2  343.438	6.937259e+01	2.311343e+00	1.181291e-01	-1.160798e+00	-2.860259e-01	6.850398e-01	
3  343.221	6.918746e+01	2.282837e+00	1.192203e-01	-1.148210e+00	-2.943145e-01	6.987949e-01	
6  343.018	6.888080e+01	2.289251e+00	1.199157e-01	-1.114685e+00	-2.962961e-01	6.997031e-01	
1  343.102	6.867792e+01	2.304061e+00	1.165228e-01	-1.113259e+00	-3.015803e-01	7.049951e-01	
1  344.677	6.758681e+01	2.322657e+00	1.178099e-01	-1.055519e+00	-1.887669e-01	6.930114e-01	
4  343.67	6.816276e+01	2.291014e+00	1.175629e-01	-1.041421e+00	-2.660693e-01	6.948116e-01	
4  343.596	6.881607e+01	2.249405e+00	1.155142e-01	-1.090596e+00	-2.909214e-01	6.830968e-01	
1  343.398	6.860314e+01	2.250385e+00	1.142630e-01	-1.106395e+00	-3.249067e-01	6.735768e-01	
6  344.102	6.895303e+01	2.252649e+00	1.132470e-01	-1.100372e+00	-2.395207e-01	6.650557e-01	
1  344.473	6.843473e+01	2.267470e+00	1.110595e-01	-1.136457e+00	-3.107079e-01	6.766245e-01	
1  345.343	6.789319e+01	2.274528e+00	1.119308e-01	-1.106031e+00	-3.347552e-01	6.855063e-01	
3  343.577	6.815496e+01	2.290218e+00	1.132175e-01	-1.058178e+00	-4.478115e-01	6.859968e-01	
7  344.89	6.742849e+01	2.254933e+00	1.149527e-01	-9.600884e-01	-5.354433e-01	6.868506e-01	
2  343.722	6.779319e+01	2.275295e+00	1.187973e-01	-9.907655e-01	-5.057889e-01	6.647564e-01	
1  344.685	6.759198e+01	2.296494e+00	1.174838e-01	-1.033791e+00	-5.017982e-01	6.681430e-01	
3  343.258	6.880253e+01	2.320429e+00	1.196402e-01	-1.042860e+00	-4.799806e-01	6.704377e-01	
1  343.642	6.835934e+01	2.386098e+00	1.191200e-01	-1.068781e+00	-4.527604e-01	6.681712e-01	
3  343.356	6.926675e+01	2.397322e+00	1.158438e-01	-1.097748e+00	-3.546387e-01	6.544363e-01	
1  343.139	6.897680e+01	2.380679e+00	1.171425e-01	-1.078075e+00	-3.422364e-01	6.257267e-01	
6  343.567	6.822372e+01	2.369814e+00	1.195362e-01	-1.013566e+00	-3.039171e-01	6.221036e-01	
2  345.07	6.857260e+01	2.416504e+00	1.211460e-01	-9.873198e-01	-2.700088e-01	6.188159e-01	
1  344.806	6.826616e+01	2.422154e+00	1.200546e-01	-9.701090e-01	-2.801253e-01	6.172037e-01	
1  344.94	6.828166e+01	2.379211e+00	1.205173e-01	-9.786317e-01	-2.524680e-01	6.181837e-01	
1  344.669	6.804187e+01	2.353663e+00	1.222378e-01	-9.708287e-01	-2.861769e-01	5.983184e-01	
1  344.069	6.772643e+01	2.309639e+00	1.206713e-01	-9.948479e-01	-3.152787e-01	6.034911e-01	
4  344.821	6.735546e+01	2.342586e+00	1.197323e-01	-9.749169e-01	-3.376268e-01	6.021523e-01	
1  344.917	6.731285e+01	2.311147e+00	1.153186e-01	-9.693716e-01	-3.694840e-01	6.149039e-01	
5  344.909	6.790847e+01	2.319065e+00	1.136918e-01	-9.755551e-01	-2.750716e-01	6.084736e-01	
1  343.847	6.801020e+01	2.290933e+00	1.143836e-01	-1.005167e+00	-3.955882e-01	6.288390e-01	
3  344.278	6.858592e+01	2.268234e+00	1.156548e-01	-1.040470e+00	-2.978901e-01	6.555466e-01	
1  345.096	6.735592e+01	2.270457e+00	1.177027e-01	-1.028208e+00	-3.318694e-01	6.381112e-01	
1  344.048	6.835340e+01	2.280331e+00	1.151994e-01	-1.026826e+00	-3.017979e-01	6.292356e-01	
3  343.819	6.854829e+01	2.302886e+00	1.156271e-01	-1.049010e+00	-2.432905e-01	6.479229e-01	
6  343.797	6.803810e+01	2.289647e+00	1.131487e-01	-1.060295e+00	-2.693321e-01	6.517276e-01	
2  344.069	6.856920e+01	2.268959e+00	1.132931e-01	-1.150123e+00	-2.858851e-01	6.455977e-01	
3  343.191	6.856818e+01	2.292072e+00	1.146541e-01	-1.104608e+00	-2.918799e-01	6.415670e-01	
1  343.388	6.832982e+01	2.290495e+00	1.162396e-01	-1.066853e+00	-2.077488e-01	6.378906e-01	
4  343.759	6.821395e+01	2.290357e+00	1.152442e-01	-1.045734e+00	-2.027570e-01	6.257807e-01	
2  343.178	6.832363e+01	2.313601e+00	1.171599e-01	-1.084002e+00	-2.519907e-01	6.437187e-01	
2  343.202	6.826498e+01	2.335717e+00	1.170647e-01	-1.068390e+00	-3.334129e-01	6.663957e-01	
1  343.43	6.865451e+01	2.316306e+00	1.150823e-01	-1.079202e+00	-1.747504e-01	6.539430e-01	
4  343.716	6.834919e+01	2.302172e+00	1.161517e-01	-1.052364e+00	-1.759237e-01	6.486415e-01	
2  344.292	6.791493e+01	2.361248e+00	1.180581e-01	-1.084731e+00	-1.152040e-01	6.643907e-01	
5  344.527	6.788308e+01	2.341642e+00	1.213158e-01	-1.041719e+00	-6.443986e-02	6.476577e-01	
4  344.966	6.781278e+01	2.340618e+00	1.242871e-01	-1.017010e+00	-1.121721e-01	6.554759e-01	
2  344.946	6.776148e+01	2.337193e+00	1.243385e-01	-1.063835e+00	-1.484172e-01	6.646785e-01	
3  349.621	6.689619e+01	2.363804e+00	1.230105e-01	-1.054231e+00	-2.032735e-01	6.815327e-01	
3  345.031	6.764282e+01	2.363836e+00	1.214342e-01	-9.895235e-01	-2.124303e-01	6.919435e-01	
1  345.569	6.735608e+01	2.364365e+00	1.202762e-01	-9.653054e-01	-2.756610e-01	7.100440e-01	
3  344.906	6.797785e+01	2.341045e+00	1.232461e-01	-9.817898e-01	-3.391939e-01	7.190446e-01	
2  345.265	6.755786e+01	2.356174e+00	1.251359e-01	-9.998420e-01	-2.920487e-01	7.288244e-01	
15  343.96	6.846660e+01	2.357815e+00	1.246866e-01	-1.055465e+00	-2.451417e-01	7.224768e-01	
1  344.729	6.806757e+01	2.354294e+00	1.244182e-01	-1.089853e+00	-2.381601e-01	7.384746e-01	
1  344.092	6.832031e+01	2.340275e+00	1.252584e-01	-1.057407e+00	-2.067524e-01	7.296320e-01	
2  345.389	6.773914e+01	2.365086e+00	1.254864e-01	-9.938412e-01	-2.487338e-01	7.279941e-01	
2  346.167	6.747287e+01	2.365663e+00	1.259742e-01	-9.817567e-01	-2.257323e-01	7.343206e-01	
3  346.525	6.848992e+01	2.362818e+00	1.289004e-01	-1.004532e+00	-2.398101e-01	7.336200e-01	
1  347.087	6.853521e+01	2.358471e+00	1.273825e-01	-9.968647e-01	-1.996791e-01	7.164680e-01	
1  345.552	6.896174e+01	2.355975e+00	1.259699e-01	-1.056113e+00	-1.321496e-01	7.032269e-01	
1  344.677	6.894120e+01	2.350323e+00	1.253647e-01	-1.102259e+00	-5.351208e-02	7.011915e-01	
11  344.968	6.886266e+01	2.374824e+00	1.242425e-01	-1.093225e+00	-3.769408e-02	6.817661e-01	
4  345.129	6.841516e+01	2.341055e+00	1.269375e-01	-1.077877e+00	-5.306734e-02	6.746788e-01	
1  345.134	6.869951e+01	2.289217e+00	1.280816e-01	-1.086299e+00	-3.757013e-02	6.808359e-01	
2  345.759	6.893701e+01	2.268901e+00	1.262773e-01	-1.103981e+00	-4.037956e-03	6.828974e-01	
5  345.856	6.784978e+01	2.260579e+00	1.234742e-01	-1.074100e+00	-1.893212e-02	6.779481e-01	
3  344.956	6.841573e+01	2.276125e+00	1.242170e-01	-1.035499e+00	-7.074566e-02	6.701118e-01	
1  344.874	6.786970e+01	2.212735e+00	1.250670e-01	-1.027468e+00	-1.227386e-01	6.628430e-01	
1  344.191	6.842501e+01	2.226220e+00	1.254272e-01	-1.062090e+00	-1.200731e-01	6.544906e-01	
1  344.79	6.783697e+01	2.212887e+00	1.256626e-01	-1.017546e+00	-1.785817e-01	6.380609e-01	
1  344.267	6.781145e+01	2.224118e+00	1.250236e-01	-1.057377e+00	-1.533655e-01	6.587287e-01	
1  344.292	6.913250e+01	2.204843e+00	1.292205e-01	-1.121716e+00	-1.135078e-01	6.548626e-01	
1  343.662	6.908247e+01	2.184679e+00	1.273855e-01	-1.133335e+00	-1.506608e-01	6.653978e-01	
2  343.965	6.904629e+01	2.208061e+00	1.264075e-01	-1.111336e+00	-1.612174e-01	6.734546e-01	
5  344.895	6.845609e+01	2.204019e+00	1.276282e-01	-1.061393e+00	-6.196530e-02	7.091390e-01	
1  346.159	6.780006e+01	2.204786e+00	1.272768e-01	-1.127007e+00	-5.807781e-02	7.262157e-01	
2  346.282	6.911932e+01	2.190288e+00	1.317036e-01	-1.085458e+00	-1.003953e-01	7.303341e-01	
2  344.077	6.830539e+01	2.177658e+00	1.298665e-01	-1.100226e+00	-1.199096e-01	7.381259e-01	
3  344.492	6.893517e+01	2.162596e+00	1.277620e-01	-1.215697e+00	-1.539948e-01	7.447603e-01	
2  344.419	6.866550e+01	2.149502e+00	1.322370e-01	-1.170810e+00	-8.384620e-02	7.717768e-01	
1  344.354	6.943766e+01	2.188160e+00	1.319319e-01	-1.188451e+00	-1.004055e-01	7.608179e-01	
3  344.302	6.918407e+01	2.192504e+00	1.331777e-01	-1.178777e+00	-1.592800e-01	7.502188e-01	
1  345.695	6.946323e+01	2.199679e+00	1.337785e-01	-1.235546e+00	-1.571027e-01	7.544572e-01	
1  346.378	6.980241e+01	2.192684e+00	1.361514e-01	-1.152986e+00	-1.603843e-01	7.532006e-01	
1  346.02	6.933745e+01	2.171042e+00	1.378091e-01	-1.122353e+00	-1.742357e-01	7.438161e-01	
7  346.572	7.024346e+01	2.195163e+00	1.349839e-01	-1.197862e+00	-1.680218e-01	7.545065e-01	
1  346.653	7.018098e+01	2.227088e+00	1.360664e-01	-1.209996e+00	-2.781941e-01	7.666799e-01	
2  346.584	7.013380e+01	2.188109e+00	1.357938e-01	-1.173288e+00	-2.352997e-01	7.733451e-01	
6  345.367	6.909230e+01	2.214162e+00	1.371634e-01	-1.162488e+00	-2.359916e-01	7.774491e-01	
2  345.819	6.947399e+01	2.169037e+00	1.403695e-01	-1.168915e+00	-2.094858e-01	7.745921e-01	
3  346.809	6.990775e+01	2.139120e+00	1.397837e-01	-1.156631e+00	-2.396535e-01	7.752686e-01	
2  345.467	6.871994e+01	2.134479e+00	1.407270e-01	-1.158702e+00	-1.979020e-01	7.774927e-01	
7  345.664	6.927393e+01	2.146086e+00	1.395519e-01	-1.205509e+00	-1.993824e-01	7.793278e-01	
8  345.267	6.897451e+01	2.133294e+00	1.377778e-01	-1.116191e+00	-1.654401e-01	7.837499e-01	
3  346.067	6.919623e+01	2.154468e+00	1.393330e-01	-1.122022e+00	-1.540036e-01	7.810241e-01	
1  346.21	6.855081e+01	2.184590e+00	1.385325e-01	-1.069618e+00	-1.988263e-01	7.856442e-01	
2  344.95	6.923577e+01	2.170133e+00	1.372863e-01	-1.178517e+00	-1.934442e-01	7.840352e-01	
1  345.894	6.956500e+01	2.196687e+00	1.357535e-01	-1.117467e+00	-2.969099e-01	7.758333e-01	
7  344.578	6.842114e+01	2.214733e+00	1.342718e-01	-1.095212e+00	-3.358292e-01	7.811652e-01	
7  344.836	6.865327e+01	2.218012e+00	1.359991e-01	-1.100169e+00	-3.262569e-01	7.894756e-01	
3  344.944	6.871226e+01	2.229743e+00	1.358016e-01	-1.111101e+00	-3.265193e-01	7.865756e-01	
4  346.123	6.952937e+01	2.236943e+00	1.371048e-01	-1.117499e+00	-3.294862e-01	7.872024e-01	
2  345.658	6.991680e+01	2.198799e+00	1.338895e-01	-1.144808e+00	-3.623980e-01	8.045106e-01	
2  345.453	6.949580e+01	2.196806e+00	1.336784e-01	-1.198873e+00	-3.610840e-01	7.947947e-01	
2  345.244	6.938261e+01	2.195832e+00	1.329317e-01	-1.191971e+00	-3.626896e-01	8.108583e-01	
3  343.775	6.905256e+01	2.171305e+00	1.326381e-01	-1.125830e+00	-3.859610e-01	8.200584e-01	
3  343.498	6.861825e+01	2.142011e+00	1.316439e-01	-1.109877e+00	-4.261056e-01	8.216028e-01	
8  343.532	6.909808e+01	2.161052e+00	1.310755e-01	-1.134153e+00	-3.801867e-01	8.100995e-01	
5  343.866	6.919795e+01	2.125916e+00	1.338808e-01	-1.164964e+00	-3.366117e-01	7.982222e-01	
1  343.902	6.877227e+01	2.091271e+00	1.338020e-01	-1.169069e+00	-2.850412e-01	7.981154e-01	
2  343.997	6.893153e+01	2.084258e+00	1.365537e-01	-1.166770e+00	-2.960094e-01	7.996892e-01	
1  344.246	6.867361e+01	2.111269e+00	1.374786e-01	-1.135714e+00	-2.632225e-01	7.737737e-01	
1  346.335	6.889094e+01	2.104505e+00	1.444605e-01	-1.109908e+00	-2.294731e-01	7.659648e-01	
1  346.574	6.863161e+01	2.109242e+00	1.449674e-01	-1.163491e+00	-2.426190e-01	7.575405e-01	
1  347.407	6.894507e+01	2.139194e+00	1.462592e-01	-1.180161e+00	-2.418546e-01	7.508535e-01	
4  346.135	6.908258e+01	2.112823e+00	1.448001e-01	-1.165162e+00	-1.817179e-01	7.434315e-01	
3  346.559	6.946941e+01	2.130495e+00	1.433114e-01	-1.174149e+00	-1.134970e-01	7.542068e-01	
3  347.196	6.936292e+01	2.153035e+00	1.422307e-01	-1.229475e+00	-9.523958e-02	7.615293e-01	
1  346.401	6.917198e+01	2.200290e+00	1.399069e-01	-1.145979e+00	-9.650284e-02	7.800654e-01	
3  346.404	6.847404e+01	2.231283e+00	1.389758e-01	-1.106476e+00	-1.279713e-01	7.821830e-01	
5  345.694	6.901473e+01	2.184861e+00	1.397350e-01	-1.129419e+00	-1.834324e-01	7.807564e-01	
6  346.646	6.865967e+01	2.184633e+00	1.390085e-01	-1.103692e+00	-6.485864e-02	7.738046e-01	
2  346.326	6.978288e+01	2.190744e+00	1.344988e-01	-1.183353e+00	-3.425213e-02	7.739170e-01	
1  346.57	6.991172e+01	2.187350e+00	1.341300e-01	-1.233712e+00	-3.223680e-02	7.705088e-01	
8  347.29	6.951115e+01	2.216349e+00	1.353723e-01	-1.239274e+00	-5.145258e-02	7.707590e-01	
1  349.784	7.088491e+01	2.179637e+00	1.344218e-01	-1.242385e+00	-7.666602e-03	7.635937e-01	
2  346.424	7.010462e+01	2.182531e+00	1.330809e-01	-1.204721e+00	-3.316798e-02	7.429532e-01	
7  346.134	6.996465e+01	2.179632e+00	1.329310e-01	-1.263237e+00	-5.427725e-02	7.458026e-01	
1  346.894	7.006680e+01	2.139509e+00	1.291960e-01	-1.309941e+00	-3.770008e-02	7.555553e-01	
4  344.984	7.005801e+01	2.137430e+00	1.305100e-01	-1.250389e+00	-6.491028e-02	7.519566e-01	
1  345.624	6.995597e+01	2.113566e+00	1.281938e-01	-1.300090e+00	-8.482925e-02	7.514183e-01	
4  344.577	6.992986e+01	2.082570e+00	1.300748e-01	-1.212066e+00	-1.304292e-01	7.525227e-01	
3  343.834	6.876788e+01	2.093144e+00	1.324183e-01	-1.188264e+00	-1.734204e-01	7.458444e-01	
8  344.935	6.872752e+01	2.048703e+00	1.306018e-01	-1.101925e+00	-1.441616e-01	7.551112e-01	
2  344.531	6.843980e+01	2.034719e+00	1.287295e-01	-1.094089e+00	-3.812065e-02	7.708696e-01	
5  345.46	6.871629e+01	2.034181e+00	1.287155e-01	-1.092574e+00	1.236167e-02	7.687922e-01	
7  344.843	6.822090e+01	2.003300e+00	1.289358e-01	-1.097119e+00	9.934469e-04	7.743807e-01	
2  343.642	6.863963e+01	1.991661e+00	1.301675e-01	-1.150284e+00	-4.459269e-02	7.646551e-01	
9  344.029	6.816147e+01	2.016421e+00	1.292940e-01	-1.130180e+00	-7.260993e-02	7.609229e-01	
2  344.664	6.845006e+01	2.053234e+00	1.313827e-01	-1.098025e+00	-6.493536e-02	7.670939e-01	
1  343.496	6.909268e+01	2.060082e+00	1.303713e-01	-1.172176e+00	-1.197807e-01	7.755331e-01	
1  343.666	6.929383e+01	2.073915e+00	1.323236e-01	-1.213111e+00	-1.504687e-01	7.619020e-01	
2  344.442	6.919314e+01	2.066189e+00	1.338523e-01	-1.235503e+00	-1.937164e-01	7.614384e-01	
2  344.695	7.007300e+01	2.059945e+00	1.326665e-01	-1.255820e+00	-1.769051e-01	7.745352e-01	
1  344.557	6.972129e+01	2.062588e+00	1.335347e-01	-1.258810e+00	-1.047176e-01	7.850309e-01	
1  344.806	6.851035e+01	2.087606e+00	1.320994e-01	-1.184378e+00	-6.158019e-02	8.010970e-01	
2  344.921	6.917502e+01	2.096396e+00	1.331887e-01	-1.138747e+00	-4.187654e-02	8.209443e-01	
9  345.149	6.851178e+01	2.097155e+00	1.361867e-01	-1.177995e+00	-9.848667e-02	8.265063e-01	
4  343.79	6.898957e+01	2.090162e+00	1.334894e-01	-1.166117e+00	-1.214739e-01	8.296137e-01	
1  344.136	6.879980e+01	2.072911e+00	1.320521e-01	-1.187994e+00	-7.010660e-02	8.457130e-01	
2  345.021	6.920790e+01	2.059818e+00	1.333169e-01	-1.233040e+00	-4.561267e-02	8.325727e-01	
3  346.168	6.931772e+01	2.054144e+00	1.351088e-01	-1.206076e+00	-4.950256e-03	8.373556e-01	
1  345.539	7.010442e+01	2.043475e+00	1.357854e-01	-1.215731e+00	-7.734424e-02	8.258854e-01	
2  344.342	6.967773e+01	2.061768e+00	1.326796e-01	-1.190439e+00	-1.352957e-01	8.202472e-01	
2  344.41	6.953003e+01	2.099604e+00	1.351241e-01	-1.177222e+00	-1.603896e-01	8.275017e-01	
8  344.144	6.889578e+01	2.062955e+00	1.314231e-01	-1.133973e+00	-1.304236e-01	8.445896e-01	
1  343.581	6.910583e+01	2.086386e+00	1.314081e-01	-1.168977e+00	-1.356096e-01	8.235586e-01	
1  343.734	6.914641e+01	2.082214e+00	1.324094e-01	-1.151088e+00	-2.069809e-01	8.206480e-01	
1  344	6.882029e+01	2.063353e+00	1.364992e-01	-1.137999e+00	-2.055986e-01	8.304973e-01	
8  343.888	6.864545e+01	2.048190e+00	1.363555e-01	-1.156605e+00	-2.861814e-01	8.343316e-01	
3  347.998	6.725497e+01	2.050220e+00	1.378405e-01	-1.109524e+00	-2.891732e-01	8.083942e-01	
1  345.28	6.797211e+01	2.033885e+00	1.386953e-01	-1.077270e+00	-2.238272e-01	8.178611e-01	
1  344.74	6.831097e+01	2.064678e+00	1.394829e-01	-1.108544e+00	-2.332745e-01	8.313947e-01	
2  344.524	6.867290e+01	2.039595e+00	1.390929e-01	-1.119229e+00	-2.202437e-01	8.377763e-01	
1  343.927	6.910556e+01	2.073824e+00	1.367827e-01	-1.153112e+00	-2.653930e-01	8.386512e-01	
6  343.881	6.944429e+01	2.061750e+00	1.350993e-01	-1.176817e+00	-2.625890e-01	8.331149e-01	
1  344.433	6.958059e+01	2.049914e+00	1.367653e-01	-1.169448e+00	-2.584413e-01	8.373070e-01	
1  344.545	6.961909e+01	2.079773e+00	1.379599e-01	-1.184204e+00	-2.888273e-01	8.481626e-01	
1  345.744	6.916984e+01	2.093874e+00	1.389595e-01	-1.097493e+00	-3.174852e-01	8.441943e-01	
2  344.46	6.912783e+01	2.094229e+00	1.391272e-01	-1.159965e+00	-2.801677e-01	8.466207e-01	
1  344.963	6.846585e+01	2.102331e+00	1.398896e-01	-1.096617e+00	-2.814281e-01	8.342316e-01	
1  346.701	6.785924e+01	2.158772e+00	1.413319e-01	-1.068075e+00	-2.622314e-01	8.173009e-01	
1  346.298	6.974756e+01	2.158111e+00	1.397680e-01	-1.146114e+00	-3.006359e-01	7.978470e-01	
2  345.759	6.924752e+01	2.135474e+00	1.385246e-01	-1.201015e+00	-3.198632e-01	8.098743e-01	
10  345.28	6.949073e+01	2.075481e+00	1.382692e-01	-1.234083e+00	-2.769417e-01	7.902726e-01	
1  345.888	6.957202e+01	2.070099e+00	1.398858e-01	-1.248162e+00	-2.838620e-01	7.757502e-01	
4  345.967	7.003182e+01	2.083640e+00	1.398964e-01	-1.235423e+00	-3.460782e-01	7.834561e-01	
1  345.917	6.999474e+01	2.104343e+00	1.393059e-01	-1.214794e+00	-4.162030e-01	7.726148e-01	
2  346.29	6.989113e+01	2.136019e+00	1.397317e-01	-1.191742e+00	-5.071328e-01	7.784572e-01	
3  345.075	6.872357e+01	2.121160e+00	1.399362e-01	-1.123353e+00	-5.141880e-01	7.822470e-01	
2  344.32	6.894542e+01	2.123767e+00	1.368663e-01	-1.130030e+00	-5.182090e-01	7.905672e-01	
1  345.513	6.856589e+01	2.148336e+00	1.393663e-01	-1.119913e+00	-4.922403e-01	7.836382e-01	
1  345.484	6.897504e+01	2.155350e+00	1.412766e-01	-1.106035e+00	-4.148885e-01	7.996971e-01	
1  349.522	6.988219e+01	2.137290e+00	1.452940e-01	-1.089063e+00	-4.868480e-01	7.936351e-01	
3  348.094	7.009986e+01	2.134255e+00	1.453311e-01	-1.160331e+00	-5.628092e-01	7.868469e-01	
1  348.136	6.946781e+01	2.133800e+00	1.485151e-01	-1.134521e+00	-6.164214e-01	7.854862e-01	
2  347.094	6.927868e+01	2.142312e+00	1.458149e-01	-1.118028e+00	-6.391011e-01	7.859820e-01	
2  346.91	6.906110e+01	2.157692e+00	1.453948e-01	-1.107271e+00	-5.674892e-01	7.853984e-01	
3  347.316	6.778279e+01	2.151919e+00	1.417442e-01	-1.059410e+00	-6.052808e-01	7.845551e-01	
1  345.966	6.893184e+01	2.147633e+00	1.430107e-01	-1.070097e+00	-5.707078e-01	7.588060e-01	
9  347.157	6.950354e+01	2.151314e+00	1.448921e-01	-1.107020e+00	-5.724779e-01	7.406498e-01	
1  348.721	6.982492e+01	2.174690e+00	1.439883e-01	-1.097170e+00	-4.940847e-01	7.270363e-01	
1  347.525	6.872409e+01	2.152359e+00	1.455201e-01	-1.152294e+00	-3.759220e-01	7.326681e-01	
4  346.905	6.878105e+01	2.145132e+00	1.455362e-01	-1.149828e+00	-2.939118e-01	7.120830e-01	
1  346.64	6.983958e+01	2.160314e+00	1.417945e-01	-1.196185e+00	-3.063142e-01	7.019759e-01	
1  348.898	6.884793e+01	2.151739e+00	1.381471e-01	-1.258090e+00	-2.612184e-01	6.852258e-01	
5  347.004	6.828693e+01	2.148942e+00	1.404078e-01	-1.167070e+00	-2.418830e-01	6.973810e-01	
2  346.32	6.908592e+01	2.166047e+00	1.399659e-01	-1.206382e+00	-2.523323e-01	7.004827e-01	
1  347.837	7.026167e+01	2.153554e+00	1.424133e-01	-1.233700e+00	-3.631261e-01	7.092975e-01	
1  349.052	6.999688e+01	2.139339e+00	1.426546e-01	-1.278522e+00	-4.348620e-01	6.893019e-01	
2  351.564	6.947082e+01	2.184773e+00	1.403089e-01	-1.299817e+00	-4.112723e-01	6.605940e-01	
4  348.497	7.046353e+01	2.184291e+00	1.405470e-01	-1.238652e+00	-4.502091e-01	6.812824e-01	
4  347.04	6.997282e+01	2.193142e+00	1.403768e-01	-1.188797e+00	-4.085398e-01	6.800485e-01	
7  347.285	6.982652e+01	2.187567e+00	1.423998e-01	-1.172903e+00	-4.392534e-01	6.823866e-01	
3  346.293	6.906967e+01	2.172417e+00	1.428458e-01	-1.127799e+00	-4.760267e-01	6.651575e-01	
4  346.237	6.841033e+01	2.166482e+00	1.430529e-01	-1.070223e+00	-3.937088e-01	6.659317e-01	
3  346.493	6.833228e+01	2.201853e+00	1.419970e-01	-1.074167e+00	-3.957366e-01	6.657495e-01	
7  347.287	6.818986e+01	2.237798e+00	1.425424e-01	-1.031086e+00	-4.555147e-01	6.628753e-01	
1  349.939	6.760587e+01	2.212039e+00	1.440339e-01	-1.049970e+00	-5.903344e-01	6.516112e-01	
2  347.843	6.809567e+01	2.219559e+00	1.428846e-01	-1.058722e+00	-5.824609e-01	6.470406e-01	
2  349.388	6.777800e+01	2.185029e+00	1.448447e-01	-1.069022e+00	-5.819057e-01	6.468152e-01	
1  346.293	6.838519e+01	2.163550e+00	1.400529e-01	-9.966690e-01	-5.188735e-01	6.638508e-01	
2  346.3	6.798747e+01	2.149413e+00	1.413152e-01	-1.010745e+00	-4.196536e-01	6.693653e-01	
1  345.913	6.935167e+01	2.160696e+00	1.416904e-01	-1.156858e+00	-3.464985e-01	6.711230e-01	
3  345.185	6.876069e+01	2.153431e+00	1.403615e-01	-1.120773e+00	-3.795832e-01	6.683822e-01	
3  345.344	6.818040e+01	2.177306e+00	1.383623e-01	-1.077440e+00	-4.170103e-01	6.599106e-01	
5  344.26	6.871617e+01	2.144007e+00	1.369749e-01	-1.104966e+00	-3.740753e-01	6.741340e-01	
2  344.676	6.908537e+01	2.122988e+00	1.382123e-01	-1.171168e+00	-3.952314e-01	6.656575e-01	
3  345.302	6.967601e+01	2.112807e+00	1.349284e-01	-1.235723e+00	-4.493328e-01	6.694119e-01	
3  344.619	6.955469e+01	2.127958e+00	1.361484e-01	-1.164726e+00	-5.068009e-01	6.813141e-01	
5  345.645	6.933637e+01	2.157824e+00	1.373253e-01	-1.187380e+00	-4.958030e-01	6.890843e-01	
4  345.286	6.949347e+01	2.115609e+00	1.405047e-01	-1.166196e+00	-4.659550e-01	6.741259e-01	
1  344.758	6.925080e+01	2.114373e+00	1.394337e-01	-1.154101e+00	-4.692222e-01	6.500999e-01	
1  344.643	6.865401e+01	2.112677e+00	1.401865e-01	-1.094636e+00	-5.353560e-01	6.676453e-01	
4  343.809	6.876693e+01	2.110376e+00	1.357402e-01	-1.095772e+00	-4.459868e-01	6.774251e-01	
2  345.757	6.973206e+01	2.135213e+00	1.348663e-01	-1.121923e+00	-4.063190e-01	6.792672e-01	
1  344.422	6.934115e+01	2.158776e+00	1.351047e-01	-1.147700e+00	-2.884248e-01	6.809242e-01	
4  344.682	6.961371e+01	2.160812e+00	1.312240e-01	-1.142738e+00	-2.942579e-01	6.874174e-01	
1  343.712	6.831670e+01	2.175054e+00	1.304555e-01	-1.100571e+00	-3.420617e-01	7.008139e-01	
9  343.721	6.822877e+01	2.214483e+00	1.286241e-01	-1.082162e+00	-3.508454e-01	7.005475e-01	
4  344.042	6.789511e+01	2.213899e+00	1.277411e-01	-1.048336e+00	-3.502231e-01	7.053479e-01	
1  344.396	6.799294e+01	2.154057e+00	1.257113e-01	-1.014221e+00	-3.771649e-01	6.871695e-01	
4  344.156	6.777535e+01	2.137319e+00	1.239711e-01	-1.044423e+00	-3.232959e-01	6.836519e-01	
2  346.162	6.813457e+01	2.099097e+00	1.271865e-01	-9.935498e-01	-3.633738e-01	6.692392e-01	
2  346.028	6.710074e+01	2.142133e+00	1.250165e-01	-1.031093e+00	-3.989112e-01	6.504379e-01	
4  345.983	6.702907e+01	2.123030e+00	1.229269e-01	-9.850452e-01	-4.329864e-01	6.670733e-01	
4  345.754	6.716467e+01	2.146977e+00	1.249223e-01	-1.030287e+00	-4.264534e-01	6.697675e-01	
1  344.424	6.764796e+01	2.149213e+00	1.232078e-01	-9.926665e-01	-4.629767e-01	6.549483e-01	
2  343.256	6.847419e+01	2.145134e+00	1.233438e-01	-1.068376e+00	-4.243158e-01	6.543291e-01	
4  344.814	6.784219e+01	2.134364e+00	1.234235e-01	-1.106993e+00	-4.583756e-01	6.372764e-01	
10  343.39	6.813289e+01	2.136265e+00	1.245667e-01	-1.089057e+00	-3.996138e-01	6.348924e-01	
6  343.954	6.904065e+01	2.142066e+00	1.214818e-01	-1.094154e+00	-3.877945e-01	6.456541e-01	
2  343.922	6.840509e+01	2.142163e+00	1.207684e-01	-1.140254e+00	-4.220203e-01	6.647517e-01	
5  343.622	6.857796e+01	2.127297e+00	1.190575e-01	-1.132817e+00	-4.215244e-01	6.862300e-01	
4  345.429	6.834154e+01	2.146437e+00	1.183166e-01	-1.159761e+00	-4.690502e-01	6.869736e-01	
1  344.74	6.796910e+01	2.174524e+00	1.179596e-01	-1.113551e+00	-3.941206e-01	6.736088e-01	
4  343.402	6.869180e+01	2.146362e+00	1.195301e-01	-1.139227e+00	-3.841120e-01	6.694931e-01	
2  343.615	6.843519e+01	2.133242e+00	1.214801e-01	-1.134298e+00	-4.098842e-01	6.697286e-01	
1  343.775	6.838104e+01	2.125674e+00	1.188688e-01	-1.125081e+00	-3.912751e-01	6.758392e-01	
2  343.986	6.906966e+01	2.133225e+00	1.205617e-01	-1.204617e+00	-3.167927e-01	6.789718e-01	
1  345.186	7.000281e+01	2.132140e+00	1.175759e-01	-1.228804e+00	-2.960537e-01	6.569906e-01	
10  345.392	6.976493e+01	2.143877e+00	1.162078e-01	-1.266640e+00	-2.549609e-01	6.714541e-01	
1  345.398	6.928773e+01	2.118390e+00	1.133317e-01	-1.245470e+00	-1.891205e-01	6.553321e-01	
2  346.665	6.981032e+01	2.115526e+00	1.105069e-01	-1.231825e+00	-2.523577e-01	6.464309e-01	
1  346.769	6.953478e+01	2.099176e+00	1.095777e-01	-1.207350e+00	-2.479719e-01	6.704273e-01	
6  348.244	7.023944e+01	2.130618e+00	1.097594e-01	-1.294973e+00	-3.205123e-01	6.655301e-01	
3  351.499	7.119051e+01	2.167150e+00	1.085544e-01	-1.343212e+00	-3.417211e-01	6.499266e-01	
1  350.201	7.028703e+01	2.159912e+00	1.092553e-01	-1.350072e+00	-2.606989e-01	6.846004e-01	
1  349.816	7.086515e+01	2.115109e+00	1.106281e-01	-1.286283e+00	-2.513340e-01	7.015277e-01	
1  347.757	7.002902e+01	2.107455e+00	1.089631e-01	-1.256481e+00	-2.207965e-01	6.957927e-01	
4  346.753	6.944969e+01	2.088385e+00	1.098910e-01	-1.229562e+00	-2.602905e-01	6.913820e-01	
2  345.94	6.913454e+01	2.081254e+00	1.114535e-01	-1.213770e+00	-1.982219e-01	6.822901e-01	
3  346.467	6.937815e+01	2.078819e+00	1.111584e-01	-1.245751e+00	-2.283614e-01	6.585943e-01	
1  346.516	6.892386e+01	2.094340e+00	1.115948e-01	-1.246416e+00	-1.778636e-01	6.548324e-01	
1  345.885	6.842173e+01	2.069801e+00	1.144301e-01	-1.209593e+00	-1.573606e-01	6.408540e-01	
1  346.962	6.795337e+01	2.085098e+00	1.159540e-01	-1.195787e+00	-1.376553e-01	6.634204e-01	
1  346.215	7.007989e+01	2.110600e+00	1.150029e-01	-1.224711e+00	-2.554246e-01	6.813066e-01	
2  346.681	6.995070e+01	2.119750e+00	1.126585e-01	-1.268483e+00	-3.195441e-01	6.809653e-01	
2  346.954	6.952575e+01	2.083693e+00	1.109518e-01	-1.241512e+00	-3.842528e-01	6.749596e-01	
2  346.636	6.937619e+01	2.110368e+00	1.142325e-01	-1.252253e+00	-4.025288e-01	6.859967e-01	
1  345.035	6.893775e+01	2.113787e+00	1.127202e-01	-1.165308e+00	-4.140339e-01	6.791798e-01	
1  344.097	6.930279e+01	2.152746e+00	1.159574e-01	-1.153677e+00	-4.571497e-01	6.922417e-01	
1  344.279	6.898249e+01	2.161605e+00	1.147922e-01	-1.103462e+00	-4.135451e-01	6.808187e-01	
3  343.963	6.912268e+01	2.177674e+00	1.182485e-01	-1.105084e+00	-3.677975e-01	6.918812e-01	
3  344.421	6.804885e+01	2.149825e+00	1.215712e-01	-1.027456e+00	-3.550264e-01	6.952471e-01	
1  343.796	6.799495e+01	2.100861e+00	1.253651e-01	-1.060490e+00	-3.559539e-01	6.952933e-01	
1  343.682	6.851331e+01	2.103969e+00	1.249531e-01	-1.066423e+00	-4.008421e-01	6.889346e-01	
3  343.258	6.860016e+01	2.117650e+00	1.242187e-01	-1.098507e+00	-3.425583e-01	6.629255e-01	
8  343.434	6.865445e+01	2.130599e+00	1.204303e-01	-1.115923e+00	-2.860359e-01	6.547372e-01	
2  343.688	6.937709e+01	2.120520e+00	1.228429e-01	-1.166050e+00	-2.704311e-01	6.618158e-01	
2  343.763	6.930058e+01	2.086017e+00	1.220084e-01	-1.209796e+00	-3.182381e-01	6.622365e-01	
9  343.817	6.960932e+01	2.135382e+00	1.230272e-01	-1.176169e+00	-4.198254e-01	6.724132e-01	
1  343.582	6.944523e+01	2.174859e+00	1.252188e-01	-1.132363e+00	-4.946400e-01	6.813537e-01	
1  344.013	6.962978e+01	2.162326e+00	1.215286e-01	-1.145809e+00	-4.919826e-01	6.792484e-01	
3  344.165	6.923588e+01	2.147558e+00	1.177570e-01	-1.173332e+00	-5.237459e-01	6.772798e-01	
8  345.429	6.988387e+01	2.158011e+00	1.147513e-01	-1.168868e+00	-5.438666e-01	6.781887e-01	
8  345.345	6.999128e+01	2.186357e+00	1.178658e-01	-1.200392e+00	-6.145030e-01	6.714226e-01	
2  348.908	6.897655e+01	2.219838e+00	1.166086e-01	-1.232436e+00	-5.823429e-01	6.762915e-01	
1  344.728	6.827198e+01	2.194122e+00	1.198615e-01	-1.121788e+00	-5.599105e-01	6.753322e-01	
1  343.121	6.896987e+01	2.233480e+00	1.201094e-01	-1.102881e+00	-5.719279e-01	6.597235e-01	
1  343.948	6.916180e+01	2.261418e+00	1.202844e-01	-1.051426e+00	-5.472710e-01	6.873703e-01	
3  342.983	6.851380e+01	2.271535e+00	1.203628e-01	-1.067876e+00	-5.006296e-01	6.680762e-01	
2  342.955	6.871699e+01	2.279007e+00	1.201830e-01	-1.068803e+00	-4.817138e-01	6.737230e-01	
1  343.658	6.836877e+01	2.297003e+00	1.183067e-01	-1.095224e+00	-4.666731e-01	6.644900e-01	
3  343.249	6.889429e+01	2.330481e+00	1.185818e-01	-1.105080e+00	-4.830058e-01	6.555762e-01	
1  343.078	6.871058e+01	2.343927e+00	1.191155e-01	-1.066939e+00	-5.397556e-01	6.586584e-01	
1  343.367	6.829348e+01	2.430946e+00	1.187951e-01	-9.902982e-01	-5.468276e-01	6.594975e-01	
1  343.343	6.857796e+01	2.398888e+00	1.194954e-01	-1.013593e+00	-4.809600e-01	6.490353e-01	
1  343.323	6.822332e+01	2.408654e+00	1.189374e-01	-1.007221e+00	-4.681183e-01	6.337844e-01	
11  343.242	6.884267e+01	2.437318e+00	1.170130e-01	-1.060407e+00	-5.126755e-01	6.351585e-01	
18  343.496	6.879100e+01	2.455868e+00	1.158538e-01	-1.000914e+00	-5.050409e-01	6.261008e-01	
8  343.195	6.827361e+01	2.448374e+00	1.126550e-01	-1.021817e+00	-5.342332e-01	6.022479e-01	
1  343.601	6.875602e+01	2.406403e+00	1.101529e-01	-1.083904e+00	-5.672107e-01	5.935800e-01	
1  344.649	6.931355e+01	2.393574e+00	1.075361e-01	-1.047223e+00	-5.331957e-01	6.123060e-01	
1  344.196	6.822461e+01	2.353882e+00	1.058636e-01	-1.035805e+00	-5.440193e-01	6.024201e-01	
6  345.2	6.754669e+01	2.359497e+00	1.055983e-01	-9.855654e-01	-5.767046e-01	6.004945e-01	
1  343.786	6.845220e+01	2.383143e+00	1.095546e-01	-9.825321e-01	-5.388359e-01	6.009904e-01	
1  343.697	6.810068e+01	2.384538e+00	1.098887e-01	-1.039650e+00	-4.924979e-01	6.000337e-01	
1  343.795	6.796776e+01	2.400227e+00	1.075445e-01	-1.007116e+00	-4.996938e-01	6.119691e-01	
3  343.385	6.820062e+01	2.479536e+00	1.166518e-01	-9.895480e-01	-4.678358e-01	5.967099e-01	
1  343.797	6.798450e+01	2.449833e+00	1.188846e-01	-9.984933e-01	-3.755244e-01	5.942998e-01	
2  344.026	6.806899e+01	2.461328e+00	1.177300e-01	-9.597620e-01	-3.811605e-01	6.183800e-01	
1  343.633	6.835527e+01	2.435533e+00	1.125051e-01	-9.825654e-01	-4.044358e-01	6.282066e-01	
3  343.663	6.783353e+01	2.424740e+00	1.111579e-01	-9.921633e-01	-3.562182e-01	6.216849e-01	
5  344.235	6.801342e+01	2.418056e+00	1.114814e-01	-9.589517e-01	-3.772119e-01	6.272193e-01	
3  343.68	6.787380e+01	2.381831e+00	1.124652e-01	-9.905032e-01	-3.944855e-01	6.323042e-01	
2  343.668	6.785752e+01	2.391197e+00	1.151320e-01	-1.020048e+00	-3.914738e-01	6.172467e-01	
1  344.175	6.796483e+01	2.404493e+00	1.129158e-01	-9.603061e-01	-3.458844e-01	6.033702e-01	
1  343.759	6.868090e+01	2.411598e+00	1.142184e-01	-1.010848e+00	-3.438774e-01	6.090111e-01	
7  343.563	6.791209e+01	2.406313e+00	1.168888e-01	-1.003381e+00	-3.726217e-01	6.231044e-01	
1  344.663	6.765280e+01	2.379293e+00	1.197159e-01	-1.025503e+00	-3.927799e-01	6.216865e-01	
1  344.202	6.765805e+01	2.371311e+00	1.198057e-01	-1.001998e+00	-3.848964e-01	6.223106e-01	
1  344.333	6.777914e+01	2.345998e+00	1.197800e-01	-1.048868e+00	-3.491117e-01	6.362919e-01	
1  344.484	6.856177e+01	2.351266e+00	1.211604e-01	-1.011231e+00	-2.544660e-01	6.177114e-01	
1  344.075	6.775157e+01	2.333152e+00	1.205448e-01	-1.032388e+00	-2.836438e-01	6.044151e-01	
2  343.789	6.909462e+01	2.355085e+00	1.209427e-01	-1.057595e+00	-3.866410e-01	6.187974e-01	
5  344.027	6.923441e+01	2.376064e+00	1.194084e-01	-1.155414e+00	-3.852506e-01	6.211071e-01	
4  343.117	6.892027e+01	2.362054e+00	1.190846e-01	-1.103638e+00	-3.349326e-01	6.339525e-01	
2  343.458	6.885715e+01	2.352614e+00	1.171832e-01	-1.134093e+00	-3.393279e-01	6.395328e-01	
5  343.78	6.936073e+01	2.361587e+00	1.215451e-01	-1.153846e+00	-2.883037e-01	6.378069e-01	
1  346.505	7.047006e+01	2.372324e+00	1.220863e-01	-1.193148e+00	-2.668898e-01	6.216158e-01	
2  345.795	7.015191e+01	2.367507e+00	1.243929e-01	-1.161877e+00	-3.248350e-01	6.408179e-01	
2  344.238	6.973368e+01	2.350583e+00	1.213845e-01	-1.146158e+00	-3.243066e-01	6.566544e-01	
2  344.967	6.930244e+01	2.340123e+00	1.245379e-01	-1.064304e+00	-3.100048e-01	6.425847e-01	
1  345.111	6.973178e+01	2.356447e+00	1.225921e-01	-1.094169e+00	-3.928284e-01	6.495668e-01	
1  345.439	6.849999e+01	2.358175e+00	1.214616e-01	-1.143215e+00	-3.783237e-01	6.485842e-01	
2  344.216	6.897478e+01	2.368900e+00	1.207771e-01	-1.132522e+00	-4.573193e-01	6.611595e-01	
4  343.308	6.836569e+01	2.381431e+00	1.184990e-01	-1.060304e+00	-4.277780e-01	6.621956e-01	
4  343.04	6.838974e+01	2.378613e+00	1.170001e-01	-1.046112e+00	-3.925608e-01	6.630892e-01	
6  343.247	6.808331e+01	2.403461e+00	1.156047e-01	-1.001763e+00	-4.658920e-01	6.652926e-01	
2  345.479	6.769574e+01	2.456779e+00	1.133263e-01	-1.032125e+00	-5.387971e-01	6.617593e-01	
1  344.51	6.801733e+01	2.434207e+00	1.154323e-01	-1.058729e+00	-4.531967e-01	6.718098e-01	
1  343.26	6.849430e+01	2.462593e+00	1.133447e-01	-1.049808e+00	-5.068680e-01	6.540324e-01	
1  344.347	6.959334e+01	2.488604e+00	1.140203e-01	-1.057459e+00	-5.408030e-01	6.395495e-01	
1  343.853	6.897575e+01	2.482305e+00	1.126786e-01	-1.086046e+00	-5.831771e-01	6.397739e-01	
7  344.196	6.939207e+01	2.514523e+00	1.125666e-01	-1.097262e+00	-5.943690e-01	6.543660e-01	
1  344.868	6.992179e+01	2.502492e+00	1.119337e-01	-1.095820e+00	-5.465716e-01	6.425775e-01	
1  343.595	6.927016e+01	2.538455e+00	1.124378e-01	-1.058662e+00	-5.336865e-01	6.446036e-01	
1  344.981	6.976243e+01	2.558076e+00	1.158233e-01	-1.095137e+00	-5.233996e-01	6.642593e-01	
3  346.308	7.016624e+01	2.547888e+00	1.162443e-01	-1.089805e+00	-4.865152e-01	6.398686e-01	
4  344.138	6.941932e+01	2.515948e+00	1.167963e-01	-1.098301e+00	-4.350324e-01	6.494470e-01	
2  343.211	6.860169e+01	2.476459e+00	1.156177e-01	-1.048871e+00	-4.424673e-01	6.470327e-01	
4  343.156	6.874962e+01	2.452959e+00	1.162525e-01	-1.044729e+00	-5.162298e-01	6.393434e-01	
4  344.541	6.771738e+01	2.435776e+00	1.136362e-01	-1.013480e+00	-5.345358e-01	6.265278e-01	
1  344.474	6.894309e+01	2.438983e+00	1.200713e-01	-1.086215e+00	-6.257123e-01	6.331243e-01	
4  344.274	6.835557e+01	2.413956e+00	1.237657e-01	-1.018057e+00	-6.433450e-01	6.175897e-01	
5  344.582	6.860685e+01	2.414268e+00	1.260783e-01	-9.620143e-01	-7.475492e-01	5.903534e-01	
10  344.704	6.910250e+01	2.412305e+00	1.240032e-01	-1.046310e+00	-8.242384e-01	6.132939e-01	
2  343.779	6.880091e+01	2.407373e+00	1.206427e-01	-1.010855e+00	-8.706138e-01	6.056636e-01	
3  343.826	6.879986e+01	2.382690e+00	1.225482e-01	-9.903251e-01	-9.356482e-01	5.817136e-01	
1  344.799	6.802254e+01	2.411493e+00	1.191113e-01	-9.746169e-01	-9.913058e-01	5.807327e-01	
1  344.867	6.784804e+01	2.422740e+00	1.170509e-01	-9.543016e-01	-1.029928e+00	5.847426e-01	
1  343.378	6.858042e+01	2.432128e+00	1.158761e-01	-9.261104e-01	-1.037018e+00	5.955969e-01	
3  343.365	6.835358e+01	2.466711e+00	1.156927e-01	-9.152296e-01	-1.011520e+00	5.986099e-01	
2  343.581	6.871487e+01	2.454569e+00	1.156742e-01	-9.240360e-01	-1.068347e+00	5.958269e-01	
5  344.052	6.883965e+01	2.447485e+00	1.166997e-01	-9.838739e-01	-1.101044e+00	5.875127e-01	
1  344.93	6.900783e+01	2.450346e+00	1.135974e-01	-1.037641e+00	-1.075887e+00	6.000262e-01	
1  344.374	6.915545e+01	2.429760e+00	1.123875e-01	-1.024341e+00	-1.099954e+00	5.865079e-01	
1  343.852	6.896905e+01	2.445560e+00	1.164593e-01	-9.456941e-01	-1.071926e+00	5.818983e-01	
4  344.475	6.868650e+01	2.442782e+00	1.187194e-01	-1.005844e+00	-1.010685e+00	5.884996e-01	
4  343.544	6.896238e+01	2.369070e+00	1.162042e-01	-1.013971e+00	-9.885144e-01	5.833951e-01	
9  344.691	6.964090e+01	2.354073e+00	1.179207e-01	-1.083785e+00	-9.400180e-01	5.805709e-01	
1  344.271	6.939397e+01	2.331729e+00	1.126297e-01	-1.036785e+00	-8.869309e-01	5.817872e-01	
2  343.885	6.869931e+01	2.335650e+00	1.103729e-01	-1.040931e+00	-8.847668e-01	5.860444e-01	
3  345.332	6.944610e+01	2.347865e+00	1.103451e-01	-9.957763e-01	-9.235056e-01	5.738723e-01	
4  343.911	6.896373e+01	2.336783e+00	1.127676e-01	-9.705831e-01	-9.718079e-01	5.857112e-01	
2  347.327	6.933531e+01	2.355714e+00	1.133409e-01	-9.195749e-01	-9.674192e-01	6.009891e-01	
2  343.997	6.819987e+01	2.365989e+00	1.098365e-01	-9.762883e-01	-1.037312e+00	6.036134e-01	
1  343.612	6.874016e+01	2.342050e+00	1.106162e-01	-9.831051e-01	-1.012204e+00	6.035099e-01	
3  343.811	6.806475e+01	2.339289e+00	1.086993e-01	-9.461519e-01	-9.269728e-01	5.874104e-01	
1  343.389	6.850486e+01	2.346349e+00	1.127737e-01	-1.001354e+00	-9.365701e-01	6.174604e-01	
3  343.79	6.848993e+01	2.389956e+00	1.148697e-01	-1.005645e+00	-9.765646e-01	6.309981e-01	
3  343.94	6.815468e+01	2.409633e+00	1.161692e-01	-8.676646e-01	-1.015312e+00	6.196188e-01	
2  345.358	6.695231e+01	2.394049e+00	1.160967e-01	-8.191061e-01	-9.631355e-01	6.275924e-01	
3  345.185	6.699099e+01	2.384289e+00	1.171040e-01	-8.300613e-01	-9.628188e-01	6.130495e-01	
1  343.531	6.786862e+01	2.410374e+00	1.174775e-01	-8.992773e-01	-9.816831e-01	6.057141e-01	
3  344.393	6.831712e+01	2.362531e+00	1.124470e-01	-8.842700e-01	-9.862831e-01	6.200505e-01	
2  343.796	6.806154e+01	2.352845e+00	1.111165e-01	-8.933293e-01	-1.022174e+00	6.241144e-01	
6  343.576	6.793676e+01	2.365330e+00	1.123224e-01	-8.828197e-01	-1.082060e+00	6.253595e-01	
2  343.333	6.818310e+01	2.426360e+00	1.135706e-01	-8.917520e-01	-1.057948e+00	6.218965e-01	
4  343.643	6.852734e+01	2.431556e+00	1.131467e-01	-8.960086e-01	-1.099862e+00	6.295691e-01	
1  343.311	6.821722e+01	2.442486e+00	1.094462e-01	-9.150192e-01	-1.055069e+00	6.481049e-01	
2  344.197	6.837915e+01	2.485458e+00	1.099225e-01	-9.803076e-01	-1.035288e+00	6.501467e-01	
1  343.658	6.875942e+01	2.491115e+00	1.056618e-01	-9.637569e-01	-1.015180e+00	6.401683e-01	
2  345.113	6.918348e+01	2.495071e+00	1.042820e-01	-1.030153e+00	-1.065342e+00	6.380185e-01	
4  344.554	6.913769e+01	2.479195e+00	1.036812e-01	-9.907260e-01	-1.071327e+00	6.351267e-01	
2  344.404	6.919262e+01	2.513474e+00	1.073610e-01	-9.398312e-01	-1.111415e+00	6.263428e-01	
5  343.814	6.805401e+01	2.536552e+00	1.073555e-01	-9.081341e-01	-1.131795e+00	6.186115e-01	
2  343.376	6.843722e+01	2.516325e+00	1.102186e-01	-9.018417e-01	-1.139173e+00	6.102084e-01	
2  343.473	6.798746e+01	2.487537e+00	1.104461e-01	-8.646589e-01	-1.030333e+00	6.104579e-01	
3  344.002	6.851544e+01	2.518599e+00	1.130257e-01	-8.687428e-01	-1.064482e+00	6.123488e-01	
2  344.619	6.819220e+01	2.567503e+00	1.180506e-01	-8.590340e-01	-9.592362e-01	6.191445e-01	
2  345.347	6.817705e+01	2.577065e+00	1.213158e-01	-8.810172e-01	-1.041889e+00	6.043226e-01	
2  345.717	6.800546e+01	2.599085e+00	1.201136e-01	-8.732001e-01	-1.124344e+00	6.066522e-01	
2  345.688	6.779680e+01	2.588910e+00	1.188369e-01	-8.803070e-01	-1.066633e+00	5.949497e-01	
4  346.157	6.846012e+01	2.614311e+00	1.227312e-01	-8.776956e-01	-9.707740e-01	6.017181e-01	
1  346.397	6.769965e+01	2.611397e+00	1.206143e-01	-8.771998e-01	-9.837763e-01	6.048332e-01	
1  345.665	6.868497e+01	2.640614e+00	1.196435e-01	-8.933200e-01	-9.703614e-01	6.133966e-01	
3  345.649	6.836287e+01	2.654622e+00	1.193732e-01	-8.668994e-01	-1.013222e+00	6.111194e-01	
3  346.438	6.858778e+01	2.672194e+00	1.168893e-01	-8.287897e-01	-9.727565e-01	6.171288e-01	
1  346.37	6.731737e+01	2.634953e+00	1.191341e-01	-8.177800e-01	-9.334361e-01	6.262873e-01	
6  346.77	6.825234e+01	2.646166e+00	1.178585e-01	-8.217496e-01	-8.739641e-01	6.498151e-01	
2  346.107	6.729184e+01	2.659025e+00	1.168299e-01	-8.129261e-01	-8.562561e-01	6.396249e-01	
2  348.443	6.749878e+01	2.682523e+00	1.194436e-01	-7.575357e-01	-8.859321e-01	6.510457e-01	
1  347.883	6.770517e+01	2.690169e+00	1.181418e-01	-7.733643e-01	-8.804844e-01	6.571275e-01	
1  350.199	6.884346e+01	2.679293e+00	1.197210e-01	-8.054473e-01	-9.269840e-01	6.357029e-01	
1  346.593	6.894618e+01	2.686376e+00	1.182944e-01	-8.852007e-01	-8.668345e-01	6.197047e-01	
4  346.558	6.801278e+01	2.703954e+00	1.162761e-01	-9.263127e-01	-8.644113e-01	6.006873e-01	
1  345.796	6.829919e+01	2.682223e+00	1.189998e-01	-8.642682e-01	-8.679182e-01	5.886911e-01	
3  345.255	6.814597e+01	2.643873e+00	1.181857e-01	-8.910084e-01	-9.219574e-01	5.905395e-01	
2  346.038	6.737819e+01	2.640889e+00	1.177622e-01	-8.414680e-01	-8.642419e-01	5.999656e-01	
1  345.871	6.813431e+01	2.683118e+00	1.173219e-01	-8.160589e-01	-9.688844e-01	6.123643e-01	
5  347.201	6.749199e+01	2.720755e+00	1.194031e-01	-8.104408e-01	-8.960409e-01	6.361922e-01	
2  346.189	6.794654e+01	2.749501e+00	1.172302e-01	-8.598780e-01	-7.957123e-01	6.360620e-01	
3  345.906	6.817920e+01	2.790770e+00	1.146920e-01	-8.495442e-01	-9.455408e-01	6.666349e-01	
6  345.936	6.829316e+01	2.784524e+00	1.148966e-01	-8.483366e-01	-9.868184e-01	6.603570e-01	
1  345.373	6.915540e+01	2.780884e+00	1.110540e-01	-9.350584e-01	-8.991844e-01	6.661559e-01	
1  344.431	6.849192e+01	2.774167e+00	1.093902e-01	-9.045319e-01	-9.356478e-01	6.660986e-01	
10  344.464	6.791753e+01	2.764277e+00	1.097505e-01	-8.447842e-01	-9.196264e-01	6.634313e-01	
5  345.026	6.767574e+01	2.709239e+00	1.129121e-01	-8.494056e-01	-9.833185e-01	6.725526e-01	
5  344.594	6.815100e+01	2.688437e+00	1.133997e-01	-8.741062e-01	-1.053533e+00	6.956262e-01	
1  345.549	6.809024e+01	2.698231e+00	1.097982e-01	-9.352815e-01	-1.010610e+00	6.841793e-01	
8  344.904	6.795523e+01	2.683473e+00	1.087154e-01	-8.155739e-01	-9.736937e-01	7.037739e-01	
2  345.066	6.726221e+01	2.698656e+00	1.077062e-01	-7.798898e-01	-1.029782e+00	6.943115e-01	
2  345.973	6.747588e+01	2.692675e+00	1.092003e-01	-7.657319e-01	-9.793908e-01	6.821465e-01	
4  345.135	6.793617e+01	2.671582e+00	1.079265e-01	-8.131763e-01	-9.244821e-01	6.900005e-01	
1  345.953	6.781391e+01	2.670997e+00	1.061558e-01	-7.834223e-01	-9.875039e-01	6.949641e-01	
3  346.419	6.763998e+01	2.682421e+00	1.059539e-01	-7.654027e-01	-9.676102e-01	6.834236e-01	
2  345.376	6.691427e+01	2.658685e+00	1.038419e-01	-8.147180e-01	-1.012159e+00	6.675736e-01	
2  346.47	6.756620e+01	2.658344e+00	1.060778e-01	-7.618375e-01	-1.000706e+00	6.896056e-01	
2  344.058	6.812225e+01	2.677745e+00	1.035962e-01	-8.421105e-01	-9.588096e-01	6.876083e-01	
1  344.981	6.790946e+01	2.653381e+00	1.021627e-01	-8.070451e-01	-1.026949e+00	6.945030e-01	
2  344.548	6.722475e+01	2.610602e+00	1.063285e-01	-7.983287e-01	-1.109706e+00	6.903148e-01	
1  346.346	6.656684e+01	2.617733e+00	1.058547e-01	-7.681132e-01	-1.078090e+00	6.964666e-01	
3  347.427	6.646442e+01	2.621085e+00	1.053082e-01	-7.339178e-01	-1.031144e+00	6.998443e-01	
2  346.898	6.725463e+01	2.632347e+00	1.038772e-01	-7.508961e-01	-1.004022e+00	6.942375e-01	
4  344.967	6.718112e+01	2.642862e+00	1.056698e-01	-7.831710e-01	-1.026036e+00	6.828173e-01	
2  344.633	6.714891e+01	2.654263e+00	1.047986e-01	-8.095238e-01	-1.031745e+00	6.821528e-01	
3  344.577	6.725797e+01	2.657948e+00	1.057134e-01	-8.269241e-01	-1.101614e+00	6.896791e-01	
6  343.57	6.787011e+01	2.651446e+00	1.039769e-01	-8.429762e-01	-1.095408e+00	6.775389e-01	
1  343.779	6.828625e+01	2.641341e+00	1.033411e-01	-9.047287e-01	-1.147845e+00	6.805408e-01	
2  344.11	6.825182e+01	2.645424e+00	1.020974e-01	-9.111703e-01	-1.163070e+00	6.747926e-01	
2  344.932	6.864878e+01	2.622573e+00	1.048691e-01	-9.512610e-01	-1.220819e+00	6.677595e-01	
1  345.147	6.808496e+01	2.635570e+00	1.026184e-01	-9.322224e-01	-1.147652e+00	6.748443e-01	
1  344.044	6.785994e+01	2.649309e+00	1.062701e-01	-8.814873e-01	-1.117110e+00	6.820200e-01	
4  343.486	6.823095e+01	2.652442e+00	1.055405e-01	-8.790537e-01	-1.126030e+00	6.975671e-01	
2  343.6	6.791807e+01	2.599560e+00	1.053850e-01	-8.809289e-01	-1.118372e+00	7.075539e-01	
1  343.574	6.833933e+01	2.650056e+00	1.059085e-01	-8.737438e-01	-1.164197e+00	7.255921e-01	
1  344.133	6.774846e+01	2.643677e+00	1.082334e-01	-8.180117e-01	-1.130200e+00	7.297395e-01	
2  344.2	6.843114e+01	2.647408e+00	1.095432e-01	-9.129458e-01	-1.162514e+00	7.228581e-01	
4  345.208	6.879665e+01	2.639425e+00	1.103594e-01	-8.575488e-01	-1.159818e+00	7.385687e-01	
5  344.359	6.834176e+01	2.647034e+00	1.047878e-01	-8.341937e-01	-1.199224e+00	7.443137e-01	
2  343.9	6.771017e+01	2.639541e+00	1.036090e-01	-8.517937e-01	-1.212002e+00	7.521655e-01	
3  343.797	6.804921e+01	2.673619e+00	1.034086e-01	-8.347112e-01	-1.228040e+00	7.583077e-01	
1  344.488	6.776655e+01	2.635303e+00	1.035835e-01	-8.754234e-01	-1.244954e+00	7.304870e-01	
1  344.416	6.825484e+01	2.610525e+00	1.027799e-01	-8.782899e-01	-1.403663e+00	7.283013e-01	
2  345.446	6.853763e+01	2.598156e+00	1.034529e-01	-8.135283e-01	-1.365248e+00	7.304636e-01	
1  345.297	6.868767e+01	2.562239e+00	1.025056e-01	-8.428597e-01	-1.383062e+00	7.483368e-01	
3  344.158	6.794715e+01	2.574271e+00	1.043396e-01	-8.282529e-01	-1.489875e+00	7.382920e-01	
1  344.841	6.779146e+01	2.567643e+00	1.027742e-01	-7.798182e-01	-1.457593e+00	7.443970e-01	
2  344.9	6.769131e+01	2.583079e+00	1.061686e-01	-7.608352e-01	-1.467573e+00	7.455043e-01	
1  344.617	6.833690e+01	2.542590e+00	1.046377e-01	-8.256862e-01	-1.418036e+00	7.482520e-01	
2  344.502	6.758183e+01	2.513645e+00	1.043770e-01	-8.448776e-01	-1.391552e+00	7.549739e-01	
1  344.701	6.743295e+01	2.545210e+00	1.066292e-01	-8.299671e-01	-1.432350e+00	7.585113e-01	
9  344.433	6.770246e+01	2.529453e+00	1.064429e-01	-8.609283e-01	-1.386227e+00	7.640694e-01	
3  344.596	6.790620e+01	2.511616e+00	1.042099e-01	-8.873688e-01	-1.358950e+00	7.615082e-01	
2  346.551	6.784778e+01	2.517349e+00	1.030830e-01	-9.227202e-01	-1.362894e+00	7.689144e-01	
1  344.849	6.784892e+01	2.441755e+00	1.061564e-01	-8.947961e-01	-1.395333e+00	7.730083e-01	
1  344.961	6.753806e+01	2.437990e+00	1.065000e-01	-8.866155e-01	-1.321587e+00	7.884463e-01	
1  345.752	6.739136e+01	2.420844e+00	1.081312e-01	-8.995101e-01	-1.301058e+00	7.711244e-01	
1  344.34	6.748039e+01	2.419460e+00	1.103552e-01	-8.816218e-01	-1.241466e+00	7.697284e-01	
4  344.991	6.823271e+01	2.400612e+00	1.101294e-01	-8.512098e-01	-1.246527e+00	7.797874e-01	
1  345.414	6.746760e+01	2.415007e+00	1.097107e-01	-9.201261e-01	-1.199761e+00	7.809538e-01	
9  344.322	6.770608e+01	2.406703e+00	1.086906e-01	-8.628938e-01	-1.142823e+00	7.982512e-01	
1  345.051	6.784888e+01	2.401945e+00	1.090064e-01	-8.574269e-01	-1.090574e+00	8.009361e-01	
1  343.89	6.785168e+01	2.417790e+00	1.077438e-01	-9.064757e-01	-9.968505e-01	8.110755e-01	
3  345.775	6.855693e+01	2.430833e+00	1.091424e-01	-8.855163e-01	-1.046252e+00	8.116945e-01	
1  344.064	6.789824e+01	2.405497e+00	1.066004e-01	-9.026803e-01	-1.078811e+00	8.196300e-01	
4  343.931	6.821983e+01	2.394362e+00	1.060883e-01	-9.412041e-01	-1.075119e+00	8.424130e-01	
1  345.28	6.812586e+01	2.379052e+00	1.089251e-01	-8.810120e-01	-1.067125e+00	8.395986e-01	
1  343.502	6.788785e+01	2.411113e+00	1.127325e-01	-9.313076e-01	-1.060582e+00	8.428814e-01	
1  343.917	6.838495e+01	2.429908e+00	1.135688e-01	-8.985699e-01	-1.118600e+00	8.434526e-01	
5  343.658	6.872584e+01	2.406312e+00	1.112126e-01	-9.422097e-01	-1.129400e+00	8.221514e-01	
1  343.84	6.852223e+01	2.421383e+00	1.096747e-01	-9.114150e-01	-1.198537e+00	8.356347e-01	
2  345.302	6.694694e+01	2.430671e+00	1.082448e-01	-8.341027e-01	-1.239614e+00	8.224478e-01	
2  344.495	6.765368e+01	2.417215e+00	1.076333e-01	-8.354120e-01	-1.343421e+00	8.187591e-01	
2  345.068	6.732459e+01	2.442136e+00	1.058554e-01	-8.076409e-01	-1.363130e+00	8.074153e-01	
2  344.58	6.738448e+01	2.452639e+00	1.071431e-01	-8.443998e-01	-1.374837e+00	8.218858e-01	
16  344.71	6.766850e+01	2.433767e+00	1.045206e-01	-8.386877e-01	-1.423762e+00	8.169392e-01	
3  346.265	6.689484e+01	2.477977e+00	1.028800e-01	-8.313638e-01	-1.347146e+00	8.019545e-01	
1  344.934	6.768682e+01	2.489669e+00	1.031680e-01	-8.231781e-01	-1.307525e+00	8.057795e-01	
6  345.023	6.764726e+01	2.469055e+00	1.080284e-01	-8.199961e-01	-1.233507e+00	8.224990e-01	
4  344.64	6.730975e+01	2.462182e+00	1.145908e-01	-8.716121e-01	-1.194515e+00	8.181704e-01	
1  346.163	6.740442e+01	2.476901e+00	1.139716e-01	-9.216033e-01	-1.165292e+00	8.113539e-01	
2  344.196	6.903159e+01	2.503487e+00	1.098571e-01	-9.620309e-01	-1.196109e+00	7.737231e-01	
1  343.72	6.878712e+01	2.492139e+00	1.110001e-01	-9.424830e-01	-1.170025e+00	7.881357e-01	
4  343.696	6.868506e+01	2.442863e+00	1.135136e-01	-9.231348e-01	-1.133358e+00	7.972869e-01	
2  343.664	6.770027e+01	2.444807e+00	1.127365e-01	-8.799291e-01	-1.111800e+00	7.883047e-01	
1  343.938	6.756994e+01	2.442119e+00	1.108856e-01	-9.119879e-01	-1.028434e+00	7.915749e-01	
4  343.488	6.787991e+01	2.450433e+00	1.088467e-01	-9.214303e-01	-9.906764e-01	7.700952e-01	
7  347.085	6.885495e+01	2.429057e+00	1.041468e-01	-9.062658e-01	-9.754002e-01	7.636354e-01	
1  345.592	6.722971e+01	2.397112e+00	1.047355e-01	-8.626376e-01	-9.945392e-01	7.542438e-01	
3  346.743	6.712165e+01	2.430403e+00	1.061251e-01	-8.070928e-01	-1.027876e+00	7.573562e-01	
1  344.184	6.792424e+01	2.452564e+00	1.080571e-01	-8.826388e-01	-9.595683e-01	7.545936e-01	
1  343.887	6.860703e+01	2.485034e+00	1.042720e-01	-9.368243e-01	-1.121433e+00	7.547198e-01	
2  343.684	6.874456e+01	2.555433e+00	1.106152e-01	-9.442088e-01	-1.091488e+00	7.545816e-01	
4  344.069	6.816765e+01	2.555903e+00	1.124569e-01	-9.292841e-01	-1.098728e+00	7.631885e-01	
1  344.099	6.782307e+01	2.522393e+00	1.119022e-01	-9.194628e-01	-1.064897e+00	7.551494e-01	
2  343.882	6.787040e+01	2.519496e+00	1.138695e-01	-9.008865e-01	-1.102659e+00	7.615423e-01	
2  344.394	6.894233e+01	2.484502e+00	1.166201e-01	-9.825229e-01	-1.105212e+00	7.559691e-01	
3  343.451	6.846754e+01	2.453238e+00	1.162366e-01	-9.314880e-01	-1.065519e+00	7.721346e-01	
5  345.381	6.792186e+01	2.435272e+00	1.169497e-01	-9.851429e-01	-9.875532e-01	8.010006e-01	
5  344.059	6.799669e+01	2.425327e+00	1.153209e-01	-9.603651e-01	-1.032700e+00	8.016784e-01	
1  343.23	6.819609e+01	2.433640e+00	1.133642e-01	-9.580538e-01	-9.597262e-01	8.154710e-01	
4  343.095	6.827604e+01	2.419466e+00	1.124660e-01	-9.645531e-01	-9.074020e-01	8.116367e-01	
1  347.148	6.732894e+01	2.441830e+00	1.122311e-01	-9.827753e-01	-8.870341e-01	8.074094e-01	
1  344.114	6.931365e+01	2.442998e+00	1.150192e-01	-9.963467e-01	-9.627592e-01	8.149185e-01	
2  343.384	6.837507e+01	2.447889e+00	1.146515e-01	-9.350802e-01	-9.234297e-01	8.099321e-01	
3  344.054	6.808309e+01	2.427018e+00	1.125068e-01	-9.041505e-01	-9.168990e-01	8.154790e-01	
1  343.519	6.795113e+01	2.454215e+00	1.157664e-01	-9.179719e-01	-9.055558e-01	7.968229e-01	
1  344.523	6.744788e+01	2.452086e+00	1.181777e-01	-9.111350e-01	-9.318072e-01	7.862744e-01	
3  344.574	6.764160e+01	2.430093e+00	1.168537e-01	-9.430162e-01	-9.873637e-01	7.765533e-01	
3  343.806	6.818905e+01	2.403145e+00	1.191126e-01	-9.568943e-01	-1.052101e+00	7.727304e-01	
1  344.136	6.807968e+01	2.431458e+00	1.196776e-01	-9.340438e-01	-1.117241e+00	7.733175e-01	
2  346.077	6.791840e+01	2.402011e+00	1.188810e-01	-9.791057e-01	-1.117212e+00	7.708925e-01	
1  344.74	6.949903e+01	2.355008e+00	1.182783e-01	-1.053229e+00	-1.023395e+00	7.887831e-01	
1  346.371	6.918334e+01	2.376900e+00	1.173782e-01	-1.082374e+00	-1.021633e+00	7.803488e-01	
3  345.411	6.907143e+01	2.404921e+00	1.171157e-01	-1.058989e+00	-1.000626e+00	7.735988e-01	
1  343.804	6.918928e+01	2.394450e+00	1.179326e-01	-1.005312e+00	-8.887695e-01	7.753530e-01	
5  343.618	6.846101e+01	2.380920e+00	1.164103e-01	-1.003759e+00	-9.477906e-01	7.753795e-01	
2  345.356	6.755566e+01	2.388949e+00	1.152756e-01	-9.900606e-01	-8.319462e-01	7.882013e-01	
1  344.819	6.724043e+01	2.377780e+00	1.169793e-01	-9.419613e-01	-7.795923e-01	7.862624e-01	
1  347.161	6.651257e+01	2.375187e+00	1.181791e-01	-8.735986e-01	-7.651662e-01	7.918516e-01	
6  343.93	6.785908e+01	2.360501e+00	1.165844e-01	-9.132272e-01	-8.659149e-01	7.904261e-01	
5  343.855	6.757764e+01	2.358785e+00	1.136069e-01	-9.239981e-01	-8.702443e-01	7.844453e-01	
1  344.405	6.729689e+01	2.377222e+00	1.142318e-01	-8.971107e-01	-8.831665e-01	7.785322e-01	
6  346.082	6.672296e+01	2.357641e+00	1.150535e-01	-8.685631e-01	-8.830518e-01	7.868316e-01	
2  345.101	6.817737e+01	2.346315e+00	1.112996e-01	-9.098847e-01	-8.850646e-01	7.944043e-01	
1  345.057	6.820873e+01	2.365872e+00	1.107971e-01	-8.946559e-01	-9.704981e-01	7.862333e-01	
2  344.35	6.788065e+01	2.377215e+00	1.076977e-01	-9.605555e-01	-1.015089e+00	7.685961e-01	
3  344.022	6.894037e+01	2.379690e+00	1.112130e-01	-9.638520e-01	-9.771399e-01	7.546164e-01	
1  346.023	6.889691e+01	2.353041e+00	1.123776e-01	-1.094918e+00	-8.978771e-01	7.563097e-01	
7  343.96	6.879042e+01	2.364704e+00	1.113792e-01	-1.035757e+00	-9.288882e-01	7.864855e-01	
1  347.224	7.041153e+01	2.385091e+00	1.111469e-01	-1.084714e+00	-9.564422e-01	7.718008e-01	
5  345.719	6.978621e+01	2.316200e+00	1.108510e-01	-1.045954e+00	-1.091792e+00	7.615546e-01	
4  347.738	7.046003e+01	2.337759e+00	1.131665e-01	-1.083632e+00	-1.102005e+00	7.808916e-01	
4  347.929	6.995861e+01	2.321595e+00	1.148391e-01	-1.125054e+00	-1.082472e+00	7.992235e-01	
1  348.853	6.939855e+01	2.349747e+00	1.141185e-01	-1.114929e+00	-1.086652e+00	8.122495e-01	
1  345.846	6.923539e+01	2.337006e+00	1.141162e-01	-1.075604e+00	-1.046417e+00	8.207444e-01	
2  344.694	6.958791e+01	2.326690e+00	1.157207e-01	-1.037611e+00	-1.060362e+00	8.173804e-01	
1  346.214	6.992020e+01	2.316205e+00	1.097707e-01	-1.070183e+00	-1.037741e+00	8.193855e-01	
2  347.898	7.029396e+01	2.349637e+00	1.109393e-01	-1.115854e+00	-1.043201e+00	8.193459e-01	
3  347.743	6.924047e+01	2.341609e+00	1.075530e-01	-1.104722e+00	-9.763385e-01	8.471678e-01	
2  348.788	7.072386e+01	2.328300e+00	1.102075e-01	-1.115823e+00	-9.601544e-01	8.511701e-01	
2  344.401	6.906705e+01	2.317004e+00	1.136950e-01	-1.057639e+00	-9.615594e-01	8.399887e-01	
1  343.678	6.854618e+01	2.314239e+00	1.155579e-01	-1.022157e+00	-9.547246e-01	8.363177e-01	
5  344.564	6.880272e+01	2.289983e+00	1.174714e-01	-1.056728e+00	-9.870075e-01	8.014550e-01	
3  343.481	6.860886e+01	2.330184e+00	1.155908e-01	-1.020853e+00	-9.307745e-01	8.155165e-01	
2  343.707	6.898308e+01	2.351329e+00	1.156759e-01	-9.826507e-01	-9.318107e-01	8.118959e-01	
5  343.992	6.876289e+01	2.357636e+00	1.164225e-01	-1.038042e+00	-9.361591e-01	7.883144e-01	
1  344.296	6.956280e+01	2.364045e+00	1.167497e-01	-1.053990e+00	-8.951423e-01	7.707910e-01	
1  343.62	6.911881e+01	2.367453e+00	1.164810e-01	-1.043073e+00	-8.714047e-01	7.933181e-01	
1  343.336	6.891791e+01	2.352785e+00	1.150250e-01	-1.024275e+00	-8.944358e-01	8.011053e-01	
1  344.05	6.931012e+01	2.322879e+00	1.136167e-01	-1.060370e+00	-8.927356e-01	8.208942e-01	
3  345.629	6.960295e+01	2.366472e+00	1.112490e-01	-1.005837e+00	-8.871257e-01	8.211234e-01	
5  344.206	6.947001e+01	2.356792e+00	1.120465e-01	-1.055355e+00	-8.652460e-01	8.252967e-01	
2  345.157	6.949428e+01	2.378535e+00	1.116889e-01	-1.096461e+00	-8.442462e-01	8.408615e-01	
3  344.322	6.891467e+01	2.358647e+00	1.093357e-01	-1.053170e+00	-8.767337e-01	8.619907e-01	
3  344.247	6.896132e+01	2.320855e+00	1.088085e-01	-1.053983e+00	-8.461584e-01	8.677089e-01	
3  344.556	6.900569e+01	2.366207e+00	1.120987e-01	-1.063346e+00	-8.885462e-01	8.816429e-01	
4  345.999	7.000111e+01	2.338050e+00	1.093371e-01	-1.073154e+00	-8.943570e-01	8.769449e-01	
5  343.848	6.870286e+01	2.301505e+00	1.109126e-01	-1.035181e+00	-8.805859e-01	9.105263e-01	
1  343.918	6.853989e+01	2.285258e+00	1.110853e-01	-1.032230e+00	-8.749525e-01	9.168756e-01	
3  345.016	6.841477e+01	2.304394e+00	1.075761e-01	-1.032708e+00	-9.188923e-01	9.376456e-01	
1  345.14	6.884691e+01	2.292575e+00	1.047449e-01	-1.026589e+00	-8.392176e-01	9.456039e-01	
1  345.636	6.904227e+01	2.292626e+00	1.035555e-01	-1.057122e+00	-7.919232e-01	9.523392e-01	
1  345.968	6.877593e+01	2.319830e+00	1.016310e-01	-1.017101e+00	-7.737363e-01	9.477217e-01	
1  346.044	6.820952e+01	2.303936e+00	1.018339e-01	-1.002584e+00	-7.310884e-01	9.732836e-01	
1  346.846	6.889922e+01	2.320012e+00	1.052097e-01	-9.805506e-01	-8.033039e-01	9.687198e-01	
6  346.576	6.790263e+01	2.312479e+00	1.044741e-01	-1.025188e+00	-8.724436e-01	9.508007e-01	
1  345.879	6.867905e+01	2.311898e+00	1.065838e-01	-1.056673e+00	-9.190153e-01	9.610460e-01	
7  346.232	6.945193e+01	2.323708e+00	1.043026e-01	-1.026167e+00	-8.816490e-01	9.707464e-01	
3  345.393	6.884608e+01	2.318083e+00	1.037289e-01	-1.047224e+00	-8.580438e-01	9.543137e-01	
1  347.879	6.950633e+01	2.320493e+00	1.059332e-01	-1.004898e+00	-8.017919e-01	9.527020e-01	
1  344.547	6.848768e+01	2.318516e+00	1.056923e-01	-9.914397e-01	-8.822147e-01	9.517076e-01	
1  348.147	6.980679e+01	2.320560e+00	1.049986e-01	-1.023866e+00	-8.436046e-01	9.470665e-01	
1  345.006	6.943828e+01	2.348794e+00	1.071401e-01	-1.031105e+00	-8.991751e-01	9.320389e-01	
1  345.034	6.937008e+01	2.370349e+00	1.086340e-01	-1.064514e+00	-9.217933e-01	9.362016e-01	
8  346.011	6.899401e+01	2.399550e+00	1.100225e-01	-1.067138e+00	-9.487643e-01	9.341547e-01	
1  348.056	7.051992e+01	2.409452e+00	1.121316e-01	-1.046209e+00	-9.999772e-01	9.351956e-01	
4  345.1	6.929036e+01	2.444765e+00	1.120593e-01	-1.040183e+00	-1.022123e+00	9.417034e-01	
2  343.406	6.803412e+01	2.447173e+00	1.110135e-01	-9.514057e-01	-1.005249e+00	9.457963e-01	
3  344.126	6.921026e+01	2.434157e+00	1.124125e-01	-9.814557e-01	-9.771271e-01	9.431808e-01	
2  343.217	6.812620e+01	2.428557e+00	1.147589e-01	-9.458276e-01	-9.709138e-01	9.243890e-01	
3  343.648	6.856797e+01	2.452278e+00	1.170604e-01	-9.830468e-01	-9.752030e-01	8.942036e-01	
4  343.339	6.838556e+01	2.478198e+00	1.120953e-01	-9.287227e-01	-1.060952e+00	9.005007e-01	
1  343.649	6.789445e+01	2.492057e+00	1.145539e-01	-9.057354e-01	-1.088838e+00	9.079552e-01	
1  343.765	6.857403e+01	2.486111e+00	1.118060e-01	-9.582630e-01	-1.133692e+00	8.906351e-01	
1  343.526	6.827707e+01	2.458794e+00	1.125695e-01	-9.156212e-01	-1.035170e+00	8.892427e-01	
1  344.482	6.890211e+01	2.470619e+00	1.109614e-01	-9.392513e-01	-9.800476e-01	9.078879e-01	
10  344.657	6.914104e+01	2.519845e+00	1.114619e-01	-1.026019e+00	-9.695054e-01	9.121559e-01	
1  345.897	6.976122e+01	2.503710e+00	1.085321e-01	-9.905318e-01	-9.518406e-01	9.238460e-01	
2  343.974	6.908269e+01	2.526267e+00	1.069905e-01	-9.676081e-01	-9.799169e-01	9.214009e-01	
1  344.557	6.773617e+01	2.549499e+00	1.126363e-01	-8.607198e-01	-1.040078e+00	9.132170e-01	
2  345.939	6.675289e+01	2.514274e+00	1.116544e-01	-8.679061e-01	-1.038804e+00	9.296776e-01	
2  345.152	6.709517e+01	2.479040e+00	1.126914e-01	-9.109785e-01	-9.511935e-01	9.175328e-01	
1  345.536	6.737398e+01	2.430896e+00	1.133201e-01	-9.557358e-01	-9.690652e-01	9.156397e-01	
2  344.713	6.862499e+01	2.406654e+00	1.126513e-01	-1.031483e+00	-9.626754e-01	8.972007e-01	
3  344.776	6.940553e+01	2.377199e+00	1.108030e-01	-1.000887e+00	-9.274222e-01	9.181333e-01	
1  344.654	6.787777e+01	2.421408e+00	1.133918e-01	-9.919628e-01	-9.061694e-01	8.833942e-01	
3  343.548	6.826618e+01	2.406925e+00	1.115297e-01	-9.964217e-01	-9.037496e-01	8.961071e-01	
2  344.141	6.937570e+01	2.355602e+00	1.131923e-01	-1.019855e+00	-9.705255e-01	8.863812e-01	
10  343.598	6.802783e+01	2.354739e+00	1.142557e-01	-9.788487e-01	-9.579113e-01	8.725018e-01	
1  343.872	6.820351e+01	2.345218e+00	1.160654e-01	-9.210148e-01	-9.763508e-01	8.565961e-01	
1  343.317	6.848049e+01	2.340737e+00	1.169511e-01	-9.553963e-01	-9.824601e-01	8.902105e-01	
2  343.265	6.846745e+01	2.344441e+00	1.161722e-01	-9.543576e-01	-1.009122e+00	8.878031e-01	
1  343.986	6.917021e+01	2.364981e+00	1.158170e-01	-1.003358e+00	-1.090533e+00	8.806530e-01	
2  344.588	6.936084e+01	2.368510e+00	1.167192e-01	-1.002503e+00	-1.172364e+00	8.756447e-01	
2  344.005	6.906721e+01	2.376642e+00	1.128002e-01	-9.801890e-01	-1.154985e+00	8.905694e-01	
6  343.812	6.900727e+01	2.339593e+00	1.137570e-01	-9.802938e-01	-1.110381e+00	8.757183e-01	
1  343.355	6.868104e+01	2.358308e+00	1.139409e-01	-9.724491e-01	-1.071625e+00	8.718293e-01	
3  344.235	6.925920e+01	2.401038e+00	1.141088e-01	-9.837700e-01	-1.125370e+00	8.968560e-01	
1  343.619	6.847057e+01	2.417442e+00	1.133125e-01	-9.612797e-01	-1.138653e+00	8.881931e-01	
4  344.187	6.849548e+01	2.442531e+00	1.141940e-01	-9.713423e-01	-1.151171e+00	9.047023e-01	
2  343.935	6.837149e+01	2.394640e+00	1.120051e-01	-9.195711e-01	-1.039435e+00	8.963482e-01	
1  344.031	6.804436e+01	2.391965e+00	1.125737e-01	-8.991233e-01	-1.068272e+00	9.170112e-01	
15  343.509	6.824852e+01	2.451301e+00	1.079720e-01	-9.353300e-01	-1.116046e+00	9.312347e-01	
3  343.919	6.872873e+01	2.437088e+00	1.102198e-01	-9.956869e-01	-1.050243e+00	9.238959e-01	
6  343.532	6.857370e+01	2.404553e+00	1.143167e-01	-9.395593e-01	-1.057415e+00	9.195842e-01	
8  343.537	6.788926e+01	2.426003e+00	1.104573e-01	-9.113876e-01	-1.061862e+00	9.072619e-01	
2  343.381	6.815263e+01	2.408527e+00	1.108387e-01	-9.450677e-01	-1.071638e+00	9.024271e-01	
6  344.023	6.928568e+01	2.388617e+00	1.138436e-01	-1.000651e+00	-9.994774e-01	9.131370e-01	
2  343.563	6.902120e+01	2.393445e+00	1.142729e-01	-1.003160e+00	-9.904522e-01	9.328870e-01	
2  343.495	6.879015e+01	2.380658e+00	1.120045e-01	-9.729648e-01	-1.021892e+00	9.264328e-01	
1  343.437	6.841869e+01	2.402950e+00	1.117186e-01	-9.627621e-01	-1.093459e+00	9.355557e-01	
4  343.22	6.842098e+01	2.426096e+00	1.120771e-01	-9.593007e-01	-1.032295e+00	9.496268e-01	
1  343.268	6.809261e+01	2.407908e+00	1.123125e-01	-9.504246e-01	-1.013695e+00	9.534079e-01	
3  343.58	6.804494e+01	2.440438e+00	1.083631e-01	-9.454972e-01	-1.058339e+00	9.566177e-01	
4  345.691	6.892350e+01	2.489050e+00	1.113442e-01	-9.061613e-01	-1.098205e+00	9.474822e-01	
2  343.956	6.842121e+01	2.478362e+00	1.110654e-01	-9.087523e-01	-1.072689e+00	9.387340e-01	
1  343.326	6.809054e+01	2.472850e+00	1.091728e-01	-9.276477e-01	-1.024076e+00	9.309690e-01	
5  344.497	6.722861e+01	2.466587e+00	1.092186e-01	-8.961773e-01	-1.029971e+00	9.425535e-01	
5  343.707	6.822566e+01	2.482542e+00	1.098407e-01	-9.132452e-01	-1.002895e+00	9.287507e-01	
2  343.377	6.810311e+01	2.476908e+00	1.077975e-01	-9.323484e-01	-1.031278e+00	9.477530e-01	
3  343.826	6.890919e+01	2.503896e+00	1.079860e-01	-9.873357e-01	-1.035416e+00	9.403583e-01	
1  344.031	6.895969e+01	2.515838e+00	1.098957e-01	-9.475173e-01	-1.019593e+00	9.386876e-01	
5  344.651	6.792985e+01	2.493965e+00	1.157902e-01	-8.790726e-01	-1.027615e+00	9.498926e-01	
3  343.658	6.776012e+01	2.504119e+00	1.123512e-01	-8.979897e-01	-1.070019e+00	9.395104e-01	
5  344.777	6.724673e+01	2.503183e+00	1.116754e-01	-8.564557e-01	-1.056534e+00	9.512699e-01	
4  345.189	6.787580e+01	2.536828e+00	1.101417e-01	-8.650655e-01	-9.896436e-01	9.393780e-01	
4  346.606	6.722031e+01	2.491019e+00	1.115887e-01	-8.412787e-01	-9.221452e-01	9.305081e-01	
1  345.587	6.774168e+01	2.470187e+00	1.096451e-01	-8.688137e-01	-9.527386e-01	9.270256e-01	
4  344.833	6.769161e+01	2.507897e+00	1.069331e-01	-8.750760e-01	-9.528753e-01	9.169860e-01	
2  343.374	6.801171e+01	2.479582e+00	1.076979e-01	-9.357911e-01	-9.242460e-01	9.032320e-01	
2  344.152	6.788475e+01	2.475742e+00	1.106598e-01	-9.710958e-01	-9.372246e-01	9.266023e-01	
1  346.31	6.889852e+01	2.481972e+00	1.130060e-01	-1.049401e+00	-9.771935e-01	9.191912e-01	
2  346.137	7.008728e+01	2.454933e+00	1.099937e-01	-1.037618e+00	-9.656104e-01	9.209901e-01	
1  346.676	7.009859e+01	2.475035e+00	1.108736e-01	-1.011269e+00	-1.006288e+00	9.260801e-01	
4  344.945	6.926586e+01	2.444395e+00	1.067054e-01	-1.052138e+00	-9.267441e-01	9.206357e-01	
2  344.015	6.901725e+01	2.464321e+00	1.054776e-01	-1.022213e+00	-8.994197e-01	9.320857e-01	
7  344.105	6.808751e+01	2.468837e+00	1.069179e-01	-1.000259e+00	-8.374196e-01	9.241736e-01	
1  343.924	6.869928e+01	2.455563e+00	1.069669e-01	-1.028898e+00	-8.446689e-01	9.165591e-01	
2  344.687	6.975236e+01	2.454727e+00	1.095539e-01	-1.053653e+00	-8.160969e-01	9.329990e-01	
1  343.903	6.898367e+01	2.443543e+00	1.087686e-01	-9.926374e-01	-7.866381e-01	9.246574e-01	
2  344.475	6.760437e+01	2.425972e+00	1.085583e-01	-9.757210e-01	-8.265858e-01	9.122361e-01	
1  345.691	6.741423e+01	2.439090e+00	1.083725e-01	-9.783272e-01	-8.579462e-01	9.220698e-01	
5  344.319	6.751206e+01	2.443838e+00	1.064869e-01	-9.448219e-01	-7.687381e-01	9.355722e-01	
1  344.786	6.724039e+01	2.416648e+00	1.101964e-01	-9.535292e-01	-7.252163e-01	9.513209e-01	
1  343.935	6.794342e+01	2.417284e+00	1.093630e-01	-9.462886e-01	-7.822152e-01	9.476609e-01	
2  344.639	6.745592e+01	2.431641e+00	1.082239e-01	-9.225196e-01	-7.851393e-01	9.424934e-01	
2  345.201	6.750796e+01	2.400610e+00	1.056597e-01	-9.761603e-01	-8.495977e-01	9.547221e-01	
3  345.454	6.882667e+01	2.401985e+00	1.058777e-01	-9.639721e-01	-8.577259e-01	9.817329e-01	
3  345.069	6.899738e+01	2.403518e+00	1.074635e-01	-9.752218e-01	-8.615803e-01	9.885661e-01	
10  343.99	6.914868e+01	2.407193e+00	1.065127e-01	-1.035510e+00	-8.084497e-01	9.917945e-01	
6  344.809	6.871232e+01	2.381579e+00	1.048393e-01	-1.049711e+00	-8.142028e-01	9.778435e-01	
6  344.932	6.867789e+01	2.362408e+00	1.027321e-01	-1.009255e+00	-9.269306e-01	9.858400e-01	
1  345.202	6.791842e+01	2.346698e+00	1.028573e-01	-9.694555e-01	-9.526304e-01	9.918878e-01	
4  345.855	6.703164e+01	2.375779e+00	1.057345e-01	-9.019187e-01	-9.729764e-01	9.878347e-01	
4  343.678	6.830332e+01	2.406941e+00	1.093399e-01	-9.391043e-01	-1.006127e+00	9.979746e-01	
4  343.463	6.840937e+01	2.432408e+00	1.076594e-01	-9.589214e-01	-9.650801e-01	9.850847e-01	
3  344.692	6.814806e+01	2.442467e+00	1.066796e-01	-9.975585e-01	-9.622327e-01	9.893306e-01	
1  344.704	6.773853e+01	2.466956e+00	1.021666e-01	-9.660020e-01	-9.024944e-01	9.995347e-01	
4  344.456	6.918632e+01	2.483294e+00	1.041002e-01	-9.914795e-01	-9.045168e-01	9.817190e-01	
2  344.439	6.781193e+01	2.485874e+00	1.020928e-01	-9.697661e-01	-8.700319e-01	9.867152e-01	
8  344.698	6.929143e+01	2.496860e+00	1.032497e-01	-1.036534e+00	-8.983748e-01	9.881137e-01	
10  345.316	6.944838e+01	2.444621e+00	1.033673e-01	-1.044958e+00	-9.303416e-01	9.813478e-01	
1  345.04	6.864242e+01	2.441113e+00	1.018704e-01	-1.033189e+00	-8.590834e-01	9.877596e-01	
1  344.075	6.840805e+01	2.444060e+00	1.027482e-01	-9.937915e-01	-8.765060e-01	9.806511e-01	
5  344.513	6.848161e+01	2.439323e+00	1.017542e-01	-1.010125e+00	-8.631229e-01	9.666125e-01	
1  344.575	6.865703e+01	2.430289e+00	1.014260e-01	-9.879003e-01	-8.894708e-01	9.768816e-01	
4  344.098	6.832037e+01	2.451148e+00	1.021612e-01	-9.817532e-01	-8.775614e-01	9.635214e-01	
1  343.581	6.801526e+01	2.516825e+00	1.042588e-01	-9.658001e-01	-8.633345e-01	9.637847e-01	
1  345.261	6.769664e+01	2.569357e+00	1.022081e-01	-9.686726e-01	-9.138042e-01	9.440775e-01	
3  344.407	6.787555e+01	2.549651e+00	1.026776e-01	-9.585505e-01	-9.687493e-01	9.552003e-01	
2  345.664	6.784109e+01	2.560375e+00	1.043219e-01	-8.574097e-01	-9.986501e-01	9.342860e-01	
2  345.364	6.770195e+01	2.534288e+00	1.019823e-01	-9.495454e-01	-1.054077e+00	9.431426e-01	
2  344.786	6.806231e+01	2.521142e+00	1.010467e-01	-8.984705e-01	-1.018485e+00	9.538710e-01	
1  345.216	6.810892e+01	2.534489e+00	9.794126e-02	-9.015351e-01	-1.032235e+00	9.527058e-01	
12  344.875	6.888012e+01	2.583195e+00	9.771915e-02	-9.466996e-01	-1.013349e+00	9.735539e-01	
2  346.011	6.829371e+01	2.563353e+00	1.008808e-01	-8.749308e-01	-1.050711e+00	9.493617e-01	
8  345.336	6.877605e+01	2.529000e+00	1.010633e-01	-9.158915e-01	-1.090047e+00	9.443283e-01	
2  344.772	6.815692e+01	2.537403e+00	1.016967e-01	-8.920018e-01	-1.045044e+00	9.518158e-01	
6  344.413	6.838854e+01	2.558882e+00	1.011732e-01	-9.129040e-01	-1.004223e+00	9.490937e-01	
1  346.422	6.853978e+01	2.603554e+00	1.029816e-01	-8.838249e-01	-9.739416e-01	9.638873e-01	
5  345.887	6.833409e+01	2.601567e+00	1.026593e-01	-8.753584e-01	-9.994375e-01	9.561722e-01	
2  343.514	6.796483e+01	2.611712e+00	1.028653e-01	-9.273867e-01	-9.927208e-01	9.636494e-01	
5  343.504	6.859440e+01	2.609249e+00	1.043712e-01	-9.886438e-01	-8.804523e-01	9.557311e-01	
1  343.473	6.893925e+01	2.622431e+00	1.067329e-01	-9.737266e-01	-8.877816e-01	9.402745e-01	
1  343.39	6.830198e+01	2.635507e+00	1.044346e-01	-9.452186e-01	-9.721667e-01	9.124960e-01	
6  345.647	6.938184e+01	2.610241e+00	1.019345e-01	-9.486620e-01	-9.710732e-01	9.023156e-01	
1  343.938	6.852546e+01	2.612781e+00	1.015808e-01	-9.129274e-01	-1.010602e+00	8.922827e-01	
1  344.336	6.812244e+01	2.624657e+00	9.876455e-02	-8.877544e-01	-9.940802e-01	8.799165e-01	
9  344.201	6.748862e+01	2.647489e+00	9.924909e-02	-8.870399e-01	-9.138721e-01	8.786658e-01	
1  344.465	6.745918e+01	2.667894e+00	9.823659e-02	-9.227497e-01	-8.198265e-01	8.703690e-01	
1  345.81	6.683515e+01	2.658941e+00	1.006853e-01	-8.870433e-01	-7.595002e-01	8.657751e-01	
2  344.753	6.719554e+01	2.697769e+00	1.007268e-01	-8.848194e-01	-7.119671e-01	8.596534e-01	
3  345.384	6.698352e+01	2.695888e+00	9.851093e-02	-8.555421e-01	-8.441323e-01	8.790079e-01	
1  344.988	6.748429e+01	2.699304e+00	9.410487e-02	-8.733945e-01	-8.763405e-01	8.866588e-01	
6  344.766	6.759789e+01	2.712655e+00	9.378604e-02	-9.371593e-01	-7.981402e-01	8.789673e-01	
1  344.468	6.820644e+01	2.698930e+00	9.510062e-02	-9.074728e-01	-8.233086e-01	8.798669e-01	
2  344.356	6.823054e+01	2.685854e+00	9.345054e-02	-9.284022e-01	-8.338984e-01	9.031655e-01	
1  344.621	6.771659e+01	2.711485e+00	9.586450e-02	-9.476445e-01	-8.449167e-01	9.150994e-01	
1  344.787	6.734824e+01	2.708977e+00	9.830987e-02	-9.197753e-01	-8.515251e-01	9.152373e-01	
3  345.026	6.772023e+01	2.707332e+00	9.949124e-02	-8.725740e-01	-8.019685e-01	9.178472e-01	
1  345.954	6.703641e+01	2.698228e+00	9.630126e-02	-8.590386e-01	-8.173324e-01	9.410783e-01	
1  345.171	6.795276e+01	2.746617e+00	9.840312e-02	-8.812869e-01	-7.715827e-01	9.382663e-01	
2  345.608	6.822086e+01	2.743229e+00	9.810698e-02	-8.826321e-01	-8.222349e-01	9.551406e-01	
2  343.709	6.820608e+01	2.739932e+00	9.819259e-02	-9.184956e-01	-7.933689e-01	9.568045e-01	
2  343.644	6.881674e+01	2.742132e+00	9.679122e-02	-9.545191e-01	-8.667129e-01	9.601407e-01	
1  344.282	6.919674e+01	2.795224e+00	9.783991e-02	-9.525703e-01	-8.903892e-01	9.685671e-01	
1  344.164	6.901168e+01	2.796088e+00	1.006016e-01	-9.323669e-01	-9.383932e-01	9.661462e-01	
1  344.555	6.888337e+01	2.829933e+00	9.882014e-02	-8.974209e-01	-1.066042e+00	9.716757e-01	
1  343.679	6.822014e+01	2.846489e+00	9.731377e-02	-8.810774e-01	-9.904354e-01	9.548767e-01	
4  344.363	6.827409e+01	2.846736e+00	9.838589e-02	-8.667811e-01	-9.717620e-01	9.461721e-01	
3  343.709	6.786642e+01	2.819677e+00	9.554248e-02	-8.801644e-01	-1.064696e+00	9.705159e-01	
1  343.889	6.852244e+01	2.815763e+00	9.521095e-02	-9.106113e-01	-1.108393e+00	9.628379e-01	
9  344.439	6.735347e+01	2.814797e+00	9.439705e-02	-8.473207e-01	-1.107299e+00	9.432293e-01	
1  344.541	6.796458e+01	2.799221e+00	9.087934e-02	-8.651073e-01	-1.074052e+00	9.485695e-01	
2  347.434	6.856422e+01	2.828404e+00	9.141032e-02	-8.428491e-01	-1.083062e+00	9.614506e-01	
3  345.044	6.904234e+01	2.857989e+00	8.869977e-02	-9.289340e-01	-9.971951e-01	9.657477e-01	
4  344.436	6.866885e+01	2.871117e+00	8.895173e-02	-9.310044e-01	-1.042460e+00	9.790495e-01	
2  344.476	6.849886e+01	2.855910e+00	9.045474e-02	-9.425618e-01	-1.019333e+00	9.834668e-01	
3  347.149	6.976319e+01	2.885323e+00	9.089496e-02	-9.892371e-01	-1.101176e+00	9.721827e-01	
1  345.827	6.928388e+01	2.853263e+00	8.786915e-02	-9.368789e-01	-1.003804e+00	9.599864e-01	
1  344.81	6.878147e+01	2.864522e+00	8.786975e-02	-9.400471e-01	-1.036534e+00	9.564765e-01	
2  346.749	6.853078e+01	2.894857e+00	8.629093e-02	-9.670448e-01	-1.034210e+00	9.313162e-01	
11  344.337	6.871218e+01	2.899631e+00	8.806110e-02	-9.348705e-01	-9.934620e-01	9.478538e-01	
4  346.36	6.904881e+01	2.888535e+00	8.313726e-02	-9.355304e-01	-1.105972e+00	9.552424e-01	
1  346.571	6.793556e+01	2.875473e+00	8.414579e-02	-9.294604e-01	-1.050202e+00	9.749192e-01	
1  345.266	6.872027e+01	2.871979e+00	8.631692e-02	-9.040120e-01	-1.016686e+00	9.721683e-01	
1  346.159	6.938681e+01	2.866641e+00	8.778151e-02	-9.358695e-01	-1.000772e+00	9.652358e-01	
1  345.373	6.949138e+01	2.875457e+00	9.181941e-02	-9.812369e-01	-9.850684e-01	9.789700e-01	
3  345.809	6.795203e+01	2.875936e+00	9.162344e-02	-9.303480e-01	-1.063958e+00	9.658633e-01	
6  345	6.860500e+01	2.910300e+00	8.770430e-02	-9.322216e-01	-1.089802e+00	9.704052e-01	
2  343.92	6.792179e+01	2.942379e+00	8.988447e-02	-8.882538e-01	-1.038525e+00	9.919061e-01	
5  344.426	6.786486e+01	2.923860e+00	8.947635e-02	-9.023026e-01	-1.032632e+00	9.868277e-01	
3  344.33	6.735395e+01	2.951465e+00	8.984523e-02	-8.550894e-01	-9.742099e-01	9.769838e-01	
5  344.431	6.741801e+01	2.957010e+00	9.591949e-02	-8.408520e-01	-9.290625e-01	9.717160e-01	
2  347.338	6.645396e+01	2.930705e+00	1.001837e-01	-8.209082e-01	-8.956940e-01	9.713119e-01	
2  346.504	6.732221e+01	2.905920e+00	9.941750e-02	-8.136192e-01	-8.467103e-01	9.506405e-01	
3  345.586	6.726380e+01	2.901978e+00	1.006220e-01	-8.260066e-01	-8.668369e-01	9.504178e-01	
1  345.322	6.706477e+01	2.909380e+00	9.946720e-02	-8.271889e-01	-8.965214e-01	9.401637e-01	
2  345.359	6.720397e+01	2.921897e+00	9.879142e-02	-8.850057e-01	-8.660646e-01	9.462553e-01	
1  344.74	6.780494e+01	2.937989e+00	9.827880e-02	-8.519249e-01	-8.410136e-01	9.532361e-01	
2  345.253	6.724454e+01	2.940477e+00	9.581347e-02	-8.752848e-01	-9.653591e-01	9.516092e-01	
5  344.326	6.816675e+01	2.903555e+00	9.247938e-02	-9.372077e-01	-9.484399e-01	9.648956e-01	
2  343.689	6.773495e+01	2.894548e+00	9.499865e-02	-8.978865e-01	-8.880514e-01	9.417988e-01	
4  345.102	6.700551e+01	2.888172e+00	9.480024e-02	-8.442484e-01	-8.401537e-01	9.337147e-01	
3  345.362	6.695085e+01	2.884252e+00	9.293110e-02	-8.470082e-01	-8.204013e-01	9.458173e-01	
1  345.894	6.694874e+01	2.905776e+00	9.099747e-02	-8.335521e-01	-8.171516e-01	9.585348e-01	
2  344.378	6.726956e+01	2.892192e+00	9.369148e-02	-8.802532e-01	-8.025642e-01	9.525222e-01	
5  343.944	6.771486e+01	2.930868e+00	9.442371e-02	-8.804244e-01	-7.443496e-01	9.453141e-01	
1  343.27	6.818202e+01	2.976053e+00	9.123855e-02	-9.137174e-01	-7.236712e-01	9.456941e-01	
2  343.299	6.862959e+01	3.004599e+00	8.890446e-02	-9.490372e-01	-7.663084e-01	9.688418e-01	
2  344.099	6.856937e+01	2.990765e+00	8.964705e-02	-9.055819e-01	-7.715700e-01	9.614038e-01	
1  345.19	6.798160e+01	3.015868e+00	9.101807e-02	-9.563074e-01	-7.815485e-01	9.597292e-01	
1  345.728	6.759760e+01	2.992213e+00	8.914177e-02	-9.471771e-01	-7.485657e-01	9.515562e-01	
1  344.987	6.921407e+01	2.996785e+00	9.304974e-02	-1.022657e+00	-6.948690e-01	9.442322e-01	
1  345.426	6.866579e+01	3.041441e+00	9.007059e-02	-9.997016e-01	-7.300615e-01	9.415606e-01	
1  343.806	6.841782e+01	3.065661e+00	8.981300e-02	-9.651191e-01	-6.826756e-01	9.224146e-01	
2  343.594	6.860527e+01	3.068988e+00	8.992447e-02	-9.771092e-01	-6.289931e-01	9.123061e-01	
1  344.078	6.912521e+01	3.043996e+00	9.224575e-02	-9.972811e-01	-6.631696e-01	9.038734e-01	
1  350.747	7.011428e+01	3.044252e+00	9.705772e-02	-9.442845e-01	-5.974331e-01	9.102321e-01	
3  348.451	7.030691e+01	3.022771e+00	9.799668e-02	-1.000962e+00	-5.139899e-01	9.201289e-01	
1  343.776	6.863478e+01	2.992075e+00	9.771878e-02	-1.005313e+00	-4.757903e-01	9.097312e-01	
20  343.982	6.802891e+01	2.963115e+00	9.827744e-02	-9.900784e-01	-3.852633e-01	9.157554e-01	
3  343.744	6.870051e+01	2.978264e+00	9.704030e-02	-1.020137e+00	-4.481018e-01	9.230739e-01	
1  343.537	6.839719e+01	2.956821e+00	1.000374e-01	-9.948649e-01	-3.674863e-01	9.323533e-01	
1  343.393	6.852887e+01	2.962290e+00	9.901418e-02	-9.862344e-01	-3.693791e-01	9.217002e-01	
1  344.793	6.758161e+01	2.980282e+00	9.837014e-02	-9.569871e-01	-4.268854e-01	9.099961e-01	
2  343.603	6.885851e+01	2.991995e+00	9.607854e-02	-9.676491e-01	-4.645295e-01	8.980991e-01	
2  343.316	6.898043e+01	3.000930e+00	9.530349e-02	-9.982227e-01	-4.972987e-01	8.996341e-01	
3  343.088	6.871788e+01	3.016845e+00	9.311120e-02	-9.649722e-01	-5.440135e-01	8.880918e-01	
2  343.177	6.861786e+01	2.997040e+00	8.911580e-02	-9.576034e-01	-5.301565e-01	8.834628e-01	
7  344.729	6.955347e+01	3.001631e+00	8.677327e-02	-9.997310e-01	-5.293868e-01	9.045434e-01	
1  344.377	6.902939e+01	3.007581e+00	8.595225e-02	-9.516619e-01	-6.196752e-01	9.121014e-01	
2  344.216	6.816211e+01	3.021911e+00	8.293036e-02	-9.692403e-01	-5.949440e-01	8.907835e-01	
2  344.103	6.795167e+01	3.025253e+00	8.320552e-02	-9.547299e-01	-5.766195e-01	9.019445e-01	
1  344.09	6.893113e+01	3.037247e+00	8.383431e-02	-1.011584e+00	-5.791375e-01	9.356024e-01	
1  344.209	6.887900e+01	3.051651e+00	8.411138e-02	-1.017915e+00	-5.570125e-01	9.384500e-01	
1  343.66	6.861432e+01	3.049273e+00	8.234695e-02	-9.731495e-01	-5.921334e-01	9.252068e-01	
1  344.065	6.813309e+01	3.031945e+00	8.171477e-02	-9.640879e-01	-5.691266e-01	9.323610e-01	
1  344.483	6.754286e+01	3.010827e+00	8.361739e-02	-9.193520e-01	-6.122313e-01	9.192708e-01	
7  344.47	6.735635e+01	3.015161e+00	8.637338e-02	-9.018308e-01	-6.424738e-01	9.125371e-01	
2  345.881	6.737199e+01	3.024521e+00	8.705717e-02	-8.554035e-01	-5.864046e-01	9.222583e-01	
6  345.44	6.721998e+01	3.032297e+00	8.684039e-02	-8.671056e-01	-5.561613e-01	9.225683e-01	
1  344.961	6.734248e+01	3.005478e+00	8.318405e-02	-9.017835e-01	-6.510284e-01	9.214156e-01	
1  343.806	6.792435e+01	3.048617e+00	8.835376e-02	-8.846079e-01	-6.530620e-01	9.013730e-01	
6  343.49	6.812672e+01	3.011443e+00	9.018173e-02	-9.018393e-01	-6.611299e-01	9.025771e-01	
1  343.74	6.764624e+01	2.978896e+00	9.403629e-02	-9.157847e-01	-5.871700e-01	8.960801e-01	
1  343.09	6.820322e+01	3.005543e+00	9.026682e-02	-9.424623e-01	-6.180314e-01	9.009220e-01	
2  343.16	6.874704e+01	3.001043e+00	8.889872e-02	-9.736838e-01	-6.076943e-01	9.021470e-01	
2  343.726	6.908053e+01	3.049559e+00	8.668737e-02	-9.626525e-01	-6.213394e-01	9.036023e-01	
2  344.663	6.937349e+01	3.054974e+00	8.595547e-02	-9.593577e-01	-6.736527e-01	9.116033e-01	
2  345.83	6.828357e+01	3.066592e+00	8.596116e-02	-1.004926e+00	-6.073893e-01	9.242836e-01	
1  343.933	6.801249e+01	3.051226e+00	8.480870e-02	-9.590064e-01	-6.233266e-01	9.607771e-01	
2  343.359	6.816645e+01	3.094537e+00	8.508605e-02	-9.473503e-01	-6.366053e-01	9.578651e-01	
4  343.669	6.900934e+01	3.092915e+00	8.357420e-02	-9.845479e-01	-6.353529e-01	9.600478e-01	
6  344.738	6.938573e+01	3.071477e+00	8.128152e-02	-9.979174e-01	-6.803083e-01	9.926454e-01	
1  344.426	6.896786e+01	3.057833e+00	8.495436e-02	-9.886544e-01	-7.603833e-01	9.905704e-01	
7  344.304	6.798892e+01	3.046246e+00	8.484534e-02	-9.384632e-01	-7.999819e-01	9.934007e-01	
1  343.28	6.831314e+01	3.051076e+00	8.860517e-02	-9.103477e-01	-7.875796e-01	9.885717e-01	
3  343.382	6.795271e+01	3.090974e+00	8.683473e-02	-8.937569e-01	-7.822219e-01	9.785764e-01	
7  343.403	6.829495e+01	3.126202e+00	8.665579e-02	-9.158501e-01	-8.323497e-01	9.895028e-01	
1  345.328	6.868517e+01	3.130549e+00	8.917946e-02	-8.733548e-01	-8.172675e-01	9.842635e-01	
2  343.798	6.792746e+01	3.108080e+00	9.009035e-02	-9.003777e-01	-8.533553e-01	9.854082e-01	
3  343.941	6.866416e+01	3.119670e+00	8.946730e-02	-8.896185e-01	-9.537191e-01	9.889295e-01	
4  343.781	6.786245e+01	3.124043e+00	8.979818e-02	-8.743881e-01	-9.200908e-01	9.787047e-01	
2  344.114	6.829272e+01	3.106239e+00	9.205044e-02	-8.583841e-01	-9.498073e-01	9.616224e-01	
5  343.703	6.829641e+01	3.128399e+00	8.761392e-02	-8.691529e-01	-9.368683e-01	9.697782e-01	
2  344.12	6.843756e+01	3.113067e+00	8.549970e-02	-9.045557e-01	-1.008041e+00	9.647407e-01	
2  344.945	6.892208e+01	3.131023e+00	8.698649e-02	-9.336693e-01	-1.002696e+00	9.470100e-01	
1  345.409	6.928510e+01	3.119785e+00	8.705677e-02	-8.951493e-01	-1.043899e+00	9.541759e-01	
3  345.395	6.816180e+01	3.131785e+00	8.544219e-02	-9.203519e-01	-9.779331e-01	9.522078e-01	
4  345.591	6.923367e+01	3.170113e+00	8.480677e-02	-9.435664e-01	-1.013401e+00	9.521868e-01	
1  344.428	6.849211e+01	3.178656e+00	8.227607e-02	-8.980167e-01	-1.037768e+00	9.593341e-01	
4  344.569	6.854371e+01	3.198251e+00	8.532345e-02	-8.371929e-01	-1.118187e+00	9.470463e-01	
2  345.099	6.829308e+01	3.200811e+00	8.377712e-02	-8.181354e-01	-1.047214e+00	9.609932e-01	
2  344.339	6.788249e+01	3.193260e+00	7.860030e-02	-8.355976e-01	-1.068937e+00	9.483576e-01	
3  343.975	6.825650e+01	3.206303e+00	8.029667e-02	-8.610830e-01	-1.026225e+00	9.599628e-01	
4  344.099	6.759517e+01	3.217799e+00	8.346133e-02	-8.191918e-01	-1.017594e+00	9.553325e-01	
3  344.605	6.899506e+01	3.239258e+00	8.155022e-02	-9.018300e-01	-1.010192e+00	9.576712e-01	
2  344.328	6.815183e+01	3.253504e+00	8.071672e-02	-8.853809e-01	-9.918216e-01	9.693909e-01	
3  344.456	6.879342e+01	3.251890e+00	8.124399e-02	-8.975314e-01	-1.024567e+00	9.760382e-01	
1  347.125	6.973194e+01	3.265359e+00	8.355148e-02	-8.950305e-01	-1.083050e+00	9.607141e-01	
1  348.697	6.943218e+01	3.252573e+00	8.749130e-02	-8.408931e-01	-1.097779e+00	9.807317e-01	
3  346.445	6.850818e+01	3.260409e+00	8.679534e-02	-9.224899e-01	-1.009073e+00	9.779919e-01	
1  347.608	6.800210e+01	3.236560e+00	8.861662e-02	-9.195193e-01	-9.624271e-01	9.612460e-01	
1  347.375	6.697455e+01	3.234251e+00	8.978120e-02	-8.373240e-01	-1.014597e+00	9.727396e-01	
2  347.539	6.733619e+01	3.256365e+00	9.084174e-02	-8.602311e-01	-9.931851e-01	9.520413e-01	
3  346.719	6.886248e+01	3.292034e+00	9.064519e-02	-9.399259e-01	-9.006902e-01	9.511757e-01	
2  345.22	6.868305e+01	3.256366e+00	9.205657e-02	-9.041904e-01	-9.219144e-01	9.691135e-01	
2  344.718	6.846124e+01	3.246404e+00	9.205430e-02	-8.673085e-01	-8.615553e-01	9.570495e-01	
1  345.778	6.905768e+01	3.253061e+00	9.441896e-02	-9.192103e-01	-8.530671e-01	9.684396e-01	
1  345.104	6.867640e+01	3.267838e+00	9.210309e-02	-9.014408e-01	-8.909139e-01	9.662332e-01	
7  344.766	6.872944e+01	3.247704e+00	9.167440e-02	-8.870292e-01	-8.195612e-01	9.678828e-01	
4  347.269	6.916113e+01	3.191163e+00	8.979030e-02	-8.772018e-01	-7.880909e-01	9.718786e-01	
8  343.679	6.825336e+01	3.189347e+00	8.985130e-02	-8.847252e-01	-8.126163e-01	9.632090e-01	
1  344.756	6.857269e+01	3.211759e+00	9.016226e-02	-8.724818e-01	-7.517964e-01	9.381759e-01	
5  344.63	6.882524e+01	3.169683e+00	9.029716e-02	-8.921572e-01	-7.481045e-01	9.299665e-01	
1  343.759	6.878415e+01	3.211030e+00	8.846203e-02	-9.153373e-01	-6.979098e-01	9.358158e-01	
5  344.434	6.753479e+01	3.203704e+00	9.018967e-02	-8.694333e-01	-6.072796e-01	9.404742e-01	
3  344.54	6.878298e+01	3.232195e+00	9.136348e-02	-9.040776e-01	-6.410581e-01	9.131800e-01	
2  343.561	6.807756e+01	3.215780e+00	8.891242e-02	-9.068835e-01	-6.385951e-01	9.074439e-01	
1  343.315	6.820231e+01	3.206317e+00	8.717602e-02	-8.984671e-01	-6.283631e-01	8.988683e-01	
1  344.225	6.834250e+01	3.177163e+00	8.721304e-02	-8.791815e-01	-6.424653e-01	9.073676e-01	
3  345.033	6.717158e+01	3.211348e+00	8.890272e-02	-8.601984e-01	-6.549315e-01	9.060675e-01	
1  343.41	6.796513e+01	3.211118e+00	8.692833e-02	-8.907155e-01	-6.515390e-01	9.095734e-01	
10  343.359	6.862791e+01	3.227388e+00	8.752302e-02	-9.384407e-01	-6.288204e-01	9.349080e-01	
3  343.166	6.809467e+01	3.225995e+00	8.417590e-02	-9.119088e-01	-6.108197e-01	9.275535e-01	
1  343.375	6.800651e+01	3.245902e+00	8.356376e-02	-8.996953e-01	-6.901197e-01	9.086080e-01	
