1  348.13	6.792799e+01	2.186901e+00	1.223054e-01	-9.436267e-01	-3.595166e-01	6.867207e-01	
3  346.68	6.719654e+01	2.194549e+00	1.248626e-01	-9.399060e-01	-3.937706e-01	7.026627e-01	
2  346.865	6.706006e+01	2.192740e+00	1.207485e-01	-1.045652e+00	-4.036305e-01	6.926732e-01	
2  345.427	6.741025e+01	2.211654e+00	1.213645e-01	-1.064787e+00	-3.159138e-01	7.242565e-01	
3  345.235	6.737277e+01	2.258673e+00	1.199348e-01	-1.038408e+00	-3.842845e-01	7.283621e-01	
2  344.664	6.746994e+01	2.228018e+00	1.219560e-01	-1.029383e+00	-4.044606e-01	7.098996e-01	
1  343.651	6.865685e+01	2.207503e+00	1.215440e-01	-1.144722e+00	-4.077203e-01	6.738874e-01	
1  344.306	6.896347e+01	2.187783e+00	1.174247e-01	-1.166308e+00	-5.127674e-01	6.775654e-01	
7  344.156	6.930254e+01	2.183114e+00	1.170060e-01	-1.186181e+00	-4.252200e-01	6.872255e-01	
3  344.985	6.971633e+01	2.164001e+00	1.186545e-01	-1.235380e+00	-4.207675e-01	6.676738e-01	
3  345.472	6.989099e+01	2.168126e+00	1.198807e-01	-1.242323e+00	-4.687812e-01	6.866665e-01	
5  345.508	7.004866e+01	2.167212e+00	1.239145e-01	-1.242499e+00	-4.865179e-01	6.920158e-01	
3  345.911	6.952437e+01	2.156478e+00	1.225248e-01	-1.250177e+00	-4.443212e-01	6.948904e-01	
1  346.368	7.014593e+01	2.133038e+00	1.227440e-01	-1.272382e+00	-4.698164e-01	7.083293e-01	
1  346.898	7.014035e+01	2.159584e+00	1.203697e-01	-1.274521e+00	-4.733328e-01	7.158109e-01	
3  344.526	6.974087e+01	2.140410e+00	1.186061e-01	-1.193058e+00	-4.532805e-01	7.368844e-01	
3  344.076	6.901622e+01	2.165727e+00	1.146564e-01	-1.130253e+00	-3.449931e-01	7.375473e-01	
2  344.053	6.905709e+01	2.172346e+00	1.153399e-01	-1.132830e+00	-2.817934e-01	7.224672e-01	
2  345.823	7.024677e+01	2.161056e+00	1.176656e-01	-1.210565e+00	-2.779784e-01	7.143605e-01	
1  346.177	6.926917e+01	2.184747e+00	1.150105e-01	-1.082596e+00	-3.265362e-01	7.171769e-01	
1  343.184	6.898980e+01	2.202201e+00	1.199189e-01	-1.122535e+00	-3.321607e-01	6.960778e-01	
3  344.784	6.980094e+01	2.151494e+00	1.216569e-01	-1.150131e+00	-3.751789e-01	7.100832e-01	
1  344.621	6.971485e+01	2.146885e+00	1.201646e-01	-1.223549e+00	-3.988897e-01	7.102593e-01	
1  344.602	7.000250e+01	2.130834e+00	1.226082e-01	-1.220412e+00	-3.448928e-01	6.897615e-01	
11  343.349	6.925774e+01	2.146246e+00	1.220693e-01	-1.163570e+00	-3.484245e-01	6.847926e-01	
1  343.655	6.939013e+01	2.129867e+00	1.268427e-01	-1.152254e+00	-2.933414e-01	6.940244e-01	
4  343.516	6.910264e+01	2.135321e+00	1.265426e-01	-1.121987e+00	-3.129523e-01	7.004107e-01	
5  343.071	6.870091e+01	2.131247e+00	1.261021e-01	-1.133634e+00	-3.597302e-01	6.955828e-01	
1  343.423	6.871974e+01	2.114748e+00	1.263760e-01	-1.166503e+00	-3.262205e-01	6.949796e-01	
1  343.743	6.819704e+01	2.101128e+00	1.234722e-01	-1.092510e+00	-2.577079e-01	7.103504e-01	
1  343.587	6.824256e+01	2.096543e+00	1.235511e-01	-1.117901e+00	-2.378810e-01	6.987766e-01	
1  343.839	6.825383e+01	2.071123e+00	1.228134e-01	-1.139865e+00	-2.921260e-01	6.900463e-01	
3  343.635	6.897012e+01	2.096185e+00	1.224523e-01	-1.125854e+00	-3.200731e-01	6.806632e-01	
1  343.805	6.872567e+01	2.118308e+00	1.225476e-01	-1.185500e+00	-3.017907e-01	6.699907e-01	
3  343.947	6.963904e+01	2.188659e+00	1.222566e-01	-1.169246e+00	-2.769392e-01	6.591997e-01	
1  344.016	6.954563e+01	2.177570e+00	1.232841e-01	-1.218376e+00	-3.327535e-01	6.625060e-01	
4  343.756	6.916319e+01	2.161826e+00	1.248545e-01	-1.205439e+00	-2.998253e-01	6.638629e-01	
1  343.665	6.903483e+01	2.198077e+00	1.245549e-01	-1.185051e+00	-3.051497e-01	6.674958e-01	
3  343.802	6.962427e+01	2.214081e+00	1.213430e-01	-1.161590e+00	-3.568500e-01	6.838112e-01	
8  344.517	6.968673e+01	2.185751e+00	1.197827e-01	-1.136921e+00	-4.111339e-01	6.768952e-01	
3  344.222	6.963200e+01	2.181204e+00	1.207407e-01	-1.141653e+00	-4.041230e-01	6.653474e-01	
1  344.248	6.920605e+01	2.200526e+00	1.204353e-01	-1.191805e+00	-4.537824e-01	6.630245e-01	
2  343.379	6.905889e+01	2.184376e+00	1.184617e-01	-1.139788e+00	-4.521170e-01	6.702001e-01	
2  344.267	6.911281e+01	2.145569e+00	1.180286e-01	-1.199526e+00	-3.915812e-01	6.559970e-01	
1  344.779	6.978778e+01	2.200163e+00	1.147152e-01	-1.212922e+00	-3.301230e-01	6.605800e-01	
1  345.183	7.007900e+01	2.236634e+00	1.165274e-01	-1.181258e+00	-3.972425e-01	6.495597e-01	
3  343.749	6.929282e+01	2.253578e+00	1.191758e-01	-1.177386e+00	-3.902012e-01	6.548315e-01	
2  343.15	6.826396e+01	2.258645e+00	1.195423e-01	-1.066664e+00	-4.107234e-01	6.440042e-01	
4  343.504	6.795697e+01	2.260740e+00	1.214916e-01	-1.037370e+00	-4.584876e-01	6.486660e-01	
3  343.25	6.819094e+01	2.259142e+00	1.226460e-01	-1.026168e+00	-4.648123e-01	6.237897e-01	
5  343.032	6.889305e+01	2.280692e+00	1.213786e-01	-1.092984e+00	-4.292335e-01	6.308328e-01	
1  344.934	6.943164e+01	2.244156e+00	1.189043e-01	-1.085925e+00	-3.591705e-01	6.388318e-01	
2  346.659	6.824339e+01	2.247440e+00	1.132363e-01	-1.163804e+00	-4.289480e-01	6.442517e-01	
1  344.514	6.838228e+01	2.231513e+00	1.181274e-01	-1.156719e+00	-3.243130e-01	6.351216e-01	
5  343.957	6.934101e+01	2.258001e+00	1.137601e-01	-1.183483e+00	-3.118701e-01	6.423026e-01	
3  346.231	6.942431e+01	2.254405e+00	1.093566e-01	-1.234982e+00	-3.766148e-01	6.345260e-01	
2  346.13	6.953252e+01	2.271892e+00	1.098881e-01	-1.243270e+00	-3.805468e-01	6.111041e-01	
1  344.92	6.938678e+01	2.265964e+00	1.125374e-01	-1.199291e+00	-4.574930e-01	6.205104e-01	
2  345.666	6.986206e+01	2.293553e+00	1.130100e-01	-1.220965e+00	-5.071148e-01	6.242234e-01	
1  346.24	6.945496e+01	2.282605e+00	1.119290e-01	-1.217760e+00	-5.396734e-01	6.294998e-01	
1  346.489	7.031504e+01	2.310380e+00	1.126056e-01	-1.221261e+00	-5.685040e-01	6.205421e-01	
1  348.255	6.928551e+01	2.332417e+00	1.180662e-01	-1.220827e+00	-6.515256e-01	6.217014e-01	
4  345.197	6.990100e+01	2.336471e+00	1.176595e-01	-1.159214e+00	-6.997277e-01	6.281089e-01	
6  344.85	6.969018e+01	2.330794e+00	1.228023e-01	-1.133201e+00	-7.094400e-01	6.216315e-01	
1  346.165	7.017650e+01	2.337470e+00	1.219170e-01	-1.095993e+00	-7.487421e-01	6.368985e-01	
1  347.502	7.041592e+01	2.294980e+00	1.209798e-01	-1.097070e+00	-7.087191e-01	6.552545e-01	
4  344.211	6.942169e+01	2.306871e+00	1.199462e-01	-1.040428e+00	-7.444711e-01	6.585963e-01	
6  343.115	6.876425e+01	2.324571e+00	1.186627e-01	-1.009200e+00	-7.726244e-01	6.736156e-01	
7  343.127	6.872354e+01	2.300846e+00	1.174779e-01	-1.007331e+00	-7.804180e-01	6.933378e-01	
1  343.464	6.905737e+01	2.325101e+00	1.213123e-01	-1.031294e+00	-8.162583e-01	6.983532e-01	
2  345.225	6.993270e+01	2.325606e+00	1.199154e-01	-1.078512e+00	-8.729314e-01	6.863108e-01	
3  344.369	6.930546e+01	2.325474e+00	1.163551e-01	-1.009335e+00	-8.175079e-01	6.927332e-01	
1  343.698	6.895514e+01	2.372541e+00	1.118093e-01	-9.880758e-01	-8.594552e-01	6.712466e-01	
1  343.642	6.797924e+01	2.382593e+00	1.132722e-01	-9.812798e-01	-8.564412e-01	7.083894e-01	
1  344.51	6.962229e+01	2.376106e+00	1.133477e-01	-1.050155e+00	-8.979887e-01	7.082925e-01	
6  345.276	6.947381e+01	2.404295e+00	1.151483e-01	-1.098115e+00	-8.972442e-01	6.947100e-01	
1  344.37	6.954080e+01	2.405752e+00	1.183262e-01	-1.062895e+00	-8.220520e-01	6.996917e-01	
1  344.322	6.911043e+01	2.419432e+00	1.210757e-01	-1.038949e+00	-8.667807e-01	7.149087e-01	
3  344.175	6.906438e+01	2.441514e+00	1.210850e-01	-9.944153e-01	-8.727279e-01	7.137623e-01	
2  344.337	6.920387e+01	2.455487e+00	1.195823e-01	-9.944877e-01	-8.177787e-01	7.330588e-01	
3  343.655	6.833393e+01	2.464471e+00	1.190223e-01	-9.451065e-01	-8.175928e-01	7.281029e-01	
1  343.752	6.839331e+01	2.432657e+00	1.181758e-01	-9.317611e-01	-8.404514e-01	7.272126e-01	
2  346.546	6.714891e+01	2.432242e+00	1.198804e-01	-9.428286e-01	-8.279381e-01	7.270929e-01	
9  345.253	6.757460e+01	2.448873e+00	1.234172e-01	-9.250423e-01	-8.583268e-01	7.251184e-01	
4  344.944	6.726923e+01	2.445254e+00	1.192049e-01	-8.881164e-01	-9.103313e-01	7.175464e-01	
2  345.359	6.867026e+01	2.461068e+00	1.161226e-01	-8.971566e-01	-9.017428e-01	7.236446e-01	
6  344.492	6.739969e+01	2.450406e+00	1.180641e-01	-8.956590e-01	-8.426840e-01	7.240286e-01	
5  344.795	6.755460e+01	2.463425e+00	1.212990e-01	-8.944192e-01	-8.217245e-01	7.131818e-01	
1  345.245	6.747940e+01	2.452975e+00	1.213325e-01	-9.366657e-01	-7.820699e-01	7.000984e-01	
3  344.547	6.836012e+01	2.468757e+00	1.237110e-01	-9.476055e-01	-7.786995e-01	7.221534e-01	
1  344.44	6.905456e+01	2.448458e+00	1.196576e-01	-9.666693e-01	-8.552458e-01	7.226589e-01	
1  345.187	6.929630e+01	2.422633e+00	1.233399e-01	-9.780255e-01	-9.430226e-01	7.446228e-01	
1  344.821	6.852663e+01	2.451999e+00	1.250553e-01	-9.458125e-01	-8.478991e-01	7.510695e-01	
2  345.17	6.859503e+01	2.459358e+00	1.258755e-01	-9.430774e-01	-8.670634e-01	7.488310e-01	
1  344.886	6.831736e+01	2.454445e+00	1.231544e-01	-9.893276e-01	-8.777694e-01	7.596580e-01	
1  345.507	6.809000e+01	2.443179e+00	1.250198e-01	-9.642289e-01	-9.765621e-01	7.562593e-01	
3  344.584	6.817397e+01	2.488754e+00	1.216759e-01	-8.968747e-01	-9.941300e-01	7.584222e-01	
1  345.067	6.763527e+01	2.498064e+00	1.218365e-01	-8.798806e-01	-1.011449e+00	7.531722e-01	
3  345.898	6.773694e+01	2.534575e+00	1.230881e-01	-9.095782e-01	-9.760977e-01	7.662369e-01	
1  345.35	6.854976e+01	2.494112e+00	1.201452e-01	-8.841245e-01	-1.042131e+00	7.849789e-01	
1  343.955	6.786602e+01	2.500383e+00	1.168772e-01	-9.051306e-01	-1.028441e+00	7.721833e-01	
5  343.831	6.866275e+01	2.501294e+00	1.157319e-01	-9.250294e-01	-1.029948e+00	7.713793e-01	
4  344.906	6.845631e+01	2.500817e+00	1.143842e-01	-8.736004e-01	-1.041110e+00	7.756083e-01	
5  344.519	6.781371e+01	2.540351e+00	1.139083e-01	-8.506307e-01	-1.011959e+00	7.859605e-01	
2  345.16	6.820377e+01	2.554077e+00	1.171360e-01	-8.591851e-01	-1.009860e+00	7.752563e-01	
5  344.782	6.843424e+01	2.581546e+00	1.176280e-01	-8.814512e-01	-1.097703e+00	7.798472e-01	
1  345.809	6.891818e+01	2.595554e+00	1.171939e-01	-8.968186e-01	-1.020202e+00	7.857898e-01	
1  346.905	6.777920e+01	2.616368e+00	1.187398e-01	-9.334926e-01	-1.006836e+00	7.991640e-01	
2  344.723	6.849367e+01	2.599607e+00	1.183963e-01	-9.249656e-01	-9.691320e-01	7.778214e-01	
1  346.83	6.798969e+01	2.568658e+00	1.199464e-01	-9.485347e-01	-1.069326e+00	7.806219e-01	
3  345.878	6.813170e+01	2.542955e+00	1.189214e-01	-9.606288e-01	-1.042314e+00	7.915527e-01	
4  345.934	6.813577e+01	2.557122e+00	1.189592e-01	-9.619698e-01	-1.012290e+00	7.914375e-01	
1  345.71	6.888223e+01	2.547193e+00	1.172326e-01	-1.003133e+00	-1.051129e+00	7.783335e-01	
1  345.306	6.891578e+01	2.556301e+00	1.151075e-01	-1.008709e+00	-1.012697e+00	7.699211e-01	
1  344.639	6.887247e+01	2.549568e+00	1.127276e-01	-9.949083e-01	-1.043256e+00	7.634056e-01	
4  344.982	6.934239e+01	2.581581e+00	1.144245e-01	-9.658527e-01	-1.066670e+00	7.478590e-01	
2  344.273	6.907853e+01	2.559041e+00	1.125707e-01	-9.393091e-01	-1.082800e+00	7.502080e-01	
3  344.083	6.792443e+01	2.575932e+00	1.116506e-01	-9.062718e-01	-1.101347e+00	7.668556e-01	
1  343.783	6.839250e+01	2.613306e+00	1.078352e-01	-9.294670e-01	-1.106965e+00	7.944738e-01	
3  344.761	6.942154e+01	2.616404e+00	1.073006e-01	-9.610646e-01	-1.000642e+00	8.037745e-01	
2  343.49	6.882393e+01	2.633938e+00	1.081446e-01	-9.541335e-01	-8.891951e-01	7.985747e-01	
5  343.525	6.818717e+01	2.624803e+00	1.107723e-01	-9.148777e-01	-8.779667e-01	8.016062e-01	
1  343.634	6.879785e+01	2.632665e+00	1.095116e-01	-9.442225e-01	-9.240401e-01	7.875718e-01	
3  344.423	6.819462e+01	2.658403e+00	1.140799e-01	-8.924476e-01	-9.284089e-01	8.161955e-01	
12  344.178	6.822370e+01	2.650512e+00	1.135960e-01	-9.354296e-01	-8.922577e-01	8.317807e-01	
2  344.434	6.822825e+01	2.638858e+00	1.135541e-01	-8.944656e-01	-9.058679e-01	8.581605e-01	
5  344.362	6.857861e+01	2.613824e+00	1.145551e-01	-9.125553e-01	-9.811201e-01	8.558006e-01	
5  344.663	6.780581e+01	2.605193e+00	1.125150e-01	-8.475335e-01	-1.055898e+00	8.595444e-01	
1  343.952	6.825424e+01	2.636757e+00	1.104989e-01	-8.793519e-01	-1.093969e+00	8.562024e-01	
3  344.343	6.867358e+01	2.589736e+00	1.127819e-01	-8.955564e-01	-1.137668e+00	8.445043e-01	
1  344.571	6.890652e+01	2.594363e+00	1.129224e-01	-9.509680e-01	-1.150582e+00	8.630447e-01	
1  346.397	6.921543e+01	2.626128e+00	1.113703e-01	-9.905729e-01	-1.189608e+00	8.785692e-01	
3  345.217	6.926339e+01	2.589009e+00	1.100401e-01	-9.891785e-01	-1.142033e+00	8.705074e-01	
3  345.175	6.934394e+01	2.580797e+00	1.129373e-01	-9.442892e-01	-1.154150e+00	8.716378e-01	
1  345.915	6.946582e+01	2.574643e+00	1.150501e-01	-9.397481e-01	-1.200858e+00	8.816190e-01	
1  345.315	6.903931e+01	2.588919e+00	1.160931e-01	-9.125781e-01	-1.222668e+00	8.534603e-01	
7  345.058	6.888566e+01	2.571563e+00	1.160602e-01	-9.006915e-01	-1.235303e+00	8.667777e-01	
1  345.398	6.865810e+01	2.570220e+00	1.185953e-01	-8.799873e-01	-1.247824e+00	8.638402e-01	
2  345.764	6.811709e+01	2.591488e+00	1.204657e-01	-8.517435e-01	-1.209955e+00	8.574705e-01	
1  347.32	6.884237e+01	2.580631e+00	1.179753e-01	-8.544155e-01	-1.164971e+00	8.325770e-01	
1  345.795	6.929393e+01	2.596307e+00	1.170665e-01	-9.373776e-01	-1.127971e+00	8.524626e-01	
8  344.166	6.808990e+01	2.575555e+00	1.160128e-01	-9.015590e-01	-1.055311e+00	8.386891e-01	
9  344.388	6.885004e+01	2.568028e+00	1.152915e-01	-9.598653e-01	-1.066824e+00	8.569305e-01	
3  344.013	6.815151e+01	2.569788e+00	1.134380e-01	-9.309915e-01	-1.051866e+00	8.416707e-01	
2  343.759	6.876503e+01	2.579100e+00	1.110631e-01	-9.520762e-01	-1.048419e+00	8.243931e-01	
2  344.019	6.898679e+01	2.570583e+00	1.090787e-01	-9.374398e-01	-1.023806e+00	8.136278e-01	
5  344.494	6.906325e+01	2.573017e+00	1.097505e-01	-9.309408e-01	-1.010144e+00	8.233223e-01	
3  343.642	6.804240e+01	2.582481e+00	1.124618e-01	-9.052090e-01	-9.208093e-01	8.175931e-01	
4  344.703	6.777528e+01	2.569352e+00	1.150931e-01	-8.754587e-01	-8.726322e-01	8.309261e-01	
2  344.411	6.810901e+01	2.561785e+00	1.179082e-01	-9.034350e-01	-9.283784e-01	8.346075e-01	
6  344.163	6.802458e+01	2.575645e+00	1.163555e-01	-9.236529e-01	-9.169455e-01	8.220238e-01	
2  344.142	6.829032e+01	2.557709e+00	1.161209e-01	-8.997628e-01	-1.005304e+00	8.301771e-01	
1  343.983	6.861952e+01	2.569775e+00	1.133960e-01	-9.136541e-01	-1.044979e+00	8.400985e-01	
1  343.415	6.842709e+01	2.565877e+00	1.110227e-01	-9.232793e-01	-1.000362e+00	8.360608e-01	
12  343.317	6.845957e+01	2.562466e+00	1.106096e-01	-9.474164e-01	-9.673546e-01	8.477547e-01	
1  344.449	6.900881e+01	2.536572e+00	1.077610e-01	-9.348962e-01	-1.006427e+00	8.489190e-01	
2  346.299	6.862332e+01	2.535645e+00	1.069502e-01	-8.927960e-01	-8.971634e-01	8.530123e-01	
1  343.371	6.808721e+01	2.567050e+00	1.098694e-01	-9.212446e-01	-8.721607e-01	8.653506e-01	
5  343.837	6.758495e+01	2.553828e+00	1.105612e-01	-9.181986e-01	-8.480634e-01	8.693900e-01	
5  344.49	6.812859e+01	2.506659e+00	1.094319e-01	-9.106877e-01	-7.950887e-01	8.609600e-01	
3  343.24	6.809584e+01	2.526006e+00	1.109147e-01	-9.596734e-01	-7.025762e-01	8.820837e-01	
1  343.705	6.819677e+01	2.485833e+00	1.115580e-01	-9.573345e-01	-6.571268e-01	8.878609e-01	
4  344.005	6.801245e+01	2.462117e+00	1.139393e-01	-1.011678e+00	-7.022784e-01	8.665733e-01	
2  344.309	6.793936e+01	2.460811e+00	1.140229e-01	-1.005887e+00	-7.477713e-01	8.630105e-01	
6  343.23	6.799486e+01	2.428153e+00	1.130017e-01	-9.760566e-01	-7.511994e-01	8.750333e-01	
3  344.253	6.847936e+01	2.413836e+00	1.112228e-01	-9.510560e-01	-7.719501e-01	8.627803e-01	
1  343.64	6.878688e+01	2.378497e+00	1.098092e-01	-1.035117e+00	-8.378938e-01	8.597345e-01	
3  345.431	6.923019e+01	2.401086e+00	1.090460e-01	-9.926875e-01	-7.358162e-01	8.412674e-01	
1  345.329	6.802162e+01	2.380446e+00	1.062823e-01	-1.041386e+00	-7.217754e-01	8.707696e-01	
2  344.951	6.942780e+01	2.378332e+00	1.065090e-01	-1.034720e+00	-7.815319e-01	8.526604e-01	
4  346.105	6.976051e+01	2.392461e+00	1.056738e-01	-1.029141e+00	-8.870175e-01	8.842046e-01	
5  343.748	6.885334e+01	2.347892e+00	1.088791e-01	-1.013591e+00	-8.589481e-01	8.579508e-01	
7  346.06	6.800941e+01	2.373096e+00	1.098645e-01	-1.040877e+00	-8.390471e-01	8.445996e-01	
3  344.427	6.832433e+01	2.400963e+00	1.112979e-01	-1.034806e+00	-8.274831e-01	8.396734e-01	
3  343.208	6.871236e+01	2.358439e+00	1.128023e-01	-1.005882e+00	-7.674426e-01	8.368867e-01	
2  343.433	6.918472e+01	2.375049e+00	1.125525e-01	-1.052525e+00	-6.586703e-01	8.289374e-01	
15  343.091	6.828267e+01	2.366878e+00	1.141315e-01	-1.003193e+00	-6.405140e-01	8.327321e-01	
3  343.671	6.810200e+01	2.360355e+00	1.120933e-01	-9.849621e-01	-6.071396e-01	8.368166e-01	
4  343.892	6.792616e+01	2.323547e+00	1.105408e-01	-1.014799e+00	-6.259545e-01	8.284777e-01	
1  343.135	6.859738e+01	2.325120e+00	1.135626e-01	-1.035250e+00	-5.948699e-01	8.183010e-01	
4  342.996	6.863559e+01	2.349523e+00	1.144081e-01	-1.047400e+00	-6.238458e-01	8.101093e-01	
2  345.419	6.838672e+01	2.384700e+00	1.163425e-01	-1.090510e+00	-6.182789e-01	8.266429e-01	
3  343.585	6.900771e+01	2.357800e+00	1.158171e-01	-1.090502e+00	-6.338538e-01	8.030871e-01	
1  344.264	6.817756e+01	2.415985e+00	1.171264e-01	-1.040438e+00	-6.592496e-01	8.148123e-01	
1  344.017	6.785929e+01	2.444712e+00	1.171131e-01	-9.987795e-01	-6.376075e-01	8.037631e-01	
1  343.663	6.806502e+01	2.457107e+00	1.166627e-01	-1.010959e+00	-5.997043e-01	8.147845e-01	
1  344.905	6.798566e+01	2.438167e+00	1.161494e-01	-1.039303e+00	-6.339468e-01	8.357219e-01	
2  344.784	6.771769e+01	2.403847e+00	1.120916e-01	-1.024339e+00	-6.258249e-01	8.204723e-01	
1  342.995	6.836986e+01	2.399481e+00	1.146864e-01	-1.018085e+00	-5.780470e-01	8.413403e-01	
3  343.306	6.921991e+01	2.417020e+00	1.148057e-01	-1.064579e+00	-5.867517e-01	8.316137e-01	
3  343.414	6.897599e+01	2.443011e+00	1.138288e-01	-1.080334e+00	-5.609848e-01	8.223250e-01	
1  343.491	6.923704e+01	2.473555e+00	1.160188e-01	-1.070036e+00	-5.223628e-01	8.195162e-01	
7  343.477	6.807461e+01	2.448007e+00	1.151394e-01	-9.822984e-01	-5.510665e-01	8.385535e-01	
4  343.358	6.814335e+01	2.483895e+00	1.115839e-01	-1.030893e+00	-4.897763e-01	8.553600e-01	
5  343.67	6.864694e+01	2.511302e+00	1.129845e-01	-9.911093e-01	-5.413154e-01	8.486135e-01	
6  343.481	6.870408e+01	2.502833e+00	1.161494e-01	-1.008673e+00	-5.518528e-01	8.694211e-01	
11  343.244	6.841152e+01	2.485465e+00	1.147483e-01	-1.033199e+00	-5.416135e-01	8.608409e-01	
1  343.743	6.875361e+01	2.518532e+00	1.138871e-01	-1.068994e+00	-5.259214e-01	8.727692e-01	
1  343.282	6.907494e+01	2.507018e+00	1.103753e-01	-1.042331e+00	-5.022054e-01	8.768671e-01	
3  343.131	6.853222e+01	2.518293e+00	1.058444e-01	-1.051669e+00	-4.209602e-01	8.769480e-01	
5  343.037	6.843515e+01	2.519926e+00	1.092422e-01	-1.045875e+00	-3.748095e-01	8.736080e-01	
4  344.801	6.774059e+01	2.521908e+00	1.099744e-01	-1.038820e+00	-4.207538e-01	8.581069e-01	
1  343.294	6.810182e+01	2.528213e+00	1.111198e-01	-9.986616e-01	-4.635929e-01	8.404375e-01	
3  344.176	6.769743e+01	2.528455e+00	1.112237e-01	-1.009006e+00	-4.397382e-01	8.420203e-01	
3  344.268	6.774666e+01	2.527212e+00	1.117381e-01	-1.009243e+00	-5.107392e-01	8.390252e-01	
1  343.541	6.856160e+01	2.534261e+00	1.123676e-01	-1.050080e+00	-5.421332e-01	8.542601e-01	
5  343.393	6.846924e+01	2.529602e+00	1.153351e-01	-1.024151e+00	-5.427654e-01	8.639132e-01	
3  346.899	6.692215e+01	2.512524e+00	1.169329e-01	-9.629662e-01	-5.000235e-01	8.807319e-01	
1  345.683	6.728672e+01	2.475390e+00	1.192305e-01	-9.782439e-01	-5.360630e-01	8.950214e-01	
6  343.82	6.829597e+01	2.455505e+00	1.200716e-01	-1.039710e+00	-4.698634e-01	8.982449e-01	
3  344.904	6.887473e+01	2.432833e+00	1.155127e-01	-9.931641e-01	-5.514473e-01	8.932988e-01	
3  344.622	6.754611e+01	2.445950e+00	1.173888e-01	-1.002029e+00	-4.593438e-01	8.769429e-01	
3  344.008	6.802464e+01	2.444680e+00	1.152205e-01	-9.828729e-01	-4.572311e-01	8.571584e-01	
2  344.936	6.733758e+01	2.445517e+00	1.145908e-01	-9.909916e-01	-4.386256e-01	8.711627e-01	
2  344.566	6.751130e+01	2.456939e+00	1.139030e-01	-1.005306e+00	-4.689209e-01	8.881990e-01	
4  345.792	6.716935e+01	2.480000e+00	1.172142e-01	-9.779609e-01	-4.490839e-01	8.920004e-01	
2  344.851	6.791875e+01	2.473897e+00	1.118729e-01	-9.689095e-01	-4.260264e-01	8.960063e-01	
2  345.316	6.730072e+01	2.476042e+00	1.138192e-01	-1.000057e+00	-4.318761e-01	8.716905e-01	
3  344.888	6.741230e+01	2.442887e+00	1.122397e-01	-1.012687e+00	-3.700077e-01	8.890361e-01	
2  344.915	6.735251e+01	2.479800e+00	1.095263e-01	-9.834362e-01	-3.988530e-01	8.891302e-01	
2  344.136	6.788521e+01	2.482958e+00	1.122972e-01	-1.037867e+00	-4.514153e-01	8.944358e-01	
1  344.573	6.751272e+01	2.486268e+00	1.131273e-01	-9.694625e-01	-4.617278e-01	9.119297e-01	
6  344.631	6.750157e+01	2.476841e+00	1.145224e-01	-9.806612e-01	-4.187400e-01	8.962118e-01	
3  343.269	6.873284e+01	2.479199e+00	1.157122e-01	-1.029981e+00	-4.839459e-01	8.848417e-01	
5  343.788	6.866288e+01	2.471497e+00	1.164728e-01	-1.010029e+00	-4.809285e-01	8.875258e-01	
3  343.49	6.829109e+01	2.457432e+00	1.152766e-01	-1.020205e+00	-3.924604e-01	8.848582e-01	
1  345.109	6.758289e+01	2.478411e+00	1.156066e-01	-1.026475e+00	-4.370026e-01	8.933578e-01	
2  344.267	6.801574e+01	2.488492e+00	1.131990e-01	-1.060225e+00	-3.767230e-01	8.848520e-01	
2  343.84	6.855034e+01	2.453147e+00	1.135424e-01	-1.019244e+00	-3.815475e-01	8.768595e-01	
1  344.455	6.788281e+01	2.407635e+00	1.133837e-01	-9.904676e-01	-4.147348e-01	9.062603e-01	
6  344.133	6.825320e+01	2.420843e+00	1.158551e-01	-1.006848e+00	-3.951911e-01	9.089355e-01	
2  343.837	6.799682e+01	2.410709e+00	1.186690e-01	-1.026861e+00	-3.819767e-01	9.143231e-01	
3  344.882	6.764099e+01	2.439024e+00	1.181737e-01	-9.852755e-01	-3.767399e-01	9.004470e-01	
5  346.153	6.714765e+01	2.458272e+00	1.185396e-01	-9.609793e-01	-3.919503e-01	9.006529e-01	
2  345.683	6.792000e+01	2.476474e+00	1.164964e-01	-9.684957e-01	-3.496620e-01	8.892039e-01	
2  346.46	6.712831e+01	2.457869e+00	1.184365e-01	-9.993641e-01	-4.229716e-01	8.838366e-01	
3  347.195	6.678215e+01	2.468893e+00	1.186424e-01	-9.479748e-01	-4.708348e-01	8.818070e-01	
2  346.507	6.717452e+01	2.449096e+00	1.177530e-01	-1.017580e+00	-3.635114e-01	8.768528e-01	
1  343.512	6.817772e+01	2.463456e+00	1.166650e-01	-1.036559e+00	-3.950169e-01	8.624590e-01	
2  343.516	6.806246e+01	2.482333e+00	1.133090e-01	-1.028741e+00	-4.711873e-01	8.717883e-01	
1  343.353	6.818127e+01	2.457541e+00	1.155813e-01	-1.030516e+00	-4.571921e-01	8.853648e-01	
2  343.491	6.809751e+01	2.402362e+00	1.138286e-01	-1.037365e+00	-3.703732e-01	9.042861e-01	
9  343.593	6.796501e+01	2.414841e+00	1.137492e-01	-1.026234e+00	-4.028951e-01	8.978928e-01	
4  344.705	6.761016e+01	2.419582e+00	1.137701e-01	-9.710365e-01	-4.473197e-01	8.851300e-01	
6  343.509	6.849543e+01	2.408886e+00	1.143706e-01	-1.034896e+00	-3.852962e-01	9.110324e-01	
1  346.823	6.751418e+01	2.408480e+00	1.119039e-01	-9.517515e-01	-3.983175e-01	9.248467e-01	
1  347.833	6.688370e+01	2.386042e+00	1.149931e-01	-1.019810e+00	-4.379712e-01	9.221002e-01	
1  348.158	6.656265e+01	2.400006e+00	1.119909e-01	-9.717282e-01	-5.238808e-01	9.062949e-01	
3  344.337	6.755141e+01	2.386214e+00	1.122929e-01	-9.954875e-01	-4.969423e-01	9.144519e-01	
3  345.169	6.724628e+01	2.358863e+00	1.135413e-01	-9.519158e-01	-5.790282e-01	8.909551e-01	
5  344.03	6.821348e+01	2.392928e+00	1.100299e-01	-9.808956e-01	-6.147661e-01	9.100987e-01	
4  344.068	6.847563e+01	2.380973e+00	1.061117e-01	-1.017670e+00	-5.951454e-01	9.401299e-01	
1  343.083	6.830357e+01	2.411477e+00	1.121055e-01	-1.028623e+00	-5.820922e-01	9.817579e-01	
2  343.688	6.808908e+01	2.363328e+00	1.131771e-01	-1.041123e+00	-6.066945e-01	9.985957e-01	
3  345.119	6.840573e+01	2.326536e+00	1.124881e-01	-1.090098e+00	-6.173269e-01	9.953884e-01	
4  343.424	6.918138e+01	2.358303e+00	1.120494e-01	-1.062984e+00	-6.142539e-01	9.884617e-01	
1  343.104	6.861775e+01	2.389948e+00	1.116691e-01	-1.061785e+00	-5.278460e-01	9.898560e-01	
4  343.194	6.920383e+01	2.418160e+00	1.132708e-01	-1.083967e+00	-4.978250e-01	9.942306e-01	
3  343.365	6.848680e+01	2.387511e+00	1.132468e-01	-1.070501e+00	-5.130816e-01	9.824427e-01	
8  343.425	6.927335e+01	2.385794e+00	1.129754e-01	-1.103122e+00	-4.973126e-01	9.710811e-01	
9  345.365	6.994301e+01	2.406865e+00	1.154543e-01	-1.077586e+00	-5.173647e-01	9.586196e-01	
2  345.141	7.004119e+01	2.384450e+00	1.179033e-01	-1.140971e+00	-5.557452e-01	9.323129e-01	
1  345.1	6.910423e+01	2.368396e+00	1.156045e-01	-1.124146e+00	-5.962419e-01	9.409418e-01	
2  345.972	6.820207e+01	2.332795e+00	1.147035e-01	-1.104741e+00	-5.237152e-01	9.475083e-01	
8  344.829	6.821018e+01	2.338189e+00	1.164872e-01	-1.092940e+00	-4.896654e-01	9.543813e-01	
1  344.071	6.832997e+01	2.330344e+00	1.126996e-01	-1.081851e+00	-5.240436e-01	9.460211e-01	
1  343.107	6.862153e+01	2.375774e+00	1.116012e-01	-1.060677e+00	-5.098062e-01	9.568544e-01	
4  344.048	6.845234e+01	2.359716e+00	1.098958e-01	-1.030987e+00	-4.615404e-01	9.717027e-01	
2  343.778	6.823610e+01	2.346347e+00	1.127070e-01	-1.076395e+00	-4.391560e-01	9.779493e-01	
1  346.285	6.815302e+01	2.320860e+00	1.099054e-01	-1.107868e+00	-4.807437e-01	9.856030e-01	
4  346.893	6.770101e+01	2.286808e+00	1.065205e-01	-9.980829e-01	-4.619195e-01	9.930498e-01	
2  345.578	6.810864e+01	2.293592e+00	1.067426e-01	-1.072150e+00	-5.812317e-01	9.876619e-01	
1  344.651	6.928454e+01	2.298391e+00	1.075080e-01	-1.083819e+00	-5.750382e-01	9.852432e-01	
3  344.408	6.869232e+01	2.324495e+00	1.057537e-01	-1.070805e+00	-5.757456e-01	9.862373e-01	
1  345.515	6.828038e+01	2.346318e+00	1.062401e-01	-1.082463e+00	-5.781237e-01	9.882612e-01	
1  345.078	6.910036e+01	2.393462e+00	1.041684e-01	-1.103221e+00	-5.986634e-01	9.802686e-01	
7  344.921	6.977887e+01	2.411323e+00	1.060270e-01	-1.090454e+00	-5.934890e-01	9.837073e-01	
2  344.772	6.990131e+01	2.443138e+00	1.073730e-01	-1.098898e+00	-5.548292e-01	9.837077e-01	
1  344.89	6.896421e+01	2.472126e+00	1.037132e-01	-1.104888e+00	-5.270683e-01	9.901162e-01	
3  344.681	6.943364e+01	2.457564e+00	1.060301e-01	-1.049629e+00	-5.462444e-01	9.815186e-01	
2  346.057	6.929022e+01	2.425931e+00	1.037482e-01	-1.044451e+00	-4.628346e-01	9.614789e-01	
1  346.48	6.919813e+01	2.433731e+00	1.025239e-01	-1.036197e+00	-4.636288e-01	9.813691e-01	
4  345.373	6.923763e+01	2.431452e+00	1.008027e-01	-1.130374e+00	-4.043066e-01	9.849370e-01	
3  345.326	6.996527e+01	2.444410e+00	1.035807e-01	-1.130752e+00	-3.912310e-01	9.885263e-01	
5  343.802	6.900629e+01	2.438646e+00	1.051673e-01	-1.074528e+00	-4.102059e-01	9.828701e-01	
7  344.985	6.931986e+01	2.389950e+00	1.032796e-01	-1.105539e+00	-3.348371e-01	9.881320e-01	
13  344.184	6.842692e+01	2.423175e+00	1.039220e-01	-1.077433e+00	-3.580710e-01	9.931386e-01	
2  344.867	6.822885e+01	2.421465e+00	1.038569e-01	-1.085782e+00	-3.805520e-01	9.943579e-01	
1  345.231	6.888319e+01	2.423661e+00	1.000276e-01	-1.070389e+00	-3.989675e-01	9.961910e-01	
3  345.174	6.841860e+01	2.435736e+00	1.020421e-01	-1.049012e+00	-3.082010e-01	9.940540e-01	
1  347.418	6.900583e+01	2.398956e+00	1.006649e-01	-1.059327e+00	-2.973997e-01	9.884937e-01	
2  350.654	6.965687e+01	2.362692e+00	9.734593e-02	-1.088903e+00	-2.935798e-01	9.889574e-01	
1  347.125	6.913836e+01	2.399396e+00	9.907742e-02	-1.081758e+00	-2.789051e-01	9.849430e-01	
4  346.926	6.817519e+01	2.425502e+00	9.848397e-02	-1.112811e+00	-2.723687e-01	9.665673e-01	
2  345.728	6.902851e+01	2.413423e+00	9.862013e-02	-1.110236e+00	-2.776856e-01	9.770416e-01	
3  347.035	6.812575e+01	2.403406e+00	1.013993e-01	-1.125672e+00	-2.467873e-01	9.666139e-01	
2  344.679	6.867940e+01	2.413196e+00	1.030116e-01	-1.081398e+00	-2.590087e-01	9.648101e-01	
1  344.964	6.801392e+01	2.381994e+00	1.063529e-01	-1.051485e+00	-2.476832e-01	9.556300e-01	
1  344.567	6.795330e+01	2.384853e+00	1.068975e-01	-1.064347e+00	-3.512416e-01	9.416952e-01	
1  344.793	6.760634e+01	2.354341e+00	1.099419e-01	-1.023657e+00	-4.014931e-01	9.396492e-01	
3  344.013	6.845165e+01	2.401255e+00	1.115394e-01	-1.022146e+00	-4.141596e-01	9.299035e-01	
3  344.425	6.832267e+01	2.412306e+00	1.094940e-01	-1.100926e+00	-3.618236e-01	9.372568e-01	
1  343.927	6.876506e+01	2.417831e+00	1.081734e-01	-1.120156e+00	-3.202435e-01	9.353070e-01	
9  343.253	6.872697e+01	2.448063e+00	1.082489e-01	-1.088088e+00	-3.082811e-01	9.397730e-01	
3  344.426	6.972898e+01	2.435431e+00	1.078681e-01	-1.111551e+00	-3.548838e-01	9.431688e-01	
11  344.219	6.942067e+01	2.414340e+00	1.086464e-01	-1.089462e+00	-3.578135e-01	9.265101e-01	
11  344.123	6.822443e+01	2.429828e+00	1.101873e-01	-1.082499e+00	-3.938843e-01	9.252174e-01	
3  343.351	6.821718e+01	2.455146e+00	1.113538e-01	-1.030685e+00	-3.891719e-01	9.202479e-01	
1  344.73	6.844896e+01	2.419742e+00	1.134645e-01	-9.910879e-01	-4.760260e-01	9.181602e-01	
2  343.385	6.828428e+01	2.438605e+00	1.152472e-01	-1.019411e+00	-4.417723e-01	9.157133e-01	
1  344.847	6.775657e+01	2.413033e+00	1.167519e-01	-1.046303e+00	-4.713739e-01	9.072440e-01	
1  345.207	6.722575e+01	2.405408e+00	1.136411e-01	-9.882528e-01	-4.682414e-01	9.175321e-01	
3  345.375	6.733155e+01	2.408743e+00	1.107721e-01	-1.012434e+00	-5.138774e-01	9.250279e-01	
2  344.553	6.751411e+01	2.367515e+00	1.121018e-01	-1.011294e+00	-5.101424e-01	9.416420e-01	
3  344.039	6.780089e+01	2.416416e+00	1.092389e-01	-1.025445e+00	-4.737976e-01	9.574818e-01	
2  344.91	6.761852e+01	2.420814e+00	1.077147e-01	-1.036758e+00	-4.361976e-01	9.668535e-01	
1  343.905	6.830372e+01	2.440765e+00	1.066070e-01	-1.022827e+00	-4.340466e-01	9.466641e-01	
4  343.427	6.812083e+01	2.455839e+00	1.080542e-01	-1.025981e+00	-4.806737e-01	9.296226e-01	
1  344.695	6.774413e+01	2.443809e+00	1.106781e-01	-1.046575e+00	-4.423677e-01	9.288119e-01	
5  344.071	6.835220e+01	2.472376e+00	1.116062e-01	-1.005087e+00	-3.933608e-01	9.082212e-01	
2  345.124	6.773478e+01	2.505277e+00	1.117994e-01	-1.051177e+00	-3.877492e-01	9.023640e-01	
1  345.127	6.808035e+01	2.495022e+00	1.130104e-01	-9.745886e-01	-3.767835e-01	8.972218e-01	
3  344.551	6.771908e+01	2.486209e+00	1.154064e-01	-9.779450e-01	-4.182035e-01	9.134799e-01	
4  344.592	6.792178e+01	2.485444e+00	1.182388e-01	-9.776950e-01	-4.437187e-01	9.060925e-01	
2  346.709	6.865004e+01	2.480642e+00	1.153918e-01	-9.548837e-01	-5.345393e-01	8.996829e-01	
1  346.807	6.845131e+01	2.519308e+00	1.170811e-01	-9.396028e-01	-5.339392e-01	8.946559e-01	
1  347.505	6.941460e+01	2.551110e+00	1.176299e-01	-9.842295e-01	-5.575356e-01	9.021873e-01	
1  344.452	6.881160e+01	2.535110e+00	1.197280e-01	-9.968404e-01	-6.011686e-01	9.220738e-01	
1  344.484	6.808656e+01	2.523310e+00	1.207760e-01	-9.865951e-01	-5.868907e-01	9.439477e-01	
6  344.08	6.901909e+01	2.512098e+00	1.197913e-01	-1.035784e+00	-5.304426e-01	9.361148e-01	
2  345.851	6.968704e+01	2.490560e+00	1.160223e-01	-1.041462e+00	-4.859971e-01	9.224720e-01	
4  344.454	6.953087e+01	2.542310e+00	1.170312e-01	-1.088490e+00	-5.095628e-01	9.285921e-01	
2  345.153	6.927312e+01	2.503366e+00	1.169378e-01	-1.099371e+00	-6.061221e-01	9.425960e-01	
7  344.976	6.985583e+01	2.504266e+00	1.176968e-01	-1.104327e+00	-5.441160e-01	9.318552e-01	
11  344.776	6.881669e+01	2.494160e+00	1.195962e-01	-1.078557e+00	-5.498466e-01	9.414919e-01	
2  344.07	6.829555e+01	2.495589e+00	1.185862e-01	-1.023361e+00	-6.360536e-01	9.652848e-01	
1  344.127	6.904125e+01	2.555310e+00	1.165099e-01	-1.013537e+00	-5.808683e-01	9.654428e-01	
1  344.61	6.771090e+01	2.543157e+00	1.167069e-01	-9.728426e-01	-4.945011e-01	9.560945e-01	
5  344.282	6.836602e+01	2.540950e+00	1.190718e-01	-9.897235e-01	-5.485609e-01	9.660213e-01	
2  344.048	6.774684e+01	2.524345e+00	1.145882e-01	-9.853016e-01	-5.180548e-01	9.556419e-01	
1  343.462	6.872907e+01	2.507649e+00	1.134529e-01	-1.014095e+00	-5.270534e-01	9.754498e-01	
6  343.525	6.841178e+01	2.522243e+00	1.130173e-01	-1.050057e+00	-5.038739e-01	9.835131e-01	
1  343.297	6.905619e+01	2.474320e+00	1.135679e-01	-1.042261e+00	-5.393978e-01	9.884658e-01	
2  342.95	6.880695e+01	2.477966e+00	1.117290e-01	-1.054397e+00	-4.962170e-01	9.921412e-01	
3  345.225	6.941542e+01	2.428861e+00	1.116631e-01	-1.033308e+00	-5.404919e-01	9.790073e-01	
1  345.363	6.953107e+01	2.401202e+00	1.107652e-01	-1.041840e+00	-5.670959e-01	9.704575e-01	
2  345.728	6.950214e+01	2.434370e+00	1.134421e-01	-1.022150e+00	-5.933227e-01	9.787141e-01	
3  343.862	6.919323e+01	2.471552e+00	1.155727e-01	-1.020632e+00	-6.570876e-01	9.811685e-01	
3  343.759	6.919915e+01	2.496619e+00	1.162921e-01	-1.079982e+00	-5.362911e-01	9.898734e-01	
11  344.739	6.974688e+01	2.490982e+00	1.185247e-01	-1.096925e+00	-5.534085e-01	9.886081e-01	
4  345.934	6.980849e+01	2.451724e+00	1.215209e-01	-1.129482e+00	-5.581622e-01	9.926090e-01	
1  345.6	6.964670e+01	2.461252e+00	1.254326e-01	-1.073607e+00	-5.929383e-01	9.838888e-01	
5  344.642	6.940832e+01	2.421068e+00	1.245175e-01	-1.061266e+00	-6.069879e-01	9.798654e-01	
5  344.777	6.932400e+01	2.411873e+00	1.254374e-01	-1.040645e+00	-6.891181e-01	9.635530e-01	
2  345.085	6.961676e+01	2.408539e+00	1.234632e-01	-1.046727e+00	-6.744334e-01	9.690125e-01	
3  344.858	6.841021e+01	2.435379e+00	1.228506e-01	-1.050735e+00	-6.284488e-01	9.996375e-01	
1  344.569	6.902370e+01	2.455926e+00	1.230197e-01	-1.022281e+00	-5.896734e-01	9.908587e-01	
3  345.493	6.857601e+01	2.415382e+00	1.229777e-01	-9.720936e-01	-6.363256e-01	9.954377e-01	
2  344.31	6.860496e+01	2.383051e+00	1.214357e-01	-9.981560e-01	-5.979667e-01	9.976215e-01	
1  344.475	6.814948e+01	2.386392e+00	1.248128e-01	-1.041736e+00	-5.383505e-01	9.970982e-01	
4  343.982	6.855760e+01	2.376143e+00	1.257643e-01	-1.039628e+00	-5.549763e-01	9.877277e-01	
6  346.379	6.913612e+01	2.384821e+00	1.295226e-01	-1.008468e+00	-6.254862e-01	9.768378e-01	
2  345.572	6.985875e+01	2.344989e+00	1.278176e-01	-1.091857e+00	-6.797744e-01	9.622744e-01	
1  345.666	6.952568e+01	2.338086e+00	1.257585e-01	-1.026820e+00	-6.999402e-01	9.661752e-01	
4  345.818	6.983540e+01	2.332910e+00	1.265624e-01	-1.055309e+00	-6.991401e-01	9.587972e-01	
1  345.639	6.981483e+01	2.329927e+00	1.271177e-01	-1.061653e+00	-6.885525e-01	9.501654e-01	
1  344.378	6.943862e+01	2.313596e+00	1.265649e-01	-1.097434e+00	-6.315363e-01	9.460208e-01	
1  346.404	6.886829e+01	2.337018e+00	1.255351e-01	-9.739792e-01	-6.730265e-01	9.396815e-01	
5  344.548	6.801625e+01	2.321477e+00	1.285159e-01	-1.000089e+00	-7.626252e-01	9.403613e-01	
1  343.803	6.875582e+01	2.303942e+00	1.268901e-01	-1.011867e+00	-7.611522e-01	9.445775e-01	
2  343.381	6.840382e+01	2.324783e+00	1.236958e-01	-1.003356e+00	-7.376978e-01	9.622140e-01	
3  343.31	6.867940e+01	2.351294e+00	1.222465e-01	-1.018625e+00	-7.669861e-01	9.385473e-01	
3  344.446	6.804717e+01	2.348828e+00	1.230113e-01	-9.624286e-01	-6.851296e-01	9.649129e-01	
11  345.324	6.726045e+01	2.364985e+00	1.227336e-01	-9.669839e-01	-6.319606e-01	9.664125e-01	
5  351.057	6.630198e+01	2.369998e+00	1.218029e-01	-9.777029e-01	-5.975040e-01	9.914069e-01	
1  351.07	6.628389e+01	2.348612e+00	1.206481e-01	-9.789529e-01	-6.172921e-01	9.734549e-01	
2  346.984	6.772728e+01	2.351519e+00	1.230400e-01	-9.165034e-01	-6.762454e-01	9.697177e-01	
3  344.669	6.746800e+01	2.342662e+00	1.235607e-01	-9.683338e-01	-7.185726e-01	9.734725e-01	
1  345.021	6.748498e+01	2.314304e+00	1.239929e-01	-9.429066e-01	-6.886871e-01	9.330438e-01	
1  345.526	6.795096e+01	2.318646e+00	1.273189e-01	-9.477492e-01	-6.912714e-01	9.533821e-01	
4  347.158	6.748664e+01	2.334359e+00	1.270433e-01	-1.017682e+00	-7.386102e-01	9.409820e-01	
4  346.986	6.799018e+01	2.378736e+00	1.258817e-01	-1.040932e+00	-7.680816e-01	9.312424e-01	
4  345.72	6.882369e+01	2.386558e+00	1.277326e-01	-9.777508e-01	-7.244170e-01	9.445387e-01	
1  345.936	6.973209e+01	2.379387e+00	1.281238e-01	-1.055600e+00	-6.929141e-01	9.522803e-01	
4  347.13	6.942845e+01	2.426581e+00	1.236436e-01	-9.853174e-01	-7.397621e-01	9.802180e-01	
2  344.926	6.942220e+01	2.385442e+00	1.253315e-01	-1.024577e+00	-8.471477e-01	9.887831e-01	
3  345.174	6.924861e+01	2.388680e+00	1.248061e-01	-9.838243e-01	-9.373714e-01	9.636896e-01	
5  344.588	6.938280e+01	2.382686e+00	1.225086e-01	-1.008699e+00	-9.293223e-01	9.972861e-01	
1  346.914	6.727848e+01	2.351667e+00	1.187588e-01	-9.832875e-01	-9.404489e-01	9.905229e-01	
1  343.657	6.764460e+01	2.372362e+00	1.155445e-01	-9.351304e-01	-9.613312e-01	9.954513e-01	
5  343.158	6.851440e+01	2.397043e+00	1.151008e-01	-9.684743e-01	-9.409673e-01	9.793879e-01	
1  343.17	6.814884e+01	2.377931e+00	1.147321e-01	-9.542215e-01	-9.582843e-01	9.721746e-01	
1  343.72	6.771586e+01	2.359621e+00	1.134992e-01	-9.572021e-01	-9.489203e-01	9.671600e-01	
2  345.941	6.751392e+01	2.347801e+00	1.120004e-01	-9.851057e-01	-9.812139e-01	9.654564e-01	
2  345.186	6.710906e+01	2.331281e+00	1.124495e-01	-9.409692e-01	-9.009712e-01	9.658027e-01	
2  346.785	6.856596e+01	2.311384e+00	1.124254e-01	-9.154202e-01	-9.905601e-01	9.624042e-01	
1  344.866	6.792389e+01	2.277144e+00	1.122859e-01	-9.183100e-01	-9.984242e-01	9.648544e-01	
1  344.449	6.911858e+01	2.305966e+00	1.091353e-01	-1.026159e+00	-9.854096e-01	9.555150e-01	
7  345.652	6.958278e+01	2.306619e+00	1.111152e-01	-1.076424e+00	-9.771960e-01	9.627055e-01	
2  345.63	6.877046e+01	2.312353e+00	1.085811e-01	-1.049107e+00	-9.947899e-01	9.543204e-01	
5  345.36	6.929900e+01	2.295497e+00	1.093844e-01	-1.068664e+00	-9.537449e-01	9.494151e-01	
2  345.328	6.970822e+01	2.301448e+00	1.128609e-01	-1.076323e+00	-9.661619e-01	9.222683e-01	
6  345.665	6.941341e+01	2.278090e+00	1.078398e-01	-1.088199e+00	-8.630446e-01	9.244786e-01	
1  345.124	6.859644e+01	2.293929e+00	1.058613e-01	-9.869388e-01	-8.695419e-01	9.045182e-01	
2  345.122	6.830801e+01	2.311855e+00	1.072079e-01	-9.566244e-01	-8.554185e-01	8.961771e-01	
4  344.106	6.795804e+01	2.320803e+00	1.087504e-01	-9.586343e-01	-8.729773e-01	8.784134e-01	
8  343.744	6.797590e+01	2.304695e+00	1.109485e-01	-9.690548e-01	-8.893559e-01	8.908502e-01	
4  343.691	6.795735e+01	2.283016e+00	1.133269e-01	-9.867514e-01	-9.040800e-01	8.990056e-01	
1  344.689	6.783840e+01	2.261263e+00	1.135741e-01	-1.001853e+00	-9.530528e-01	9.039236e-01	
4  343.271	6.857563e+01	2.269790e+00	1.145511e-01	-1.005585e+00	-9.124240e-01	9.056443e-01	
3  343.74	6.906666e+01	2.231240e+00	1.149264e-01	-1.036878e+00	-8.556763e-01	9.014423e-01	
1  344	6.866604e+01	2.234111e+00	1.141276e-01	-9.856962e-01	-9.181193e-01	8.775021e-01	
1  344.092	6.922155e+01	2.225187e+00	1.150241e-01	-1.038992e+00	-9.865815e-01	8.784605e-01	
2  343.952	6.890476e+01	2.200420e+00	1.138853e-01	-1.028421e+00	-9.406903e-01	8.761802e-01	
5  344.04	6.830630e+01	2.230221e+00	1.153153e-01	-1.024061e+00	-9.641818e-01	8.782613e-01	
1  344.189	6.832907e+01	2.238349e+00	1.144525e-01	-1.021212e+00	-9.928907e-01	9.011244e-01	
2  344.264	6.759425e+01	2.259774e+00	1.137251e-01	-9.690341e-01	-9.218470e-01	8.998407e-01	
2  344.914	6.749049e+01	2.266182e+00	1.099080e-01	-9.593803e-01	-8.795690e-01	8.689574e-01	
3  345.734	6.811654e+01	2.250554e+00	1.070630e-01	-9.465554e-01	-9.213099e-01	8.616341e-01	
3  346.267	6.753915e+01	2.261231e+00	1.062493e-01	-9.404211e-01	-8.164161e-01	8.740359e-01	
2  346.317	6.751113e+01	2.287643e+00	1.054177e-01	-9.921614e-01	-8.472222e-01	8.717711e-01	
1  346.594	6.721074e+01	2.284827e+00	1.064928e-01	-9.374691e-01	-7.461580e-01	8.877114e-01	
7  345.763	6.743968e+01	2.330498e+00	1.054410e-01	-9.779202e-01	-6.052128e-01	8.721514e-01	
1  344.897	6.818990e+01	2.353483e+00	1.071378e-01	-9.819591e-01	-5.927015e-01	8.508917e-01	
3  344.292	6.848161e+01	2.360197e+00	1.052523e-01	-1.048123e+00	-6.662057e-01	8.406502e-01	
1  343.833	6.877712e+01	2.382557e+00	1.059636e-01	-1.054251e+00	-6.228550e-01	8.227463e-01	
1  345.244	6.932568e+01	2.395469e+00	1.030789e-01	-1.048220e+00	-6.571690e-01	8.202688e-01	
1  345.102	6.810735e+01	2.400311e+00	1.049328e-01	-1.055051e+00	-6.129114e-01	8.246443e-01	
4  344.926	6.857368e+01	2.383817e+00	1.043965e-01	-1.061633e+00	-7.276063e-01	8.385824e-01	
4  346.23	6.874413e+01	2.387398e+00	1.024112e-01	-9.718936e-01	-7.577268e-01	8.503355e-01	
3  346.155	6.917014e+01	2.398277e+00	1.019359e-01	-1.006867e+00	-7.281206e-01	8.312035e-01	
5  345.143	6.871748e+01	2.405115e+00	1.018119e-01	-1.074979e+00	-6.476319e-01	8.245982e-01	
3  344.771	6.831387e+01	2.418911e+00	1.015092e-01	-1.048854e+00	-5.743556e-01	8.357799e-01	
1  344.468	6.843115e+01	2.420272e+00	1.017673e-01	-1.028889e+00	-5.298077e-01	8.239019e-01	
13  346.401	6.786750e+01	2.411751e+00	9.966015e-02	-1.049093e+00	-5.382488e-01	8.368912e-01	
2  346.905	6.793780e+01	2.367369e+00	1.013636e-01	-1.060703e+00	-6.172160e-01	8.419671e-01	
1  345.816	6.866491e+01	2.361367e+00	1.072313e-01	-1.120024e+00	-5.665160e-01	8.294700e-01	
3  344.157	6.899520e+01	2.356706e+00	1.083989e-01	-1.037925e+00	-5.932548e-01	8.503790e-01	
9  346.146	6.931437e+01	2.347414e+00	1.095063e-01	-1.010498e+00	-6.700561e-01	8.667224e-01	
2  346.337	6.899599e+01	2.327676e+00	1.094519e-01	-9.831568e-01	-7.107511e-01	8.508006e-01	
2  346.084	6.956144e+01	2.304147e+00	1.086604e-01	-1.037376e+00	-7.453577e-01	8.337507e-01	
4  345.422	6.974333e+01	2.302675e+00	1.110687e-01	-1.065409e+00	-7.124442e-01	8.534742e-01	
2  343.4	6.885054e+01	2.291968e+00	1.132776e-01	-1.053477e+00	-7.557540e-01	8.524761e-01	
1  344.548	6.923788e+01	2.299974e+00	1.090452e-01	-1.047025e+00	-7.379986e-01	8.638432e-01	
1  344.403	6.878527e+01	2.287660e+00	1.076542e-01	-1.023105e+00	-8.067233e-01	8.559684e-01	
1  344.871	6.833438e+01	2.307847e+00	1.055890e-01	-9.885214e-01	-7.786786e-01	8.633725e-01	
1  344.13	6.821634e+01	2.302829e+00	1.080462e-01	-1.024109e+00	-6.951272e-01	8.491730e-01	
3  344.231	6.814400e+01	2.319315e+00	1.082258e-01	-9.831590e-01	-7.157600e-01	8.235406e-01	
12  344.323	6.843065e+01	2.316386e+00	1.082998e-01	-1.054169e+00	-7.202020e-01	8.255455e-01	
1  344.691	6.822088e+01	2.319010e+00	1.082601e-01	-1.061155e+00	-6.450616e-01	8.474842e-01	
4  344.234	6.847630e+01	2.334288e+00	1.072272e-01	-1.070522e+00	-5.810710e-01	8.161982e-01	
1  344.055	6.878670e+01	2.349596e+00	1.089743e-01	-1.075830e+00	-6.870627e-01	7.942949e-01	
2  344.099	6.903058e+01	2.363175e+00	1.091567e-01	-1.091363e+00	-6.611830e-01	8.007971e-01	
5  344.22	6.947497e+01	2.366785e+00	1.118440e-01	-1.096719e+00	-7.211519e-01	7.892017e-01	
1  344.627	6.837286e+01	2.401776e+00	1.137118e-01	-1.054504e+00	-7.561828e-01	7.673945e-01	
1  342.999	6.845220e+01	2.404539e+00	1.140350e-01	-9.908725e-01	-8.098398e-01	7.864991e-01	
2  343.35	6.867420e+01	2.416893e+00	1.137340e-01	-9.699189e-01	-8.253017e-01	7.776493e-01	
1  344.371	6.890718e+01	2.421964e+00	1.127582e-01	-1.066865e+00	-8.008239e-01	8.068564e-01	
3  343.146	6.872245e+01	2.430044e+00	1.149092e-01	-9.918699e-01	-7.653076e-01	7.785471e-01	
13  343.336	6.807079e+01	2.409002e+00	1.177004e-01	-9.802045e-01	-7.272909e-01	7.632315e-01	
1  344.104	6.765521e+01	2.402700e+00	1.188269e-01	-9.393923e-01	-6.508655e-01	7.557159e-01	
4  343.8	6.798196e+01	2.387610e+00	1.168038e-01	-9.351881e-01	-7.251532e-01	7.577350e-01	
2  343.282	6.821002e+01	2.404880e+00	1.186424e-01	-9.809296e-01	-7.552400e-01	7.500236e-01	
1  343.994	6.781630e+01	2.428317e+00	1.190827e-01	-9.693409e-01	-7.368710e-01	7.534404e-01	
4  344.166	6.794707e+01	2.475567e+00	1.183160e-01	-9.807509e-01	-7.279310e-01	7.667971e-01	
3  343.426	6.827864e+01	2.456426e+00	1.173680e-01	-1.001327e+00	-6.786188e-01	7.697185e-01	
1  343.827	6.866386e+01	2.435395e+00	1.167663e-01	-1.054346e+00	-6.810876e-01	7.725184e-01	
5  344.402	6.878867e+01	2.470607e+00	1.153726e-01	-1.070640e+00	-6.747681e-01	7.742339e-01	
5  343.432	6.798147e+01	2.458800e+00	1.158198e-01	-9.776373e-01	-6.103861e-01	7.780769e-01	
2  343.737	6.789573e+01	2.421694e+00	1.176606e-01	-9.989436e-01	-6.017526e-01	7.872783e-01	
1  345.658	6.808571e+01	2.423798e+00	1.165947e-01	-1.074426e+00	-5.534628e-01	7.960824e-01	
3  343.828	6.848108e+01	2.447373e+00	1.166377e-01	-1.065130e+00	-5.279391e-01	8.000197e-01	
3  343.059	6.842647e+01	2.399709e+00	1.169891e-01	-1.038800e+00	-5.157228e-01	8.084538e-01	
1  344.144	6.839956e+01	2.409535e+00	1.156804e-01	-1.090257e+00	-4.496683e-01	7.999538e-01	
2  344.561	6.915283e+01	2.420993e+00	1.165040e-01	-1.033851e+00	-4.202970e-01	8.090566e-01	
2  343.992	6.851976e+01	2.415991e+00	1.149884e-01	-1.095779e+00	-4.434451e-01	8.021514e-01	
13  343.304	6.869371e+01	2.403934e+00	1.123491e-01	-1.034938e+00	-4.433611e-01	7.883146e-01	
10  343.482	6.871030e+01	2.364630e+00	1.140298e-01	-1.097531e+00	-4.892720e-01	7.553788e-01	
7  343.882	6.902145e+01	2.372738e+00	1.175928e-01	-1.112082e+00	-5.489684e-01	7.469892e-01	
5  343.768	6.945723e+01	2.335131e+00	1.214885e-01	-1.102213e+00	-4.811513e-01	7.260568e-01	
2  343.437	6.821876e+01	2.314644e+00	1.207208e-01	-1.063030e+00	-4.468343e-01	7.096854e-01	
6  343.059	6.842542e+01	2.348362e+00	1.187343e-01	-1.047820e+00	-4.225197e-01	7.179994e-01	
2  342.984	6.859167e+01	2.360663e+00	1.179686e-01	-1.045592e+00	-4.754715e-01	7.117959e-01	
1  343.96	6.807323e+01	2.377027e+00	1.189819e-01	-1.062886e+00	-3.974475e-01	7.107006e-01	
4  343.394	6.908285e+01	2.378505e+00	1.180932e-01	-1.115513e+00	-4.181007e-01	7.174629e-01	
2  343.457	6.879619e+01	2.386730e+00	1.200853e-01	-1.043080e+00	-3.969999e-01	6.935939e-01	
5  344.722	6.836829e+01	2.385853e+00	1.253616e-01	-1.076435e+00	-4.297727e-01	6.998320e-01	
2  346.252	6.753229e+01	2.392657e+00	1.263215e-01	-1.018787e+00	-4.115981e-01	6.957589e-01	
2  344.8	6.761509e+01	2.361992e+00	1.236144e-01	-1.007286e+00	-4.190614e-01	6.872416e-01	
1  346.744	6.705436e+01	2.357931e+00	1.250103e-01	-9.827456e-01	-3.022764e-01	7.050087e-01	
2  344.368	6.783594e+01	2.354105e+00	1.196237e-01	-9.948209e-01	-2.845737e-01	6.985552e-01	
1  343.895	6.838288e+01	2.329606e+00	1.173357e-01	-1.012863e+00	-3.615157e-01	6.933970e-01	
2  343.078	6.875350e+01	2.364547e+00	1.194195e-01	-1.080130e+00	-3.523365e-01	7.079800e-01	
4  343.111	6.895920e+01	2.354614e+00	1.194033e-01	-1.094758e+00	-3.753456e-01	6.871797e-01	
2  343.416	6.934291e+01	2.351027e+00	1.177355e-01	-1.130274e+00	-3.859801e-01	6.921364e-01	
3  343.954	6.938859e+01	2.359268e+00	1.199180e-01	-1.150502e+00	-4.131320e-01	6.826481e-01	
4  343.989	6.839896e+01	2.357644e+00	1.175804e-01	-1.096610e+00	-4.536632e-01	6.827483e-01	
7  343.063	6.877757e+01	2.376297e+00	1.133757e-01	-1.058692e+00	-4.173143e-01	6.951594e-01	
1  343.06	6.872459e+01	2.414094e+00	1.102364e-01	-1.059038e+00	-4.563774e-01	7.063992e-01	
3  343.654	6.796871e+01	2.417783e+00	1.092660e-01	-1.028900e+00	-3.700311e-01	7.215708e-01	
4  344.734	6.757359e+01	2.381757e+00	1.086107e-01	-1.010257e+00	-2.997433e-01	7.060892e-01	
6  345.155	6.785034e+01	2.322334e+00	1.062192e-01	-1.047499e+00	-2.693497e-01	7.216748e-01	
7  344.582	6.788086e+01	2.272828e+00	1.112646e-01	-1.058489e+00	-2.312289e-01	7.140582e-01	
2  346.446	6.810399e+01	2.300042e+00	1.134098e-01	-9.914768e-01	-2.281026e-01	7.193832e-01	
3  345.824	6.763694e+01	2.315678e+00	1.148102e-01	-9.838655e-01	-2.162366e-01	7.264929e-01	
2  345.089	6.762337e+01	2.312232e+00	1.124723e-01	-1.015277e+00	-2.009287e-01	7.218996e-01	
2  345.564	6.785861e+01	2.349205e+00	1.107110e-01	-9.851787e-01	-2.778824e-01	7.311186e-01	
4  345.637	6.746443e+01	2.398316e+00	1.081641e-01	-1.049938e+00	-2.795975e-01	7.128255e-01	
1  343.36	6.812768e+01	2.426944e+00	1.115346e-01	-1.048744e+00	-3.018600e-01	7.124052e-01	
4  343.358	6.863731e+01	2.448049e+00	1.124896e-01	-1.098080e+00	-3.336197e-01	7.006251e-01	
2  343.165	6.895685e+01	2.432309e+00	1.126358e-01	-1.110410e+00	-3.269267e-01	7.055554e-01	
2  345.401	7.007804e+01	2.440769e+00	1.102264e-01	-1.131960e+00	-2.868372e-01	7.079409e-01	
1  346.809	6.874218e+01	2.384002e+00	1.073840e-01	-1.017636e+00	-1.555521e-01	6.895002e-01	
1  347.761	6.895563e+01	2.374057e+00	1.104761e-01	-1.015143e+00	-1.595821e-01	6.968641e-01	
1  347.903	6.731821e+01	2.353091e+00	1.085022e-01	-9.477857e-01	-1.689054e-01	7.032148e-01	
3  346.526	6.763326e+01	2.365099e+00	1.092855e-01	-9.669167e-01	-1.726407e-01	6.863228e-01	
1  348.03	6.793729e+01	2.364340e+00	1.086755e-01	-9.509112e-01	-1.860099e-01	6.709264e-01	
2  344.359	6.786156e+01	2.365526e+00	1.116056e-01	-1.015119e+00	-1.316720e-01	6.525767e-01	
3  344.802	6.930067e+01	2.369424e+00	1.124577e-01	-1.077544e+00	-2.089682e-01	6.540853e-01	
1  343.315	6.925122e+01	2.346723e+00	1.139089e-01	-1.152942e+00	-1.981364e-01	6.474444e-01	
1  343.121	6.849420e+01	2.307836e+00	1.163368e-01	-1.083912e+00	-2.373120e-01	6.587876e-01	
1  344.44	6.904307e+01	2.287440e+00	1.144490e-01	-1.076015e+00	-2.532595e-01	6.585895e-01	
4  343.656	6.844867e+01	2.281162e+00	1.146885e-01	-1.063688e+00	-2.469652e-01	6.709677e-01	
2  343.509	6.823936e+01	2.267936e+00	1.161721e-01	-1.059920e+00	-2.802894e-01	6.798967e-01	
6  343.89	6.885251e+01	2.257861e+00	1.129524e-01	-1.075790e+00	-3.875847e-01	6.705633e-01	
3  344.262	6.921869e+01	2.240571e+00	1.128735e-01	-1.166180e+00	-4.506364e-01	6.567880e-01	
3  344.072	6.823387e+01	2.255518e+00	1.109472e-01	-1.076344e+00	-4.220451e-01	6.547813e-01	
4  343.679	6.810842e+01	2.290130e+00	1.133063e-01	-1.030963e+00	-3.874401e-01	6.586834e-01	
3  343.546	6.850225e+01	2.277818e+00	1.151889e-01	-1.050690e+00	-3.459467e-01	6.603487e-01	
1  344.475	6.858961e+01	2.271705e+00	1.166139e-01	-1.024942e+00	-3.504583e-01	6.708191e-01	
3  344.393	6.777776e+01	2.253772e+00	1.170316e-01	-1.007027e+00	-3.403488e-01	6.913109e-01	
2  344.105	6.769147e+01	2.258146e+00	1.181016e-01	-1.029673e+00	-3.791466e-01	7.272305e-01	
3  345.498	6.733534e+01	2.250364e+00	1.168468e-01	-1.042965e+00	-3.651030e-01	7.328218e-01	
2  344.945	6.833912e+01	2.270410e+00	1.184185e-01	-9.966764e-01	-4.102684e-01	7.396197e-01	
2  344.574	6.860969e+01	2.231327e+00	1.185244e-01	-1.018424e+00	-4.673757e-01	7.411416e-01	
1  343.671	6.790914e+01	2.236842e+00	1.194283e-01	-9.918040e-01	-5.817090e-01	7.275046e-01	
9  343.227	6.831429e+01	2.241563e+00	1.189737e-01	-1.012155e+00	-6.225574e-01	7.234193e-01	
4  343.346	6.798378e+01	2.243601e+00	1.215992e-01	-1.011027e+00	-6.013109e-01	7.284526e-01	
2  343.402	6.836975e+01	2.260095e+00	1.245952e-01	-1.020958e+00	-5.292399e-01	7.164368e-01	
8  343.141	6.881351e+01	2.237845e+00	1.244223e-01	-1.066036e+00	-5.214897e-01	7.121999e-01	
1  345.909	6.777971e+01	2.258379e+00	1.207173e-01	-1.097094e+00	-4.630581e-01	7.061288e-01	
2  344.749	6.832974e+01	2.274972e+00	1.222837e-01	-1.125339e+00	-4.291695e-01	7.014022e-01	
1  345.05	6.830702e+01	2.286992e+00	1.183946e-01	-1.137861e+00	-3.953770e-01	6.792888e-01	
2  345.461	6.920364e+01	2.276287e+00	1.164426e-01	-1.214897e+00	-3.866265e-01	6.674481e-01	
2  346.499	7.057912e+01	2.273945e+00	1.166332e-01	-1.213305e+00	-4.008592e-01	6.877045e-01	
3  344.72	6.972687e+01	2.275638e+00	1.133952e-01	-1.196645e+00	-4.074334e-01	6.813435e-01	
1  344.067	6.916659e+01	2.299866e+00	1.128017e-01	-1.172108e+00	-3.642443e-01	6.498983e-01	
2  343.442	6.877394e+01	2.307390e+00	1.146336e-01	-1.051989e+00	-4.199908e-01	6.590428e-01	
1  342.998	6.873659e+01	2.334791e+00	1.159406e-01	-1.062788e+00	-4.242910e-01	6.457009e-01	
1  343.052	6.897646e+01	2.322534e+00	1.164792e-01	-1.090565e+00	-4.455159e-01	6.503199e-01	
6  343.422	6.908387e+01	2.296517e+00	1.138520e-01	-1.090288e+00	-4.640952e-01	6.647768e-01	
3  343.866	6.943016e+01	2.296472e+00	1.151039e-01	-1.166859e+00	-4.092234e-01	6.561497e-01	
2  344.675	6.847537e+01	2.311433e+00	1.156019e-01	-1.142200e+00	-3.937468e-01	6.509920e-01	
8  343.015	6.891022e+01	2.321511e+00	1.171268e-01	-1.099339e+00	-4.148270e-01	6.472417e-01	
1  344.685	6.881266e+01	2.309958e+00	1.175684e-01	-1.014901e+00	-4.002123e-01	6.603755e-01	
3  343.794	6.795568e+01	2.325762e+00	1.212028e-01	-9.947338e-01	-4.000242e-01	6.529885e-01	
1  344.305	6.800818e+01	2.314515e+00	1.217056e-01	-9.748176e-01	-4.026689e-01	6.507528e-01	
7  343.965	6.787515e+01	2.314942e+00	1.229306e-01	-9.860976e-01	-4.184636e-01	6.308095e-01	
3  343.945	6.769002e+01	2.314948e+00	1.173234e-01	-9.892355e-01	-3.883892e-01	6.135117e-01	
1  344.098	6.877554e+01	2.317075e+00	1.195249e-01	-1.026401e+00	-3.621394e-01	6.342832e-01	
1  344.306	6.767110e+01	2.300152e+00	1.186512e-01	-1.044933e+00	-3.513953e-01	6.546211e-01	
2  344.214	6.769109e+01	2.268214e+00	1.211044e-01	-1.048772e+00	-2.498135e-01	6.479103e-01	
2  344.016	6.783062e+01	2.254821e+00	1.196614e-01	-1.069603e+00	-1.874416e-01	6.703764e-01	
1  344.901	6.747240e+01	2.229545e+00	1.227262e-01	-1.037788e+00	-1.896021e-01	6.723535e-01	
5  344.571	6.758924e+01	2.198952e+00	1.216491e-01	-1.053404e+00	-1.976576e-01	6.633728e-01	
3  344.668	6.782077e+01	2.217119e+00	1.190842e-01	-1.111848e+00	-2.030037e-01	6.598497e-01	
5  344.851	6.776885e+01	2.202802e+00	1.190656e-01	-1.115227e+00	-1.626003e-01	6.661697e-01	
1  344.029	6.855175e+01	2.226734e+00	1.212584e-01	-1.065107e+00	-2.044364e-01	6.905197e-01	
7  343.527	6.834898e+01	2.234564e+00	1.217623e-01	-1.076335e+00	-1.882165e-01	6.897291e-01	
3  345.472	6.732978e+01	2.238188e+00	1.234161e-01	-1.012769e+00	-1.989894e-01	6.953436e-01	
4  345.33	6.743279e+01	2.244330e+00	1.210383e-01	-1.013779e+00	-1.840478e-01	7.118512e-01	
3  345.111	6.778224e+01	2.238146e+00	1.244515e-01	-1.013804e+00	-1.937369e-01	7.090833e-01	
1  344.473	6.821289e+01	2.224711e+00	1.232003e-01	-1.049796e+00	-1.069312e-01	6.964302e-01	
1  345.675	6.733155e+01	2.219883e+00	1.223167e-01	-1.065714e+00	-1.490169e-01	6.921624e-01	
1  344.284	6.776663e+01	2.226925e+00	1.218156e-01	-1.069495e+00	-1.398555e-01	6.925085e-01	
8  344.817	6.759808e+01	2.212234e+00	1.194096e-01	-1.049917e+00	-1.501855e-01	7.109345e-01	
5  344.471	6.771466e+01	2.206399e+00	1.220596e-01	-1.076375e+00	-1.313536e-01	7.075667e-01	
2  345.222	6.746092e+01	2.190871e+00	1.249269e-01	-1.056535e+00	-1.235942e-01	7.006063e-01	
1  345.349	6.856658e+01	2.225145e+00	1.285012e-01	-1.057065e+00	-8.991790e-02	7.183507e-01	
6  345.793	6.731368e+01	2.165779e+00	1.260392e-01	-1.053711e+00	-1.115648e-01	7.174261e-01	
2  348.392	6.704712e+01	2.125760e+00	1.270953e-01	-1.095370e+00	-5.294052e-02	7.183573e-01	
2  345.404	6.780074e+01	2.121712e+00	1.292801e-01	-1.045430e+00	-7.310680e-02	7.189565e-01	
1  345.598	6.781658e+01	2.126124e+00	1.245530e-01	-1.034455e+00	-1.255550e-01	7.124578e-01	
5  344.718	6.766768e+01	2.147146e+00	1.247262e-01	-1.089698e+00	-1.594548e-01	7.405802e-01	
1  343.755	6.882837e+01	2.135257e+00	1.260914e-01	-1.122899e+00	-8.390024e-02	7.292691e-01	
3  343.608	6.869531e+01	2.152254e+00	1.272496e-01	-1.143533e+00	-5.430858e-02	7.381536e-01	
2  344.444	6.848985e+01	2.094780e+00	1.263190e-01	-1.081670e+00	-1.394246e-02	7.577670e-01	
5  344.844	6.832722e+01	2.056210e+00	1.266415e-01	-1.094278e+00	4.905407e-03	7.554580e-01	
2  345.21	6.825680e+01	2.058743e+00	1.270303e-01	-1.140036e+00	1.250595e-03	7.367790e-01	
1  343.856	6.869291e+01	2.068806e+00	1.232325e-01	-1.187712e+00	-2.329436e-02	7.474994e-01	
3  343.369	6.904091e+01	2.039045e+00	1.198729e-01	-1.173760e+00	-1.296916e-03	7.718061e-01	
4  343.897	6.901912e+01	2.006527e+00	1.184046e-01	-1.146247e+00	-1.735774e-02	7.713772e-01	
1  344.136	6.945236e+01	2.015492e+00	1.190462e-01	-1.198801e+00	-3.317825e-02	7.870996e-01	
2  345.103	6.931869e+01	2.022537e+00	1.221024e-01	-1.227484e+00	1.401750e-02	7.973496e-01	
3  344.975	7.025793e+01	2.028879e+00	1.224682e-01	-1.240683e+00	-8.471850e-03	7.843110e-01	
3  344.099	6.972371e+01	2.011575e+00	1.242658e-01	-1.188647e+00	-4.958745e-03	7.940468e-01	
1  344.221	6.884484e+01	1.961787e+00	1.269530e-01	-1.167558e+00	1.066440e-02	8.132673e-01	
3  344.121	6.859901e+01	1.942873e+00	1.296820e-01	-1.143974e+00	1.829529e-03	8.106632e-01	
3  345.823	6.910498e+01	1.909165e+00	1.267268e-01	-1.146404e+00	-6.025006e-02	8.061390e-01	
2  345.97	6.804753e+01	1.867755e+00	1.252422e-01	-1.203868e+00	-4.645308e-02	7.972252e-01	
1  347.637	6.772272e+01	1.889386e+00	1.256362e-01	-1.172061e+00	9.424361e-03	7.907824e-01	
8  345.336	6.775581e+01	1.883920e+00	1.250165e-01	-1.121505e+00	6.340189e-03	7.935963e-01	
5  346.072	6.751856e+01	1.905097e+00	1.236163e-01	-1.106722e+00	4.036478e-03	8.062037e-01	
12  346.528	6.775007e+01	1.881841e+00	1.227902e-01	-1.076305e+00	-3.262813e-02	8.153744e-01	
1  346.846	6.812855e+01	1.887397e+00	1.218757e-01	-1.082372e+00	-3.517026e-02	8.319552e-01	
2  345.846	6.885474e+01	1.851449e+00	1.218692e-01	-1.205646e+00	-9.390294e-02	8.111580e-01	
1  346.242	6.843306e+01	1.864773e+00	1.228595e-01	-1.150277e+00	-9.325787e-02	8.160732e-01	
4  344.431	6.802929e+01	1.887143e+00	1.222240e-01	-1.119947e+00	-4.576438e-03	8.179824e-01	
2  345.093	6.829983e+01	1.879012e+00	1.193674e-01	-1.181931e+00	6.958057e-03	8.162320e-01	
2  344.277	6.889518e+01	1.845726e+00	1.195743e-01	-1.194876e+00	-2.376746e-03	8.361728e-01	
3  343.816	6.918712e+01	1.805461e+00	1.214479e-01	-1.184179e+00	1.057822e-02	8.300243e-01	
15  343.909	6.932935e+01	1.824822e+00	1.188345e-01	-1.121769e+00	2.803744e-02	8.274628e-01	
6  344.599	6.992038e+01	1.797328e+00	1.180530e-01	-1.159407e+00	4.255968e-02	8.421534e-01	
8  343.87	6.924630e+01	1.814009e+00	1.181658e-01	-1.130248e+00	2.325731e-02	8.393828e-01	
2  345.686	7.045719e+01	1.813018e+00	1.216329e-01	-1.208941e+00	3.449326e-02	8.445744e-01	
3  344.398	6.961358e+01	1.845568e+00	1.214160e-01	-1.167065e+00	1.182903e-02	8.643935e-01	
4  344.25	6.888010e+01	1.863100e+00	1.237879e-01	-1.208146e+00	9.590292e-03	8.495021e-01	
1  344.377	6.985472e+01	1.860181e+00	1.232586e-01	-1.243782e+00	5.855413e-03	8.582379e-01	
4  344.464	6.917467e+01	1.843256e+00	1.260722e-01	-1.146344e+00	-1.025434e-03	8.407701e-01	
2  344.451	6.820365e+01	1.848780e+00	1.275395e-01	-1.109346e+00	-6.010895e-03	8.328868e-01	
4  344.455	6.807304e+01	1.895064e+00	1.281013e-01	-1.145199e+00	-3.353805e-02	8.070179e-01	
4  344.48	6.900622e+01	1.880082e+00	1.274711e-01	-1.120807e+00	2.980365e-03	8.218496e-01	
1  344.725	6.993127e+01	1.860231e+00	1.256077e-01	-1.184011e+00	2.518444e-02	8.281619e-01	
2  344.293	6.879249e+01	1.872598e+00	1.292714e-01	-1.117131e+00	7.116778e-03	8.209985e-01	
11  343.84	6.841485e+01	1.845258e+00	1.273756e-01	-1.156130e+00	-5.321862e-03	8.010230e-01	
21  343.827	6.903595e+01	1.837090e+00	1.297098e-01	-1.156760e+00	4.311981e-03	8.099780e-01	
8  344.334	6.860224e+01	1.845036e+00	1.291807e-01	-1.128213e+00	2.249094e-02	7.904320e-01	
1  343.62	6.914700e+01	1.840854e+00	1.237042e-01	-1.143093e+00	2.520008e-02	8.062543e-01	
1  344.961	6.854464e+01	1.842781e+00	1.235292e-01	-1.149813e+00	-2.839923e-02	8.051245e-01	
2  344.614	6.911974e+01	1.848045e+00	1.260823e-01	-1.155836e+00	-1.207935e-02	8.039224e-01	
2  344.831	6.834440e+01	1.878853e+00	1.261432e-01	-1.179057e+00	1.033859e-02	8.025169e-01	
24  345.15	6.786370e+01	1.843451e+00	1.226899e-01	-1.140069e+00	5.771590e-03	8.038701e-01	
8  344.168	6.868509e+01	1.874138e+00	1.209059e-01	-1.170664e+00	-1.265271e-02	8.013012e-01	
3  345.629	6.982031e+01	1.870889e+00	1.214866e-01	-1.143365e+00	1.561574e-02	8.140676e-01	
1  345.935	6.844198e+01	1.884239e+00	1.251899e-01	-1.146781e+00	3.120131e-02	8.057545e-01	
2  347.235	6.922386e+01	1.884359e+00	1.258159e-01	-1.098932e+00	-9.923558e-03	7.927654e-01	
10  345.725	6.912614e+01	1.881423e+00	1.259841e-01	-1.086627e+00	3.305923e-02	7.844763e-01	
1  346.765	6.868684e+01	1.844440e+00	1.286146e-01	-1.099714e+00	3.950012e-02	7.768774e-01	
2  347.775	6.861804e+01	1.823268e+00	1.274029e-01	-1.125234e+00	4.706906e-02	7.559541e-01	
2  345.98	6.840277e+01	1.861119e+00	1.276607e-01	-1.031698e+00	1.691184e-02	7.529310e-01	
6  344.008	6.876378e+01	1.845394e+00	1.319206e-01	-1.134251e+00	4.626381e-03	7.319644e-01	
5  343.933	6.886664e+01	1.792396e+00	1.321710e-01	-1.247383e+00	-8.843470e-04	7.304516e-01	
1  344.173	6.933813e+01	1.729865e+00	1.287844e-01	-1.228204e+00	4.063706e-02	7.421187e-01	
1  347.115	6.845165e+01	1.746767e+00	1.326254e-01	-1.308835e+00	-4.857306e-02	7.332897e-01	
2  344.937	6.956025e+01	1.728186e+00	1.332759e-01	-1.265536e+00	-6.547533e-02	7.547589e-01	
1  345.206	6.947793e+01	1.729069e+00	1.307016e-01	-1.288554e+00	-8.421195e-02	7.527770e-01	
2  345.089	6.853544e+01	1.698001e+00	1.324611e-01	-1.242915e+00	-6.369043e-02	7.611445e-01	
3  344.855	6.913648e+01	1.717680e+00	1.350370e-01	-1.229737e+00	-1.033731e-01	7.755454e-01	
4  344.932	6.897463e+01	1.692380e+00	1.337070e-01	-1.282049e+00	-7.059607e-02	7.817411e-01	
1  344.753	6.900250e+01	1.700159e+00	1.332366e-01	-1.261316e+00	-7.432588e-02	7.727182e-01	
2  344.756	6.935284e+01	1.691855e+00	1.374753e-01	-1.303903e+00	1.213517e-02	7.814649e-01	
1  344.429	6.970196e+01	1.691553e+00	1.374114e-01	-1.231051e+00	1.051883e-02	7.783517e-01	
1  344.673	6.961852e+01	1.648812e+00	1.376293e-01	-1.325164e+00	-2.760447e-02	7.878196e-01	
2  344.733	6.929017e+01	1.649535e+00	1.347956e-01	-1.272949e+00	-3.856751e-02	7.994789e-01	
3  344.845	6.951537e+01	1.683970e+00	1.337970e-01	-1.286082e+00	-4.855517e-02	7.819806e-01	
2  344.549	6.962075e+01	1.679575e+00	1.343972e-01	-1.294082e+00	-2.344009e-02	7.627919e-01	
1  345.58	6.901274e+01	1.693167e+00	1.345414e-01	-1.208633e+00	-7.258947e-02	7.665113e-01	
3  344.913	6.844807e+01	1.688239e+00	1.349785e-01	-1.250874e+00	-5.222040e-02	7.575724e-01	
1  346.945	6.907352e+01	1.701298e+00	1.321399e-01	-1.189555e+00	-6.652384e-02	7.344363e-01	
3  345.142	6.860224e+01	1.709953e+00	1.317409e-01	-1.194822e+00	-4.641957e-02	7.333030e-01	
7  343.608	6.880323e+01	1.723478e+00	1.328577e-01	-1.217342e+00	1.795388e-03	7.316713e-01	
7  344.695	6.847174e+01	1.713454e+00	1.301936e-01	-1.228045e+00	-2.048637e-02	7.336917e-01	
1  345.873	6.786700e+01	1.694375e+00	1.339402e-01	-1.140657e+00	-3.694476e-02	7.337857e-01	
1  346.34	6.761690e+01	1.641381e+00	1.365967e-01	-1.097757e+00	-6.151896e-03	7.519596e-01	
9  345.99	6.944928e+01	1.614283e+00	1.358552e-01	-1.129534e+00	3.857649e-02	7.415015e-01	
7  344.454	6.923378e+01	1.635585e+00	1.343446e-01	-1.165345e+00	2.468278e-02	7.670326e-01	
3  344.977	6.812711e+01	1.607110e+00	1.351252e-01	-1.196223e+00	2.472802e-02	7.760973e-01	
5  344.718	6.917788e+01	1.618473e+00	1.327579e-01	-1.133268e+00	3.376926e-02	7.865664e-01	
22  344.374	6.883233e+01	1.613924e+00	1.307814e-01	-1.108598e+00	3.719742e-02	7.665079e-01	
1  344.504	6.946947e+01	1.628381e+00	1.318845e-01	-1.174803e+00	2.973385e-02	7.717394e-01	
2  344.468	6.829421e+01	1.647206e+00	1.318979e-01	-1.107168e+00	2.209156e-02	7.802266e-01	
1  345.846	6.811553e+01	1.620281e+00	1.338477e-01	-1.111590e+00	4.199552e-02	7.685526e-01	
10  345.409	6.877364e+01	1.603705e+00	1.350468e-01	-1.103017e+00	2.725755e-02	7.810083e-01	
3  343.722	6.878257e+01	1.582171e+00	1.362674e-01	-1.192472e+00	2.844619e-02	7.899236e-01	
14  344.158	6.886964e+01	1.616206e+00	1.356067e-01	-1.249686e+00	2.501737e-02	7.806047e-01	
1  346.052	7.058276e+01	1.619260e+00	1.397841e-01	-1.305851e+00	3.029591e-02	7.707800e-01	
4  346.036	7.025019e+01	1.657300e+00	1.418603e-01	-1.309306e+00	-1.240946e-01	7.506402e-01	
1  345.721	6.991337e+01	1.640884e+00	1.401920e-01	-1.386361e+00	-1.075264e-01	7.563765e-01	
2  345.377	7.009972e+01	1.636726e+00	1.410983e-01	-1.366277e+00	-1.211870e-01	7.674909e-01	
1  344.781	7.000142e+01	1.668906e+00	1.411653e-01	-1.340716e+00	-5.123054e-02	7.812289e-01	
1  345.93	6.961038e+01	1.658732e+00	1.439883e-01	-1.375926e+00	-1.040342e-01	7.899111e-01	
2  345.066	6.985965e+01	1.696193e+00	1.449415e-01	-1.365190e+00	-7.415116e-02	7.676555e-01	
1  344.586	6.974349e+01	1.698372e+00	1.426858e-01	-1.262628e+00	-3.152178e-02	7.753862e-01	
3  345.313	7.005344e+01	1.717742e+00	1.418876e-01	-1.265459e+00	-1.338119e-02	7.527782e-01	
4  345.002	6.879701e+01	1.692776e+00	1.415534e-01	-1.248019e+00	2.050938e-02	7.587094e-01	
2  344.7	6.899467e+01	1.639367e+00	1.398282e-01	-1.223150e+00	3.754345e-02	7.485425e-01	
2  344.959	6.987624e+01	1.655540e+00	1.413353e-01	-1.291397e+00	3.673072e-02	7.287151e-01	
3  345.272	6.977403e+01	1.669154e+00	1.418663e-01	-1.308526e+00	3.695838e-02	7.217567e-01	
4  344.642	6.925107e+01	1.668794e+00	1.429608e-01	-1.278151e+00	2.580328e-02	7.302244e-01	
1  343.812	6.897306e+01	1.677066e+00	1.425735e-01	-1.278376e+00	-8.125328e-02	7.349206e-01	
9  344.68	6.991653e+01	1.699367e+00	1.407867e-01	-1.350678e+00	-1.677358e-02	7.389483e-01	
1  344.723	6.998779e+01	1.681201e+00	1.402645e-01	-1.300130e+00	-1.869018e-02	7.360757e-01	
1  344.215	6.984676e+01	1.705535e+00	1.365921e-01	-1.284461e+00	1.828975e-02	7.422985e-01	
1  344.439	6.984951e+01	1.700682e+00	1.359858e-01	-1.280800e+00	-7.973034e-03	7.678387e-01	
3  344.016	6.882467e+01	1.709022e+00	1.378852e-01	-1.262549e+00	-4.028652e-02	7.594053e-01	
4  344.391	6.975128e+01	1.717901e+00	1.365830e-01	-1.304204e+00	-4.049500e-02	7.646222e-01	
4  344.91	6.994443e+01	1.734761e+00	1.346209e-01	-1.316940e+00	-5.445772e-02	7.740895e-01	
1  345.171	7.004592e+01	1.739113e+00	1.361154e-01	-1.337386e+00	-9.869193e-02	7.790861e-01	
2  345.874	6.886910e+01	1.727996e+00	1.320696e-01	-1.298342e+00	-8.393715e-02	7.917364e-01	
1  345.895	6.896629e+01	1.719255e+00	1.299406e-01	-1.291891e+00	-7.244142e-02	7.999679e-01	
1  343.927	6.918603e+01	1.701142e+00	1.264223e-01	-1.231524e+00	2.840353e-02	8.036486e-01	
4  343.949	6.890708e+01	1.725358e+00	1.269163e-01	-1.194768e+00	4.957307e-03	8.273825e-01	
1  346.678	6.900331e+01	1.718913e+00	1.311894e-01	-1.189617e+00	-9.235831e-02	8.119218e-01	
4  346.198	6.799748e+01	1.739940e+00	1.314652e-01	-1.159176e+00	-1.754257e-01	8.251998e-01	
2  346.312	6.825541e+01	1.740705e+00	1.331878e-01	-1.138991e+00	-2.027705e-01	8.224284e-01	
2  346.157	6.885018e+01	1.688432e+00	1.375342e-01	-1.173211e+00	-1.862459e-01	8.281161e-01	
1  346.236	6.908547e+01	1.701562e+00	1.354839e-01	-1.160884e+00	-3.377695e-01	8.327583e-01	
1  346.24	6.934207e+01	1.736745e+00	1.407152e-01	-1.159998e+00	-3.037728e-01	8.316233e-01	
5  345.22	6.806953e+01	1.740273e+00	1.399458e-01	-1.112707e+00	-3.319385e-01	8.539576e-01	
5  343.532	6.891681e+01	1.756843e+00	1.399512e-01	-1.203549e+00	-3.513312e-01	8.545947e-01	
5  343.405	6.885397e+01	1.778111e+00	1.413776e-01	-1.193213e+00	-3.916862e-01	8.495950e-01	
2  343.596	6.945739e+01	1.770837e+00	1.412705e-01	-1.215941e+00	-4.557591e-01	8.383510e-01	
1  343.83	6.900642e+01	1.771196e+00	1.442842e-01	-1.163253e+00	-3.832270e-01	8.444286e-01	
1  344.239	6.879079e+01	1.780685e+00	1.456551e-01	-1.133557e+00	-4.070857e-01	8.398916e-01	
5  343.651	6.871342e+01	1.816225e+00	1.447532e-01	-1.145657e+00	-4.105358e-01	8.592226e-01	
4  343.382	6.869866e+01	1.792689e+00	1.421166e-01	-1.164614e+00	-4.102591e-01	8.562560e-01	
3  344.639	6.813871e+01	1.760819e+00	1.449174e-01	-1.116070e+00	-3.535902e-01	8.639030e-01	
2  344.168	6.969495e+01	1.763014e+00	1.438885e-01	-1.215352e+00	-3.523128e-01	8.760115e-01	
5  343.649	6.882656e+01	1.759719e+00	1.441414e-01	-1.184616e+00	-3.002549e-01	8.858905e-01	
3  344.216	6.872856e+01	1.798653e+00	1.463946e-01	-1.155569e+00	-2.841991e-01	8.733429e-01	
9  344.452	6.828702e+01	1.755688e+00	1.455515e-01	-1.150699e+00	-2.552237e-01	8.884812e-01	
2  344.303	6.913078e+01	1.769013e+00	1.445026e-01	-1.184585e+00	-2.300293e-01	9.000300e-01	
3  344.06	6.876533e+01	1.756344e+00	1.472817e-01	-1.192377e+00	-2.109572e-01	9.202575e-01	
1  344.811	6.833528e+01	1.743459e+00	1.479803e-01	-1.207633e+00	-1.947322e-01	9.071160e-01	
1  344.946	6.830018e+01	1.747715e+00	1.483723e-01	-1.200102e+00	-2.823688e-01	9.185065e-01	
8  344.225	6.850437e+01	1.744732e+00	1.432122e-01	-1.172177e+00	-2.291470e-01	9.410464e-01	
6  346.012	6.761957e+01	1.762527e+00	1.447692e-01	-1.144417e+00	-2.101274e-01	9.481797e-01	
2  347.406	6.738750e+01	1.779634e+00	1.459045e-01	-1.103698e+00	-1.520320e-01	9.460218e-01	
2  349.289	6.714109e+01	1.766677e+00	1.476146e-01	-1.067143e+00	-1.735795e-01	9.462011e-01	
2  349.079	6.779472e+01	1.750049e+00	1.453987e-01	-1.081148e+00	-1.468028e-01	9.590888e-01	
2  350.039	6.700473e+01	1.757549e+00	1.476602e-01	-1.062404e+00	-1.556727e-01	9.532665e-01	
4  347.354	6.798507e+01	1.775527e+00	1.491707e-01	-1.115366e+00	-5.836889e-02	9.483373e-01	
1  345.246	6.823278e+01	1.778403e+00	1.474011e-01	-1.178788e+00	-9.364726e-02	9.488121e-01	
3  346.112	6.798714e+01	1.781654e+00	1.484536e-01	-1.187729e+00	-1.072436e-01	9.421139e-01	
2  344.856	6.874925e+01	1.815715e+00	1.447125e-01	-1.168187e+00	-1.066558e-01	9.657487e-01	
1  346.409	6.954598e+01	1.781676e+00	1.450400e-01	-1.176079e+00	-1.665942e-01	9.787475e-01	
3  344.723	6.948663e+01	1.778314e+00	1.480741e-01	-1.196794e+00	-2.328656e-01	9.704389e-01	
1  344.9	6.828478e+01	1.777809e+00	1.507330e-01	-1.150243e+00	-2.963280e-01	9.884025e-01	
1  344.939	6.840863e+01	1.780543e+00	1.490229e-01	-1.187025e+00	-3.049135e-01	9.847553e-01	
1  345.461	6.916305e+01	1.786226e+00	1.447295e-01	-1.167484e+00	-1.710918e-01	9.657386e-01	
1  345.336	6.823517e+01	1.811981e+00	1.474029e-01	-1.160302e+00	-1.198803e-01	9.664965e-01	
3  345.074	6.830710e+01	1.826008e+00	1.458085e-01	-1.162355e+00	-1.226622e-01	9.750758e-01	
2  345.851	6.855453e+01	1.840148e+00	1.485185e-01	-1.208572e+00	-2.545411e-01	9.842590e-01	
1  345.321	6.905768e+01	1.839700e+00	1.510921e-01	-1.218334e+00	-1.722207e-01	9.969171e-01	
15  345.94	6.936922e+01	1.815468e+00	1.549130e-01	-1.207085e+00	-1.449682e-01	9.969231e-01	
3  345.749	6.959782e+01	1.826453e+00	1.537532e-01	-1.236285e+00	-2.445797e-01	9.921618e-01	
1  346.221	6.840332e+01	1.842340e+00	1.537609e-01	-1.167658e+00	-1.703326e-01	9.872156e-01	
14  346.626	6.893463e+01	1.859186e+00	1.540861e-01	-1.160894e+00	-1.476529e-01	9.807177e-01	
3  347.863	6.876980e+01	1.836196e+00	1.585495e-01	-1.140691e+00	-1.913728e-01	9.825869e-01	
1  348.779	6.910563e+01	1.811286e+00	1.564516e-01	-1.132145e+00	-1.945217e-01	9.879162e-01	
2  347.843	6.951949e+01	1.787236e+00	1.556193e-01	-1.165010e+00	-1.984818e-01	9.805064e-01	
4  346.198	6.867260e+01	1.762653e+00	1.574192e-01	-1.160869e+00	-2.082545e-01	9.715249e-01	
1  346.123	6.903732e+01	1.776468e+00	1.582192e-01	-1.184103e+00	-2.116614e-01	9.583610e-01	
7  346.106	6.886252e+01	1.776316e+00	1.580156e-01	-1.215869e+00	-2.369840e-01	9.521985e-01	
1  345.969	6.951534e+01	1.789148e+00	1.574888e-01	-1.216414e+00	-2.365448e-01	9.362043e-01	
9  345.02	6.923233e+01	1.797278e+00	1.534872e-01	-1.210262e+00	-2.129247e-01	9.402499e-01	
1  345.583	6.967499e+01	1.795252e+00	1.535306e-01	-1.228954e+00	-1.505287e-01	9.442225e-01	
2  346.559	6.969361e+01	1.789398e+00	1.538200e-01	-1.214776e+00	-7.803360e-02	9.494716e-01	
5  345.558	6.921192e+01	1.781158e+00	1.534288e-01	-1.205250e+00	-1.007521e-01	9.574460e-01	
1  345.691	6.952222e+01	1.776048e+00	1.513889e-01	-1.275962e+00	-1.834869e-01	9.718059e-01	
1  347.968	6.865456e+01	1.774048e+00	1.529999e-01	-1.263108e+00	-1.468999e-01	9.819202e-01	
2  345.785	6.898842e+01	1.750313e+00	1.531124e-01	-1.253556e+00	-1.889952e-01	9.771277e-01	
1  348.626	6.818489e+01	1.748659e+00	1.523173e-01	-1.247507e+00	-1.756019e-01	9.656197e-01	
1  348.311	6.790739e+01	1.754679e+00	1.517516e-01	-1.217313e+00	-2.300881e-01	9.570604e-01	
3  344.732	6.920396e+01	1.758010e+00	1.504659e-01	-1.196073e+00	-1.902256e-01	9.422887e-01	
3  345.038	6.965411e+01	1.786629e+00	1.515810e-01	-1.227573e+00	-1.840612e-01	9.412647e-01	
5  344.755	6.924351e+01	1.765443e+00	1.517712e-01	-1.205254e+00	-1.862652e-01	9.678551e-01	
9  344.958	6.877645e+01	1.739436e+00	1.519044e-01	-1.171471e+00	-2.125258e-01	9.896832e-01	
4  344.705	6.903274e+01	1.725472e+00	1.486639e-01	-1.194010e+00	-1.497972e-01	9.752318e-01	
1  344.76	6.868786e+01	1.712563e+00	1.481976e-01	-1.182373e+00	-1.481718e-01	9.723241e-01	
1  345.253	6.843499e+01	1.729130e+00	1.460421e-01	-1.154108e+00	-1.721126e-01	9.679737e-01	
3  347.473	6.789803e+01	1.689692e+00	1.451366e-01	-1.116470e+00	-1.575839e-01	9.824824e-01	
5  346.453	6.778759e+01	1.693737e+00	1.451111e-01	-1.129077e+00	-1.961167e-01	9.999991e-01	
1  346.508	6.765104e+01	1.705441e+00	1.459921e-01	-1.173454e+00	-2.158484e-01	9.919455e-01	
3  346.288	6.843999e+01	1.728663e+00	1.463959e-01	-1.123996e+00	-2.342005e-01	9.738895e-01	
4  344.281	6.891461e+01	1.786474e+00	1.452422e-01	-1.165108e+00	-2.603417e-01	9.652383e-01	
1  344.599	6.880928e+01	1.786155e+00	1.433473e-01	-1.152048e+00	-2.553823e-01	9.778118e-01	
11  345.028	6.799678e+01	1.757937e+00	1.427490e-01	-1.148135e+00	-2.421664e-01	9.919852e-01	
6  344.313	6.836650e+01	1.762675e+00	1.433222e-01	-1.171851e+00	-2.444387e-01	9.831153e-01	
3  343.986	6.931085e+01	1.778196e+00	1.446036e-01	-1.193117e+00	-2.800856e-01	9.903338e-01	
1  344.163	6.926082e+01	1.801090e+00	1.443564e-01	-1.169657e+00	-3.264146e-01	9.820573e-01	
1  344.295	6.974651e+01	1.771275e+00	1.419402e-01	-1.211477e+00	-3.170482e-01	9.803741e-01	
3  344.366	6.967903e+01	1.773234e+00	1.419143e-01	-1.240009e+00	-3.816541e-01	9.886900e-01	
1  344.289	6.964979e+01	1.765656e+00	1.426856e-01	-1.188365e+00	-3.866777e-01	9.884809e-01	
1  343.787	6.955442e+01	1.783617e+00	1.427065e-01	-1.177977e+00	-4.917666e-01	9.937858e-01	
1  345.367	6.949492e+01	1.773913e+00	1.388912e-01	-1.235418e+00	-5.276715e-01	9.910286e-01	
1  345.939	6.928279e+01	1.760107e+00	1.382452e-01	-1.229419e+00	-6.155512e-01	9.660802e-01	
1  346.176	6.998553e+01	1.743167e+00	1.395826e-01	-1.141856e+00	-6.593323e-01	9.742907e-01	
1  346.452	7.016130e+01	1.772423e+00	1.398820e-01	-1.140563e+00	-7.005583e-01	9.714381e-01	
1  347.054	7.081127e+01	1.821975e+00	1.391095e-01	-1.210128e+00	-7.016312e-01	9.584941e-01	
5  348.189	7.100951e+01	1.841981e+00	1.342351e-01	-1.209626e+00	-7.359948e-01	9.612631e-01	
3  344.942	6.966863e+01	1.860652e+00	1.322431e-01	-1.198226e+00	-6.757505e-01	9.489464e-01	
4  346.891	6.941005e+01	1.860019e+00	1.279974e-01	-1.214352e+00	-6.944261e-01	9.413937e-01	
2  345.31	6.959936e+01	1.839029e+00	1.309243e-01	-1.192357e+00	-7.429609e-01	9.494177e-01	
3  344.402	6.927456e+01	1.870046e+00	1.297550e-01	-1.163337e+00	-7.440012e-01	9.235075e-01	
1  344.036	6.901457e+01	1.909805e+00	1.270954e-01	-1.127308e+00	-7.832348e-01	9.322862e-01	
1  344.35	6.946555e+01	1.948270e+00	1.274189e-01	-1.144564e+00	-7.991905e-01	9.279445e-01	
1  345.265	7.023224e+01	1.956880e+00	1.314585e-01	-1.168438e+00	-6.664853e-01	9.196286e-01	
2  344.889	7.008067e+01	1.984468e+00	1.336338e-01	-1.191283e+00	-6.059271e-01	9.251961e-01	
6  343.191	6.913784e+01	1.987310e+00	1.319465e-01	-1.117669e+00	-5.959958e-01	9.510298e-01	
2  343.829	6.830768e+01	2.009766e+00	1.350332e-01	-1.106876e+00	-5.663870e-01	9.377443e-01	
1  343.271	6.867297e+01	2.019785e+00	1.340146e-01	-1.077402e+00	-5.940559e-01	9.354254e-01	
2  345.92	7.003365e+01	1.975639e+00	1.339277e-01	-1.111088e+00	-6.827235e-01	9.304846e-01	
13  345.006	7.011232e+01	2.023170e+00	1.344199e-01	-1.170058e+00	-6.499030e-01	9.178386e-01	
2  344.719	6.985956e+01	2.000361e+00	1.334921e-01	-1.167994e+00	-7.336447e-01	9.049435e-01	
1  346.623	7.059344e+01	2.011959e+00	1.311508e-01	-1.173716e+00	-7.922983e-01	9.118176e-01	
5  354.002	7.191018e+01	2.025243e+00	1.305393e-01	-1.192795e+00	-8.096618e-01	9.033278e-01	
5  351.208	7.155141e+01	2.031213e+00	1.295395e-01	-1.192750e+00	-7.999448e-01	9.299522e-01	
1  348.294	7.055229e+01	1.998527e+00	1.302424e-01	-1.221625e+00	-8.247623e-01	9.228571e-01	
5  347.572	7.044789e+01	1.999377e+00	1.277709e-01	-1.194313e+00	-8.753465e-01	9.392899e-01	
4  346.643	7.015912e+01	2.008414e+00	1.274281e-01	-1.189006e+00	-8.044211e-01	9.527814e-01	
1  346.422	6.957262e+01	2.040111e+00	1.308064e-01	-1.168906e+00	-8.405855e-01	9.347401e-01	
3  346.25	7.004675e+01	2.016938e+00	1.337816e-01	-1.183249e+00	-8.146582e-01	9.221782e-01	
1  348.545	6.891389e+01	2.024373e+00	1.348854e-01	-1.186532e+00	-7.340878e-01	9.150639e-01	
1  345.031	6.924597e+01	2.049780e+00	1.396742e-01	-1.142673e+00	-6.825880e-01	9.241792e-01	
1  346.063	6.979291e+01	2.037685e+00	1.417434e-01	-1.111513e+00	-5.599084e-01	9.314029e-01	
